255,255,255,255,255,255,255,255,255,255,255,255,255,255,164,0,0,0,0,0,0,0,0,0,0,0,0,0,0,0,0,0,0,0,0,0,0,0,144,254,255,255,255,255,255,255,255,255,255,255,255,255,255,255,255,255,255,255,255,255,
255,255,255,255,255,255,255,255,255,255,255,255,255,255,223,5,0,0,0,0,0,0,0,0,0,0,0,0,0,0,0,0,0,0,0,0,0,19,245,255,255,255,255,255,255,255,255,255,255,255,255,255,255,255,255,255,255,255,255,255,
255,255,255,255,255,255,255,255,255,255,255,255,255,255,254,68,48,40,0,0,0,0,0,0,0,0,0,0,0,0,0,0,0,0,0,0,0,131,254,255,255,255,255,255,255,255,255,255,255,255,255,255,255,255,255,255,255,255,255,255,
255,255,255,255,255,255,255,255,255,255,255,255,255,255,255,254,254,161,0,0,0,0,0,0,0,0,0,0,0,0,0,0,0,0,0,0,17,240,255,255,255,255,255,255,255,255,255,255,255,255,255,255,255,255,255,255,255,255,255,255,
255,255,255,255,255,255,255,255,255,255,255,255,255,255,255,255,241,36,0,0,0,0,0,0,0,0,0,0,0,0,0,0,0,0,0,0,130,254,255,255,255,255,255,255,255,255,255,255,255,255,255,255,255,255,255,255,255,255,255,255,
255,255,255,255,255,255,255,255,255,255,255,255,255,255,255,255,100,0,0,0,0,0,0,0,0,0,0,0,0,0,0,0,0,0,25,86,250,255,255,255,255,255,255,255,255,255,255,255,255,255,255,255,255,255,255,255,255,255,255,255,
255,255,255,255,255,255,255,255,255,255,255,255,255,255,255,216,1,0,0,0,0,0,0,0,0,0,0,0,0,0,0,0,0,0,108,255,255,255,255,255,255,255,255,255,255,255,255,255,255,255,255,255,255,255,255,255,255,255,255,255,
255,255,255,255,255,255,255,255,255,255,255,255,255,255,255,243,84,35,0,0,0,0,0,0,0,0,0,0,0,0,0,0,0,0,110,255,255,255,255,255,255,255,255,255,255,255,255,255,255,255,255,255,255,255,255,255,255,255,255,255,
255,255,255,255,255,255,255,255,255,255,255,255,255,255,255,255,254,217,0,0,0,0,0,0,0,0,0,0,0,0,0,0,0,17,175,255,255,255,255,255,255,255,255,255,255,255,255,255,255,255,255,255,255,255,255,255,255,255,255,255,
255,255,255,255,255,255,255,255,255,255,255,255,255,255,255,255,255,252,22,0,0,0,0,0,0,0,0,0,0,0,0,0,0,94,250,255,255,255,255,255,255,255,255,255,255,255,255,255,255,255,255,255,255,255,255,255,255,255,255,255,
255,255,255,255,255,255,255,255,255,255,255,255,255,255,255,255,255,255,85,0,0,0,0,0,0,0,0,0,0,0,0,0,0,212,255,255,255,255,255,255,255,255,255,255,255,255,255,255,255,255,255,255,255,255,255,255,255,255,255,255,
255,255,255,255,255,255,255,255,255,255,255,255,255,255,255,255,255,255,108,0,0,0,0,0,0,0,0,0,0,0,0,0,0,165,255,255,255,255,255,255,255,255,255,255,255,255,255,255,255,255,255,255,255,255,255,255,255,255,255,255,
255,255,255,255,255,255,255,255,255,255,255,255,255,255,255,255,255,255,130,0,0,0,0,0,0,0,0,0,0,0,0,0,0,78,254,255,255,255,255,255,255,255,255,255,255,255,255,255,255,255,255,255,255,255,255,255,255,255,255,255,
255,255,255,255,255,255,255,255,255,255,255,255,255,255,255,255,255,255,159,1,0,0,0,0,0,0,0,0,0,0,0,0,0,53,254,255,255,255,255,255,255,255,255,255,255,255,255,255,255,255,255,255,255,255,255,255,255,255,255,255,
255,255,255,255,255,255,255,255,255,255,255,255,255,255,255,255,255,255,190,24,0,0,0,0,0,0,0,0,0,0,0,0,0,33,254,255,255,255,255,255,255,255,255,255,255,255,255,255,255,255,255,255,255,255,255,255,255,255,255,255,
255,255,255,255,255,255,255,255,255,255,255,255,255,255,255,255,255,254,223,23,0,0,0,0,0,0,0,0,0,0,0,0,0,13,249,255,255,255,255,255,255,255,255,255,255,255,255,255,255,255,255,255,255,255,255,255,255,255,255,255,
255,255,255,255,255,255,255,255,255,255,255,255,255,255,255,255,255,255,178,1,0,0,0,0,0,0,0,0,0,0,0,0,0,47,237,255,255,255,255,255,255,255,255,255,255,255,255,255,255,255,255,255,255,255,255,255,255,255,255,255,
255,255,255,255,255,255,255,255,255,255,255,255,255,255,255,255,255,249,145,1,0,0,0,0,0,0,0,0,0,0,0,0,0,104,254,255,255,255,255,255,255,255,255,255,255,255,255,255,255,255,255,255,255,255,255,255,255,255,255,255,
255,255,255,255,255,255,255,255,255,255,255,255,255,255,255,255,214,44,0,0,0,0,0,0,0,0,0,0,0,0,0,0,0,116,255,255,255,255,255,255,255,255,255,255,255,255,255,255,255,255,255,255,255,255,255,255,255,255,255,255,
255,255,255,255,255,255,255,255,255,255,255,255,255,255,255,247,32,0,0,0,0,0,0,0,0,0,0,0,0,0,0,0,0,15,234,255,255,255,255,255,255,255,255,255,255,255,255,255,255,255,255,255,255,255,255,255,255,255,255,255,
255,255,255,255,255,255,255,255,255,255,255,255,255,255,255,198,0,0,0,0,0,0,0,0,0,0,0,0,0,0,0,0,0,0,162,255,255,255,255,255,255,255,255,255,255,255,255,255,255,255,255,255,255,255,255,255,255,255,255,255,
255,255,255,255,255,255,255,255,255,255,255,255,255,255,255,176,0,0,0,0,0,0,0,0,0,0,0,0,0,0,0,0,0,0,101,254,255,255,255,255,255,255,255,255,255,255,255,255,255,255,255,255,255,255,255,255,255,255,255,255,
255,255,255,255,255,255,255,255,255,255,255,255,255,255,255,158,0,0,0,0,0,0,0,0,0,0,0,0,0,0,0,0,0,0,20,235,255,255,255,255,255,255,255,255,255,255,255,255,255,255,255,255,255,255,255,255,255,255,255,255,
255,255,255,255,255,255,255,255,255,255,255,255,255,255,254,130,0,0,0,0,0,0,0,0,0,0,0,0,0,0,0,0,0,0,0,99,211,255,255,255,255,255,255,255,255,255,255,255,255,255,255,255,255,255,255,255,255,255,255,255,
255,255,255,255,255,255,255,255,255,255,255,255,255,255,255,86,0,0,0,0,0,0,0,0,0,0,0,0,0,0,0,0,0,0,0,0,8,211,255,255,255,255,255,255,255,255,255,255,255,255,255,255,255,255,255,255,255,255,255,255,
255,255,255,255,255,255,255,255,255,255,255,255,243,119,100,17,0,0,0,0,0,0,0,0,0,0,0,0,0,0,0,0,0,0,0,0,0,177,255,255,255,255,255,255,255,255,255,255,255,255,255,255,255,255,255,255,255,255,255,255,
255,255,255,255,255,255,255,255,255,255,255,255,242,23,0,0,0,0,0,0,0,0,0,0,0,0,0,0,0,0,0,0,0,0,0,0,26,244,255,255,255,255,255,255,255,255,255,255,255,255,255,255,255,255,255,255,255,255,255,255,
255,255,255,255,255,255,255,254,255,255,255,255,255,149,0,0,0,0,0,0,0,0,0,0,0,0,0,0,0,0,0,0,0,0,0,0,31,245,255,255,255,255,255,255,255,255,255,255,255,255,255,255,255,255,255,255,255,255,255,255,
255,255,255,255,255,255,255,255,255,255,255,255,255,218,0,0,0,0,0,11,0,0,0,0,0,0,0,0,0,0,0,0,0,0,0,0,0,189,255,255,255,255,255,255,255,255,255,255,255,255,255,255,255,255,255,255,255,255,255,255,
255,255,255,255,255,255,255,255,255,255,255,255,255,172,0,0,0,0,15,120,0,0,0,0,0,0,0,0,0,0,0,0,0,0,0,0,0,122,254,255,255,255,255,255,255,255,255,255,255,255,255,255,255,255,255,255,255,255,255,255,
255,255,255,255,255,255,255,255,255,255,255,255,255,108,0,0,0,0,14,178,0,0,0,0,0,0,0,0,0,0,0,0,0,0,0,0,0,47,252,255,255,255,255,255,255,255,255,255,255,255,255,255,255,255,255,255,255,255,255,255,
255,255,255,255,255,255,255,255,255,255,255,255,254,48,0,0,0,0,14,220,0,0,0,0,0,0,0,0,0,0,0,0,0,0,0,0,0,2,216,255,255,255,255,255,255,255,255,255,255,255,255,255,255,255,255,255,255,255,255,255,
255,255,255,255,255,255,255,255,255,255,255,255,241,3,0,0,0,0,17,229,0,0,0,0,0,0,0,0,0,0,0,0,0,0,0,0,0,0,148,255,255,255,255,255,255,255,255,255,255,255,255,255,255,255,255,255,255,255,255,255,
255,255,255,255,255,255,255,255,255,255,255,255,175,0,0,0,0,0,33,226,0,0,0,0,0,0,0,0,0,0,0,0,0,0,0,0,0,0,74,255,255,255,255,255,255,255,255,255,255,255,255,255,255,255,255,255,255,255,255,255,
255,255,255,255,255,255,255,255,255,255,255,254,59,0,0,0,0,0,44,203,0,0,0,0,0,0,0,0,0,0,0,0,0,0,0,0,0,0,6,232,255,255,255,255,255,255,255,255,255,255,255,255,255,255,255,255,255,255,255,255,
255,255,255,255,255,255,255,255,255,255,255,196,0,0,0,0,0,0,63,173,0,0,0,0,0,0,0,0,0,0,0,0,0,0,0,0,0,0,0,131,255,255,255,255,255,255,255,255,255,255,255,255,255,255,255,255,255,255,255,255,
255,255,255,255,255,255,255,255,255,255,254,75,0,0,0,0,0,0,85,141,0,0,0,0,0,0,0,0,0,0,0,0,0,0,0,0,0,0,0,25,249,255,255,255,255,255,255,255,255,255,255,255,255,255,255,255,255,255,255,255,
255,255,255,255,255,255,255,255,255,255,211,1,0,0,0,0,0,0,108,113,0,0,0,0,0,0,0,0,0,0,0,0,0,0,0,0,0,0,0,0,159,255,255,255,255,255,255,255,255,255,255,255,255,255,255,255,255,255,255,255,
255,255,255,255,255,255,255,255,255,255,93,0,0,0,0,0,0,0,132,85,0,0,0,0,0,0,0,0,0,0,0,0,0,0,0,0,0,0,0,0,45,253,255,255,255,255,255,255,255,255,255,255,255,255,255,255,255,255,255,255,
255,255,255,255,255,255,255,255,255,220,4,0,0,0,0,0,0,0,164,63,0,0,0,0,0,0,0,0,0,0,0,0,0,0,0,0,0,0,0,0,0,197,255,255,255,255,255,255,255,255,255,255,255,255,255,255,255,255,255,255,
255,255,255,255,255,255,255,255,255,105,0,0,0,0,0,0,0,0,115,0,0,0,0,0,0,0,0,0,0,0,0,0,0,0,0,0,0,0,0,0,44,248,255,255,255,255,255,255,255,255,255,255,255,255,255,255,255,255,255,255,
255,255,255,255,255,255,255,255,228,7,0,0,0,0,0,0,0,0,8,0,0,0,0,0,0,0,0,0,0,0,0,0,0,0,0,0,0,0,0,0,116,255,255,255,255,255,255,255,255,255,255,255,255,255,255,255,255,255,255,255,
255,255,255,255,255,255,255,255,118,0,0,0,0,0,0,0,0,0,0,0,0,0,0,0,0,0,0,0,0,0,0,0,0,0,0,0,0,0,0,0,34,251,255,255,255,255,255,255,255,255,255,255,255,255,255,255,255,255,255,255,
255,255,255,255,255,255,255,235,13,0,0,0,0,0,0,0,0,0,0,0,0,0,0,0,0,0,0,0,0,0,0,0,0,0,0,0,0,0,0,0,0,165,255,255,255,255,255,255,255,255,255,255,255,255,255,255,255,255,255,255,
255,255,255,255,255,255,255,244,107,1,0,0,0,0,0,0,0,0,0,0,0,0,0,0,0,0,0,0,0,0,0,0,0,0,0,0,0,0,0,0,0,66,254,255,255,255,255,255,255,255,255,255,255,255,255,255,255,255,255,255,
