255,255,255,255,255,255,255,255,255,255,255,255,255,255,255,237,6,0,0,0,0,0,0,0,0,0,0,0,0,0,0,0,0,0,0,0,0,0,184,255,255,255,255,255,255,255,255,255,255,255,255,255,255,255,255,255,255,255,255,255,
255,255,255,255,255,255,255,255,255,255,255,255,255,255,255,253,49,0,0,0,0,0,0,0,0,0,0,0,0,0,0,0,0,0,0,0,0,28,251,255,255,255,255,255,255,255,255,255,255,255,255,255,255,255,255,255,255,255,255,255,
255,255,255,255,255,255,255,255,255,255,255,255,255,255,255,255,97,0,0,0,0,0,0,0,0,0,0,0,0,0,0,0,0,0,0,0,0,97,255,255,255,255,255,255,255,255,255,255,255,255,255,255,255,255,255,255,255,255,255,255,
255,255,255,255,255,255,255,255,255,255,255,255,255,255,255,255,161,1,0,0,0,0,0,0,0,0,0,0,0,0,0,0,0,0,0,0,0,164,255,255,255,255,255,255,255,255,255,255,255,255,255,255,255,255,255,255,255,255,255,255,
255,255,255,255,255,255,255,255,255,255,255,255,255,255,255,255,241,18,0,0,0,0,0,0,0,0,0,0,0,0,0,0,0,0,0,0,14,233,255,255,255,255,255,255,255,255,255,255,255,255,255,255,255,255,255,255,255,255,255,255,
255,255,255,255,255,255,255,255,255,255,255,255,255,255,255,255,254,186,160,55,0,0,0,0,0,0,0,0,0,0,0,0,0,0,0,0,114,254,255,255,255,255,255,255,255,255,255,255,255,255,255,255,255,255,255,255,255,255,255,255,
255,255,255,255,255,255,255,255,255,255,255,255,255,255,255,255,255,255,254,42,0,0,0,0,0,0,0,0,0,0,0,0,0,0,147,172,242,255,255,255,255,255,255,255,255,255,255,255,255,255,255,255,255,255,255,255,255,255,255,255,
255,255,255,255,255,255,255,255,255,255,255,255,255,255,255,255,255,255,215,8,0,0,0,0,0,0,0,0,0,0,0,0,0,0,137,255,255,255,255,255,255,255,255,255,255,255,255,255,255,255,255,255,255,255,255,255,255,255,255,255,
255,255,255,255,255,255,255,255,255,255,255,255,255,255,255,255,255,254,116,0,0,0,0,0,0,0,0,0,0,0,0,0,0,0,155,255,255,255,255,255,255,255,255,255,255,255,255,255,255,255,255,255,255,255,255,255,255,255,255,255,
255,255,255,255,255,255,255,255,255,255,255,255,255,255,255,255,255,254,178,0,0,0,0,0,0,0,0,0,0,0,0,0,0,0,178,255,255,255,255,255,255,255,255,255,255,255,255,255,255,255,255,255,255,255,255,255,255,255,255,255,
255,255,255,255,255,255,255,255,255,255,255,255,255,255,255,255,255,255,191,0,0,0,0,0,0,0,0,0,0,0,0,0,0,57,236,255,255,255,255,255,255,255,255,255,255,255,255,255,255,255,255,255,255,255,255,255,255,255,255,255,
255,255,255,255,255,255,255,255,255,255,255,255,255,255,255,255,255,255,147,0,0,0,0,0,0,0,0,0,0,0,0,0,9,203,255,255,255,255,255,255,255,255,255,255,255,255,255,255,255,255,255,255,255,255,255,255,255,255,255,255,
255,255,255,255,255,255,255,255,255,255,255,255,255,255,255,255,255,255,105,0,0,0,0,0,0,0,0,0,0,0,0,2,75,254,255,255,255,255,255,255,255,255,255,255,255,255,255,255,255,255,255,255,255,255,255,255,255,255,255,255,
255,255,255,255,255,255,255,255,255,255,255,255,255,255,255,255,255,255,94,0,0,0,0,0,0,0,0,0,0,0,0,4,205,255,255,255,255,255,255,255,255,255,255,255,255,255,255,255,255,255,255,255,255,255,255,255,255,255,255,255,
255,255,255,255,255,255,255,255,255,255,255,255,255,255,255,255,255,250,134,0,0,0,0,0,0,0,0,0,0,0,0,67,255,255,255,255,255,255,255,255,255,255,255,255,255,255,255,255,255,255,255,255,255,255,255,255,255,255,255,255,
255,255,255,255,255,255,255,255,255,255,255,255,255,255,255,255,255,251,157,0,0,0,0,0,0,0,0,0,0,0,0,88,246,255,255,255,255,255,255,255,255,255,255,255,255,255,255,255,255,255,255,255,255,255,255,255,255,255,255,255,
255,255,255,255,255,255,255,255,255,255,255,255,255,255,255,255,255,255,148,0,0,0,0,0,0,0,0,0,0,0,0,0,81,255,255,255,255,255,255,255,255,255,255,255,255,255,255,255,255,255,255,255,255,255,255,255,255,255,255,255,
255,255,255,255,255,255,255,255,255,255,255,255,255,255,255,255,255,255,200,1,0,0,0,0,0,0,0,0,0,0,0,0,79,229,255,255,255,255,255,255,255,255,255,255,255,255,255,255,255,255,255,255,255,255,255,255,255,255,255,255,
255,255,255,255,255,255,255,255,255,255,255,255,255,255,255,255,255,255,239,30,0,0,0,0,0,0,0,0,0,0,0,0,0,17,193,255,255,255,255,255,255,255,255,255,255,255,255,255,255,255,255,255,255,255,255,255,255,255,255,255,
255,255,255,255,255,255,255,255,255,255,255,255,255,255,255,255,254,254,119,0,0,0,0,0,0,0,0,0,0,0,0,0,0,0,21,243,255,255,255,255,255,255,255,255,255,255,255,255,255,255,255,255,255,255,255,255,255,255,255,255,
255,255,255,255,255,255,255,255,255,255,255,255,255,255,255,255,255,241,12,0,0,0,0,0,0,0,0,0,0,0,0,0,0,0,0,178,255,255,255,255,255,255,255,255,255,255,255,255,255,255,255,255,255,255,255,255,255,255,255,255,
255,255,255,255,255,255,255,255,255,255,255,255,255,255,255,255,255,226,3,0,0,0,0,0,0,0,0,0,0,0,0,0,0,0,0,147,255,255,255,255,255,255,255,255,255,255,255,255,255,255,255,255,255,255,255,255,255,255,255,255,
255,255,255,255,255,255,255,255,255,255,255,255,255,255,255,255,255,215,0,0,0,0,0,0,0,0,0,0,0,0,0,0,0,0,0,119,254,255,255,255,255,255,255,255,255,255,255,255,255,255,255,255,255,255,255,255,255,255,255,255,
255,255,255,255,255,255,255,255,255,255,255,255,255,255,255,255,255,199,0,0,0,0,0,0,0,0,0,0,0,0,0,0,0,0,0,36,136,228,255,255,255,255,255,255,255,255,255,255,255,255,255,255,255,255,255,255,255,255,255,255,
255,255,255,255,255,255,255,255,255,255,255,255,255,255,255,255,254,170,0,0,0,0,0,0,0,0,0,0,0,0,0,0,0,0,0,0,0,56,254,255,255,255,255,255,255,255,255,255,255,255,255,255,255,255,255,255,255,255,255,255,
255,255,255,255,255,255,255,255,255,255,255,255,255,255,255,181,28,4,0,0,0,2,0,0,0,0,0,0,0,0,0,0,0,0,0,0,0,78,254,255,255,255,255,255,255,255,255,255,255,255,255,255,255,255,255,255,255,255,255,255,
255,255,255,255,255,255,255,255,255,255,255,255,255,255,255,199,8,0,0,0,0,0,0,0,0,0,0,0,0,0,0,0,0,0,0,0,4,223,255,255,255,255,255,255,255,255,255,255,255,255,255,255,255,255,255,255,255,255,255,255,
255,255,255,255,255,255,255,254,255,255,255,255,255,255,255,254,107,0,0,0,0,16,0,0,0,0,0,0,0,0,0,0,0,0,0,0,0,200,255,255,255,255,255,255,255,255,255,255,255,255,255,255,255,255,255,255,255,255,255,255,
255,255,255,255,255,255,255,255,255,255,255,255,255,255,255,255,131,0,0,0,0,155,13,0,0,0,0,0,0,0,0,0,0,0,0,0,0,117,255,255,255,255,255,255,255,255,255,255,255,255,255,255,255,255,255,255,255,255,255,255,
255,255,255,255,255,255,255,255,255,255,255,255,255,255,255,255,86,0,0,0,0,171,69,0,0,0,0,0,0,0,0,0,0,0,0,0,0,45,254,255,255,255,255,255,255,255,255,255,255,255,255,255,255,255,255,255,255,255,255,255,
255,255,255,255,255,255,255,255,255,255,255,255,255,255,255,254,39,0,0,0,0,160,130,0,0,0,0,0,0,0,0,0,0,0,0,0,0,0,204,255,255,255,255,255,255,255,255,255,255,255,255,255,255,255,255,255,255,255,255,255,
255,255,255,255,255,254,255,255,255,255,255,255,255,255,255,243,8,0,0,0,0,161,175,0,0,0,0,0,0,0,0,0,0,0,0,0,0,0,100,255,255,255,255,255,255,255,255,255,255,255,255,255,255,255,255,255,255,255,255,255,
255,255,255,255,255,255,255,255,255,255,255,255,255,255,255,184,0,0,0,0,0,161,181,0,0,0,0,0,0,0,0,0,0,0,0,0,0,0,11,241,255,255,255,255,255,255,255,255,255,255,255,255,255,255,255,255,255,255,255,255,
255,255,255,255,255,255,255,255,255,255,255,255,255,255,254,64,0,0,0,0,0,174,161,0,0,0,0,0,0,0,0,0,0,0,0,0,0,0,0,147,255,255,255,255,255,255,255,255,255,255,255,255,255,255,255,255,255,255,255,255,
255,255,255,255,255,255,255,255,255,255,255,255,255,255,196,0,0,0,0,0,0,187,144,0,0,0,0,0,0,0,0,0,0,0,0,0,0,0,0,36,252,255,255,255,255,255,255,255,255,255,255,255,255,255,255,255,255,255,255,255,
255,255,255,255,255,255,255,255,255,255,255,255,255,254,79,0,0,0,0,0,0,178,123,0,0,0,0,0,0,0,0,0,0,0,0,0,0,0,0,0,173,255,255,255,255,255,255,255,255,255,255,255,255,255,255,255,255,255,255,255,
255,255,255,255,255,255,255,255,255,255,255,255,255,208,2,0,0,0,0,0,0,140,120,0,0,0,0,0,0,0,0,0,0,0,0,0,0,0,0,0,53,254,255,255,255,255,255,255,255,255,255,255,255,255,255,255,255,255,255,255,
255,255,255,255,255,255,255,255,255,255,255,255,254,86,0,0,0,0,0,0,0,97,101,0,0,0,0,0,0,0,0,0,0,0,0,0,0,0,0,0,0,190,255,255,255,255,255,255,255,255,255,255,255,255,255,255,255,255,255,255,
255,255,255,255,255,255,255,255,255,255,255,255,217,5,0,0,0,0,0,0,0,47,39,0,0,0,0,0,0,0,0,0,0,0,0,0,0,0,0,0,0,164,255,255,255,255,255,255,255,255,255,255,255,255,255,255,255,255,255,255,
255,255,255,255,255,255,255,255,255,255,255,254,97,0,0,0,0,0,0,0,0,0,0,0,0,0,0,0,0,0,0,0,0,0,0,0,0,0,0,0,12,244,255,255,255,255,255,255,255,255,255,255,255,255,255,255,255,255,255,255,
255,255,255,255,255,255,255,255,255,255,255,221,9,0,0,0,0,0,0,0,60,0,0,0,0,0,0,0,0,0,0,0,0,0,0,0,0,0,0,0,51,254,255,255,255,255,255,255,255,255,255,255,255,255,255,255,255,255,255,255,
255,255,255,255,255,255,255,255,255,255,255,172,5,0,0,0,0,0,0,0,104,0,0,0,0,0,0,0,0,0,0,0,0,0,0,0,0,0,0,0,2,233,255,255,255,255,255,255,255,255,255,255,255,255,255,255,255,255,255,255,
255,255,255,255,255,255,255,255,255,255,255,253,122,0,0,0,0,0,0,17,74,0,0,0,0,0,0,0,0,0,0,0,0,0,0,0,0,0,0,0,0,164,255,255,255,255,255,255,255,255,255,255,255,255,255,255,255,255,255,255,
255,255,255,255,255,255,255,255,255,255,255,255,104,0,0,0,0,0,0,79,21,0,0,0,0,0,0,0,0,0,0,0,0,0,0,0,0,0,0,0,0,151,255,255,255,255,255,255,255,255,255,255,255,255,255,255,255,255,255,255,
255,255,255,255,255,255,255,255,255,255,255,252,41,0,0,0,0,0,0,118,0,0,0,0,0,0,0,0,0,0,0,0,0,0,0,0,0,0,0,2,72,242,255,255,255,255,255,255,255,255,255,255,255,255,255,255,255,255,255,255,
