255,255,255,255,255,255,255,255,255,255,255,255,255,255,255,255,255,255,255,255,255,255,255,255,255,255,255,255,255,255,255,255,255,255,255,255,255,255,255,255,255,255,255,254,255,255,255,255,255,255,255,254,255,255,255,255,255,255,255,255,
255,255,255,255,255,255,255,255,255,255,255,255,255,255,255,255,255,255,255,255,255,255,255,255,255,255,255,255,255,255,255,255,255,255,255,255,255,255,255,255,255,255,255,255,255,255,255,255,255,255,255,254,255,255,255,255,255,255,255,255,
255,255,255,255,255,255,255,255,255,255,255,255,255,255,255,255,255,255,255,255,255,255,255,255,255,255,255,255,255,255,255,255,255,255,254,255,254,255,255,255,255,255,255,255,255,255,255,255,254,255,254,255,255,255,255,255,255,255,255,255,
255,255,255,255,255,255,255,255,255,255,255,255,255,255,255,255,255,255,255,255,255,255,255,255,255,255,255,255,255,255,255,255,254,255,255,255,255,255,255,255,255,255,255,255,255,255,255,255,254,255,255,255,255,255,255,255,255,255,255,255,
255,255,255,255,255,255,255,255,255,255,255,255,255,255,255,255,255,255,255,255,255,255,255,255,255,254,255,255,254,255,255,255,255,255,255,255,255,255,255,254,255,255,255,255,255,255,255,255,255,255,255,255,255,255,255,255,255,255,255,255,
255,255,255,255,255,255,255,255,255,255,255,255,255,255,255,255,255,255,255,255,255,255,255,255,255,249,181,133,140,177,208,237,253,255,255,255,255,255,255,255,255,255,255,255,255,255,255,255,255,255,255,255,255,255,255,255,255,255,255,255,
255,255,255,255,255,255,255,255,255,255,255,255,255,255,255,255,255,255,255,255,255,255,255,255,218,38,0,0,0,0,0,0,19,89,212,255,255,255,255,255,255,255,255,255,255,255,255,255,255,255,255,255,255,255,254,255,255,255,255,255,
255,255,255,255,255,255,255,255,255,255,255,255,255,255,255,255,255,255,255,255,255,255,255,240,32,0,0,0,0,0,0,0,0,0,10,185,255,247,144,141,255,255,255,255,255,255,254,255,255,255,255,255,255,255,255,255,255,255,255,255,
255,255,255,255,255,255,255,255,255,255,255,255,255,255,255,255,255,255,255,255,255,255,255,133,0,0,0,0,0,0,0,0,0,0,0,24,178,42,0,110,255,255,255,255,255,255,255,255,255,255,255,255,255,255,255,255,255,255,255,255,
255,255,255,255,255,255,255,255,255,255,255,255,255,255,255,255,255,255,255,255,255,255,254,47,0,0,0,0,0,0,0,0,0,0,0,0,0,0,0,78,254,255,255,255,255,255,255,255,255,255,254,255,255,255,255,255,255,255,255,255,
255,255,255,255,255,255,255,255,255,255,255,255,255,255,255,255,255,255,255,255,255,255,247,3,0,0,0,0,0,0,0,0,0,0,0,0,0,0,0,11,242,255,255,255,255,255,255,255,255,255,255,255,255,255,255,255,255,255,255,255,
255,255,255,255,255,255,255,255,255,255,255,255,255,255,255,255,255,255,255,255,255,255,250,8,0,0,0,0,0,0,0,0,0,0,0,0,0,0,0,0,149,255,255,255,255,255,255,255,255,255,255,255,255,255,255,255,255,255,255,255,
255,255,255,255,255,255,255,255,255,255,255,255,255,255,255,255,255,255,255,255,254,247,164,3,0,0,0,0,0,0,0,0,0,0,0,0,0,0,6,46,34,237,255,255,255,255,255,255,255,255,255,255,255,255,255,255,255,255,255,255,
255,255,255,255,255,255,255,255,255,255,255,255,255,255,255,255,255,255,255,255,235,35,0,0,0,0,0,0,0,0,0,0,0,0,0,0,0,0,42,254,254,255,255,255,255,255,255,255,255,255,255,255,255,255,255,255,255,255,255,255,
255,255,255,255,255,255,255,255,255,255,255,255,255,255,255,255,255,255,255,255,157,0,0,0,0,0,0,0,0,0,0,0,0,0,0,0,11,55,64,254,255,255,255,255,255,255,255,255,255,255,255,255,255,255,255,255,255,255,255,255,
255,255,255,255,255,255,255,255,255,255,255,255,255,255,255,255,255,255,255,255,254,122,13,0,0,0,0,0,0,0,0,0,0,0,0,0,0,132,201,255,255,255,255,255,255,255,255,255,255,255,255,255,255,255,255,255,255,255,255,255,
255,255,255,255,255,255,255,255,255,255,255,255,255,255,255,255,255,255,255,255,255,254,223,10,0,0,0,0,0,0,0,0,0,0,0,0,63,52,254,255,255,255,255,255,255,255,255,255,255,255,255,255,255,255,255,255,255,255,255,255,
255,255,255,255,255,255,255,255,255,255,255,255,255,255,255,255,255,255,255,255,255,255,244,11,0,0,0,0,0,0,0,0,0,0,0,12,215,241,254,255,255,255,255,255,255,255,255,255,255,255,255,255,255,255,255,255,255,255,255,255,
255,255,255,255,255,255,255,255,255,255,255,255,255,255,255,255,255,255,255,255,255,253,106,0,0,0,0,0,0,0,0,0,0,0,0,142,246,255,255,255,255,255,255,255,255,255,255,255,255,255,255,255,255,255,255,255,255,255,255,255,
255,255,255,255,255,255,255,255,255,255,255,255,255,255,255,255,255,255,255,255,255,250,127,18,8,0,0,0,0,0,0,0,0,0,0,37,214,255,255,255,255,255,255,255,255,255,255,255,255,255,255,255,255,255,255,255,255,255,255,255,
255,255,255,255,255,255,255,255,255,255,255,255,255,255,255,255,255,255,255,255,255,254,211,177,105,0,3,1,0,0,0,5,0,0,51,145,254,255,255,255,255,255,255,255,255,255,255,255,255,255,255,255,255,255,255,255,255,255,255,255,
255,255,255,247,155,254,255,255,255,255,255,255,255,255,255,255,255,255,255,255,255,255,255,255,235,117,103,9,0,0,1,105,102,101,217,238,254,255,255,255,255,255,255,255,255,255,255,255,255,255,255,255,255,255,255,255,255,255,255,255,
255,255,254,101,39,230,254,255,255,255,255,255,255,255,255,255,255,255,255,255,255,255,255,254,231,199,139,4,0,0,9,187,250,244,252,255,255,255,255,255,255,255,255,255,255,255,255,255,255,255,255,255,255,255,255,255,255,255,255,255,
255,255,146,0,0,8,100,219,255,255,255,255,255,255,255,255,255,255,255,255,255,249,113,24,0,0,0,0,0,0,0,0,41,111,185,254,255,255,255,255,255,255,255,255,255,255,255,255,255,254,255,255,255,255,255,255,255,255,255,255,
254,180,4,0,0,0,0,7,141,253,255,255,255,255,255,255,255,255,255,255,255,149,0,0,0,0,0,0,0,0,0,0,0,0,0,80,250,255,255,255,255,255,255,255,255,255,255,255,254,82,245,255,255,255,255,255,255,255,255,255,
193,12,0,0,0,0,0,0,0,83,241,255,255,255,255,255,255,255,255,255,252,33,0,0,0,0,0,0,0,0,0,0,0,0,0,0,118,254,255,255,255,255,255,255,255,255,230,148,67,0,125,255,255,255,255,255,255,255,255,255,
12,0,0,0,0,0,0,0,0,0,38,193,254,255,255,255,255,255,255,255,192,0,0,0,0,0,0,0,0,0,0,0,0,0,0,0,3,207,255,255,255,255,255,254,229,95,4,0,0,0,7,213,255,255,255,255,255,255,255,255,
0,0,0,0,0,0,0,0,0,0,0,0,74,148,193,197,176,168,249,248,100,0,0,0,0,0,0,0,0,0,0,0,0,0,0,0,0,84,255,255,255,255,245,135,12,0,0,0,0,0,0,53,250,255,255,255,255,255,255,255,
0,0,0,0,0,0,0,0,0,0,0,0,0,0,0,0,0,0,64,16,0,0,0,0,0,0,0,0,0,0,0,0,0,0,0,0,0,11,134,172,162,106,21,0,0,0,0,0,0,0,0,0,113,254,255,255,255,255,255,255,
0,0,0,0,0,0,0,0,0,0,0,0,0,0,0,0,0,0,0,12,75,25,0,0,0,0,0,0,0,0,0,0,0,0,0,0,0,0,0,0,0,0,0,0,0,0,0,0,0,0,0,0,0,159,255,255,255,255,255,255,
0,56,182,21,144,130,13,0,0,0,0,0,0,0,0,0,0,24,145,242,254,95,0,0,0,0,0,0,0,0,0,0,0,0,0,0,0,0,0,0,0,0,0,0,0,0,0,0,0,0,0,0,0,6,182,255,255,255,255,255,
11,222,254,156,243,255,216,25,0,51,115,69,0,0,0,3,115,242,255,255,254,110,0,0,0,0,0,0,0,0,0,0,0,0,0,0,0,0,0,0,0,0,0,0,0,0,0,0,0,0,0,0,0,0,8,182,255,255,255,255,
134,254,255,255,254,255,255,160,184,254,255,254,160,3,36,199,254,255,255,255,255,252,31,0,0,0,0,0,0,0,0,0,0,0,0,0,15,137,2,0,0,46,63,2,0,0,18,78,68,38,95,0,0,0,0,8,165,255,255,255,
247,255,255,255,255,255,255,254,255,255,255,255,254,206,243,255,255,255,255,255,255,255,37,0,0,0,0,0,0,0,0,0,0,67,0,0,0,204,170,33,174,254,254,204,39,109,247,254,193,223,254,81,0,0,0,0,2,142,254,255,
255,255,255,255,255,255,255,255,255,255,255,255,255,255,255,255,255,255,255,255,255,254,38,0,0,0,0,0,0,0,0,0,0,102,3,0,0,146,254,254,255,255,255,255,238,241,255,255,254,255,255,206,0,0,0,0,0,0,110,252,
255,255,255,255,255,255,255,255,255,255,255,255,255,255,255,255,255,255,255,255,255,254,9,0,0,0,0,0,0,0,0,0,0,125,45,0,0,105,254,255,255,255,255,255,255,255,255,255,255,255,255,254,106,89,149,184,143,67,4,79,
255,255,255,255,255,255,255,255,255,255,255,255,255,255,255,255,255,255,255,255,255,254,41,0,0,0,0,0,0,0,0,0,0,150,108,0,0,106,255,255,255,255,255,255,255,255,255,255,255,255,255,255,255,255,255,255,255,254,235,159,
255,255,255,255,255,255,255,255,255,255,255,255,255,255,255,255,255,255,255,255,255,255,236,37,0,0,0,0,0,0,0,0,0,155,212,62,95,233,255,255,255,255,255,255,255,255,255,255,255,255,255,255,255,255,255,255,255,255,255,255,
255,255,255,255,255,255,255,255,255,255,255,255,255,255,255,255,255,255,255,255,255,255,254,31,0,0,0,0,0,0,0,0,0,134,255,254,255,255,255,255,255,255,255,255,255,255,255,255,255,255,255,255,255,255,255,255,255,255,255,255,
255,255,255,255,255,255,255,255,255,255,255,255,255,255,255,255,255,255,255,255,255,213,123,1,0,0,0,0,0,0,0,0,0,82,254,255,255,255,255,255,255,255,255,255,255,255,255,255,255,255,255,255,255,255,255,255,255,255,255,255,
255,255,255,255,255,255,255,255,255,255,255,255,255,255,255,255,255,255,255,255,255,172,7,0,0,0,0,0,0,0,0,0,0,16,211,255,255,255,255,255,255,255,255,255,255,255,255,255,255,255,255,255,255,255,255,255,255,255,255,255,
255,255,255,255,255,255,255,255,255,255,255,255,255,255,255,255,255,255,255,255,255,254,83,0,0,0,0,0,0,0,0,0,0,0,116,255,255,255,255,255,255,255,255,255,255,255,255,255,255,255,255,255,255,255,255,255,255,255,255,255,
255,255,255,255,255,255,255,255,255,255,255,255,255,255,255,255,255,255,255,255,255,238,25,0,0,0,0,0,0,0,0,0,0,0,178,255,255,255,255,255,255,255,255,255,255,255,255,255,255,255,255,255,255,255,255,255,255,255,255,255,
255,255,255,255,255,255,255,255,255,255,255,255,255,255,255,255,255,255,255,255,255,100,0,0,0,0,0,0,0,0,0,0,0,0,179,255,255,255,255,255,255,255,255,255,255,255,255,255,255,255,255,255,255,255,255,255,255,255,255,255,
255,255,255,255,255,255,255,255,255,255,255,255,255,255,255,255,255,255,255,255,208,3,0,0,0,0,0,0,0,0,0,0,0,0,98,254,255,255,255,255,255,255,255,255,255,255,255,255,255,255,255,255,255,255,255,255,255,255,255,255,
