255,255,255,255,255,255,255,255,255,255,255,255,255,255,255,255,255,255,255,255,255,255,255,255,255,255,255,255,255,255,255,255,255,255,255,255,255,255,255,255,255,255,255,255,255,255,254,247,214,208,121,4,0,0,0,0,0,0,0,0,
255,255,255,255,255,255,255,255,255,255,255,255,255,255,255,255,255,255,255,255,255,255,255,255,255,255,255,255,255,255,255,255,255,255,255,255,255,255,255,255,255,255,255,255,233,138,55,6,0,0,0,0,0,0,0,0,0,0,0,0,
255,255,255,255,255,255,255,255,255,255,255,255,255,255,255,255,255,255,255,255,255,255,255,255,255,255,255,255,255,255,255,255,255,255,255,255,255,255,255,255,255,255,234,108,7,0,0,0,0,0,0,0,0,0,0,0,0,0,0,0,
255,255,255,255,255,255,255,255,255,255,255,255,255,255,255,255,255,255,255,255,255,255,255,255,255,255,255,255,255,255,255,255,255,255,255,255,255,255,255,255,254,179,23,0,0,0,0,0,0,0,0,0,0,0,0,0,0,0,0,0,
255,255,255,255,255,255,255,255,255,255,255,255,255,255,255,255,255,255,255,255,255,255,255,255,255,255,255,255,255,255,255,255,255,255,255,255,255,255,255,255,157,5,0,0,0,0,0,0,0,0,0,0,0,0,0,0,0,0,20,51,
255,255,255,255,255,255,255,255,255,255,255,255,255,255,255,255,255,255,255,255,255,255,255,255,255,255,255,255,255,255,255,255,255,255,255,255,255,255,255,197,6,0,0,0,0,0,0,0,0,0,0,0,0,0,0,0,0,0,33,75,
255,255,255,255,255,255,255,255,255,255,255,255,255,255,255,255,255,255,255,255,255,255,255,255,255,255,255,255,255,255,255,255,255,255,255,255,255,255,251,52,0,0,0,0,0,0,0,0,0,0,0,0,0,0,0,0,0,0,0,0,
255,255,255,255,255,255,255,255,255,255,255,255,255,255,255,255,255,255,255,255,255,255,255,255,255,255,255,255,255,255,255,255,255,255,255,255,255,255,200,1,0,0,0,0,0,0,0,0,0,0,0,0,0,0,0,0,0,0,0,0,
255,255,255,255,255,255,255,255,255,255,255,255,255,255,255,255,255,255,255,255,255,255,255,255,255,255,255,255,255,255,255,255,255,255,255,255,255,255,155,0,0,0,0,0,0,0,0,0,0,0,0,0,0,0,0,0,0,0,0,0,
255,255,255,255,255,255,255,255,255,255,255,255,255,255,255,255,255,255,255,255,255,255,254,255,255,255,255,255,255,255,255,255,255,255,255,255,254,229,33,0,0,0,0,0,0,0,0,0,0,0,0,0,0,0,0,0,0,0,0,0,
255,255,255,255,255,255,255,255,255,255,255,255,255,255,255,255,255,255,255,255,255,255,255,255,255,255,255,255,255,255,255,255,255,255,254,246,142,17,0,0,0,0,0,0,0,0,0,0,0,0,0,0,0,0,0,0,0,0,0,0,
255,255,255,255,255,255,255,255,255,255,255,255,255,255,255,255,255,255,255,255,255,255,255,255,255,255,255,255,255,255,255,255,251,118,71,26,0,0,0,0,0,0,0,0,0,0,0,0,0,0,0,0,0,0,0,0,0,0,0,0,
255,255,255,255,255,255,255,255,255,255,255,255,255,255,255,255,255,255,255,255,255,255,255,255,255,255,255,255,255,255,255,255,200,0,0,0,0,0,0,0,0,0,0,0,0,0,0,0,0,0,0,0,0,0,0,0,0,0,0,0,
255,255,255,255,255,255,255,255,255,255,255,255,255,255,255,255,255,255,255,255,255,255,255,255,255,255,255,255,255,255,255,255,216,76,0,0,0,0,0,0,0,0,0,0,0,0,0,0,0,0,0,0,0,0,0,0,0,0,0,16,
255,255,255,255,255,255,255,255,255,255,255,255,255,255,255,255,255,255,255,255,255,255,255,255,255,255,255,255,255,255,255,255,255,228,16,2,24,0,0,0,0,0,0,0,0,0,0,0,0,0,0,0,0,0,0,0,0,0,0,131,
255,255,255,255,255,255,255,255,255,255,255,255,255,255,255,255,255,255,255,255,255,255,255,255,255,255,255,255,255,255,255,255,255,255,239,232,198,0,0,0,0,0,0,0,0,0,0,0,0,0,0,0,0,0,0,0,0,0,0,201,
255,255,255,255,255,255,255,255,255,255,255,255,255,255,255,255,255,255,255,255,255,255,255,255,255,255,255,255,255,255,255,255,255,255,255,255,247,75,2,4,0,0,0,0,0,0,0,0,0,0,0,0,0,0,0,0,0,0,0,107,
255,255,255,255,255,255,255,255,255,255,255,255,255,255,255,255,255,255,255,255,255,255,255,255,255,255,255,255,255,255,255,255,255,255,255,255,255,246,119,104,13,0,0,0,0,0,0,0,0,0,0,0,0,0,0,0,0,0,0,3,
255,255,255,255,255,255,255,255,255,255,255,255,255,255,255,255,255,255,255,255,255,255,255,255,255,255,255,255,255,255,255,255,255,255,255,255,255,255,254,249,51,0,0,0,0,0,0,0,0,0,0,0,0,0,0,0,0,0,0,0,
255,255,255,255,255,255,255,255,255,255,255,255,255,255,255,255,255,255,255,255,255,255,255,255,255,255,255,255,255,255,255,255,255,255,255,255,255,255,255,124,0,0,0,0,0,0,0,0,0,0,0,0,0,0,0,0,0,0,0,0,
255,255,255,255,255,255,255,255,255,255,255,255,255,255,255,255,255,255,255,255,255,255,255,255,255,255,255,255,255,255,255,255,255,255,255,255,255,255,255,247,96,0,0,0,0,0,0,0,0,0,0,0,0,0,0,0,0,0,0,122,
255,255,255,255,255,255,255,255,255,255,255,255,255,255,255,255,255,255,255,255,255,255,255,255,255,255,255,255,255,255,255,255,255,255,255,255,255,255,255,255,219,16,0,0,0,0,0,0,0,0,0,0,0,0,0,0,0,0,0,99,
255,255,255,255,255,255,255,255,255,255,255,255,255,255,255,255,255,255,255,255,255,255,255,255,255,255,255,255,255,255,255,255,255,255,255,255,255,255,255,255,255,178,1,0,0,0,0,0,0,0,0,0,0,0,0,0,0,0,42,4,
255,255,255,255,255,255,255,255,255,255,255,255,255,255,255,255,255,255,255,255,255,255,255,255,255,255,255,255,255,255,255,255,255,255,255,255,255,255,255,255,255,228,65,19,67,90,35,0,0,0,0,0,0,0,0,0,77,49,204,144,
255,255,255,255,255,255,255,255,255,255,255,255,255,255,224,198,186,182,136,126,127,135,185,241,254,255,255,255,255,255,255,255,255,255,255,255,255,255,255,255,255,247,253,199,223,228,89,0,0,0,0,0,0,0,120,1,230,248,255,137,
255,255,255,255,255,255,255,255,255,255,255,255,255,254,66,0,0,0,0,0,0,0,0,4,51,123,198,254,255,255,255,255,255,255,255,255,255,255,255,255,255,255,255,255,255,197,12,0,0,0,0,0,83,38,192,166,229,255,255,105,
255,255,255,255,255,255,255,255,255,255,255,255,255,255,136,0,0,0,0,0,0,0,0,0,0,0,0,99,254,255,255,255,255,255,255,255,255,255,255,255,255,255,255,255,238,103,0,0,0,0,0,0,199,218,235,255,255,255,249,34,
255,255,255,255,255,255,255,255,255,255,255,255,255,255,248,86,0,0,0,0,0,0,0,0,0,0,0,0,145,254,255,255,255,255,255,255,255,255,255,255,255,255,254,201,38,0,0,0,0,0,0,0,99,255,255,255,255,255,208,2,
255,255,255,255,255,255,255,255,255,255,255,255,255,255,255,253,66,0,0,0,0,0,0,0,0,0,0,0,6,195,255,255,255,255,255,255,255,255,255,210,133,87,74,19,0,0,0,0,0,0,0,0,18,245,255,255,255,255,148,0,
255,255,255,255,255,255,255,255,255,255,255,255,255,255,255,255,150,0,0,0,0,0,0,0,0,0,0,0,0,25,230,255,255,255,255,255,255,255,254,78,0,0,0,0,0,0,0,0,0,0,0,0,0,161,255,254,255,255,83,0,
255,255,255,255,255,255,255,255,255,255,255,255,255,255,255,255,193,90,26,0,0,0,2,2,0,0,0,0,0,0,62,251,255,255,255,255,255,225,240,113,0,0,0,0,0,0,0,0,0,0,0,0,0,82,255,255,255,243,26,0,
255,255,255,255,255,255,255,255,255,255,255,255,255,255,255,255,255,255,196,111,141,179,231,134,0,0,0,0,0,0,0,121,255,255,255,255,254,86,0,0,0,0,0,0,0,0,0,0,0,0,0,0,0,31,254,255,254,178,0,0,
255,255,255,255,255,255,255,255,255,255,255,255,255,255,255,255,255,255,255,255,255,255,255,251,54,0,0,0,0,0,0,1,182,255,255,254,196,54,0,0,0,0,0,0,0,0,0,0,0,0,0,0,0,22,254,255,229,50,0,0,
255,255,255,255,255,255,255,255,255,255,255,255,255,255,255,255,255,255,255,255,255,255,255,255,209,5,0,0,0,0,0,0,22,234,230,86,0,0,0,0,0,0,0,0,0,0,0,0,0,0,0,0,0,9,164,228,51,0,0,0,
255,255,255,255,255,255,255,255,255,255,255,255,255,255,255,255,255,255,255,255,255,255,255,255,254,116,0,0,0,0,0,0,0,71,23,0,0,0,0,0,0,0,0,0,0,0,0,0,0,0,0,0,0,0,0,19,0,0,0,0,
255,255,255,255,255,255,255,255,255,255,255,255,255,255,255,255,255,255,255,255,255,255,255,255,255,241,24,0,0,0,0,0,0,0,0,0,0,0,0,0,0,0,0,0,0,0,0,0,0,0,0,0,0,0,0,0,0,0,0,53,
255,255,255,255,255,255,255,255,255,255,255,255,255,255,255,255,255,255,255,255,255,255,255,255,255,255,163,0,0,0,0,0,0,0,0,0,0,0,0,0,0,0,0,0,0,0,0,0,0,0,0,0,0,0,0,0,0,0,0,187,
255,255,255,255,255,255,255,255,255,255,255,255,255,255,255,255,255,255,255,255,255,255,255,255,255,255,253,55,0,0,0,0,0,0,0,0,0,0,0,0,0,0,0,0,0,0,0,0,0,0,0,0,0,0,0,0,0,0,7,246,
255,255,255,255,255,255,255,255,255,255,255,255,255,255,255,255,255,255,255,255,255,255,255,255,255,255,255,203,3,0,0,0,0,0,0,0,0,0,0,0,0,0,0,0,0,0,0,0,0,0,0,0,0,0,0,0,0,0,0,80,
255,255,255,255,255,255,255,255,255,255,255,255,255,255,255,255,255,255,255,255,255,255,255,255,255,255,255,255,108,0,0,0,0,0,0,0,0,0,0,0,0,0,0,0,0,0,0,0,0,0,11,51,39,21,4,0,0,0,0,0,
255,255,255,255,255,255,255,255,255,255,255,255,255,255,255,255,255,255,255,255,255,255,255,255,255,255,255,255,243,39,0,0,0,0,0,0,0,0,0,0,0,0,0,0,0,0,0,0,0,0,99,254,254,254,249,202,105,4,0,0,
255,255,255,255,255,255,255,255,255,255,255,255,255,255,255,255,255,255,255,255,255,255,255,255,255,255,255,255,255,223,35,0,0,0,0,0,16,113,21,0,0,0,0,0,0,0,0,0,0,0,178,255,255,255,255,255,254,207,33,0,
255,255,255,255,255,255,255,255,255,255,255,255,255,255,255,255,255,255,255,255,255,255,255,255,255,255,255,255,255,255,238,103,10,6,63,155,244,252,16,0,0,0,0,0,0,0,0,0,0,9,245,255,255,255,255,255,255,255,228,35,
255,255,255,255,255,255,255,255,255,255,255,255,255,255,255,255,255,255,255,255,255,255,255,255,255,255,255,255,255,255,255,255,254,253,254,255,255,243,7,0,0,0,0,0,0,0,0,0,0,70,254,255,255,255,255,255,255,255,255,218,
255,255,255,255,255,255,255,255,255,255,255,255,255,255,255,255,255,255,255,255,255,255,255,255,255,255,255,255,255,255,255,255,255,255,255,255,255,230,4,0,0,0,0,0,0,0,0,0,0,131,255,255,255,255,255,255,255,255,255,255,
