0,0,0,0,0,0,0,0,0,0,0,0,0,0,0,0,0,0,0,0,0,0,0,0,0,0,0,0,0,0,0,0,0,0,0,0,0,0,0,0,0,0,0,0,0,0,0,0,49,87,0,0,0,0,0,0,0,0,0,0,
0,0,0,0,0,0,0,0,0,0,0,0,0,0,0,0,0,0,0,0,0,0,0,0,0,0,0,0,0,0,0,0,0,0,0,0,0,0,0,0,0,0,0,0,0,0,0,0,102,149,0,0,0,0,0,0,0,0,0,0,
0,0,0,0,0,0,0,0,0,0,0,0,0,0,0,0,0,0,0,0,0,0,0,0,0,0,0,0,0,0,0,0,0,0,0,0,0,0,0,0,0,0,0,0,0,0,0,0,133,191,0,0,0,0,0,0,0,0,0,0,
0,0,0,0,0,0,0,0,0,0,0,0,0,0,0,0,0,0,0,0,0,0,0,0,0,0,0,0,0,0,0,0,0,0,0,0,0,0,0,0,0,0,0,0,0,0,0,0,123,226,0,0,0,0,0,0,0,0,0,0,
0,0,0,0,0,0,0,0,0,0,0,0,0,0,0,0,0,0,0,0,0,0,0,0,0,0,0,0,0,0,40,1,18,38,0,0,0,0,0,0,0,0,0,0,0,0,0,0,100,251,7,0,0,0,0,0,0,0,0,0,
0,0,0,0,0,0,0,0,0,0,0,0,0,0,0,0,0,0,0,0,0,0,0,0,0,0,0,0,7,52,172,176,212,247,179,143,97,41,11,0,0,0,0,0,0,0,0,0,73,254,40,0,0,0,0,0,0,0,0,0,
0,0,0,0,0,0,0,0,0,0,0,0,0,0,0,0,0,0,0,0,0,0,0,0,0,0,0,38,231,254,249,255,255,255,255,255,254,254,252,192,77,0,0,0,0,0,0,0,39,253,73,0,0,0,0,0,0,0,0,0,
0,0,0,0,0,0,0,0,0,0,0,0,0,0,0,0,0,0,0,0,0,0,0,0,0,0,0,0,116,254,255,255,255,255,255,255,255,255,255,255,254,198,41,0,0,0,0,0,15,241,102,0,0,0,0,0,0,0,0,0,
0,0,0,0,0,0,0,0,0,0,0,0,0,0,0,0,0,0,0,0,0,0,0,0,0,0,0,8,184,254,255,255,255,255,255,255,255,255,255,255,255,255,239,50,0,0,0,0,0,221,135,0,0,0,0,0,0,0,0,0,
0,0,0,0,0,0,0,0,0,0,0,0,0,0,0,0,0,0,0,0,0,0,0,0,0,0,0,69,254,255,255,255,255,255,255,255,255,255,255,255,255,255,255,216,5,0,0,0,0,193,171,0,0,0,0,0,0,0,0,0,
0,0,0,0,0,0,0,0,0,0,0,0,0,0,0,0,0,0,0,0,0,0,0,0,0,0,0,0,109,254,255,255,255,255,255,255,255,255,255,255,255,255,255,254,83,0,0,0,25,194,238,220,102,0,0,0,0,0,0,0,
0,0,0,0,0,0,0,0,0,0,0,0,0,0,0,0,0,0,0,0,0,0,0,0,0,0,0,0,159,255,255,255,255,255,255,255,255,255,255,255,255,255,255,255,174,0,0,12,212,227,251,58,3,0,0,0,0,0,0,0,
0,0,0,0,0,0,0,0,0,0,0,0,0,0,0,0,0,0,0,0,0,0,0,0,0,0,0,26,240,255,255,255,255,255,255,255,255,255,255,255,255,255,255,255,230,0,0,0,0,138,254,168,42,0,0,0,0,0,0,0,
0,0,0,0,0,0,0,0,0,0,0,0,0,0,0,0,0,0,0,0,0,0,0,0,0,0,0,103,255,255,255,255,255,255,255,255,255,255,255,255,255,255,255,255,254,24,0,0,3,218,255,254,146,0,0,0,0,0,0,0,
0,0,0,0,0,0,0,0,0,0,0,0,0,0,0,0,0,0,0,0,0,0,0,0,0,0,0,123,254,255,255,255,255,255,255,255,255,255,255,255,255,255,255,255,254,56,0,0,0,176,255,255,217,3,0,0,0,0,0,0,
0,0,0,0,0,0,0,0,0,0,0,0,0,0,0,0,0,0,0,0,0,0,0,0,0,0,0,59,252,255,255,255,255,255,255,255,255,255,255,255,255,255,255,255,254,80,0,0,0,205,255,255,254,70,0,0,0,0,0,0,
0,0,0,0,0,0,0,0,0,0,0,0,0,0,0,0,0,0,0,0,0,0,0,0,0,0,0,4,204,255,254,254,255,255,255,255,255,255,255,255,255,255,255,254,255,197,11,0,4,227,253,255,255,207,3,0,0,0,0,0,
0,0,0,0,0,0,0,0,0,0,0,0,0,0,0,0,0,0,0,0,0,0,0,0,0,0,0,0,37,181,247,232,255,255,255,255,255,255,255,255,255,255,255,255,254,196,85,0,6,228,255,255,255,254,42,0,0,0,0,0,
0,0,0,0,0,0,0,0,0,0,0,0,0,0,0,0,0,0,0,0,0,0,0,0,0,0,0,0,0,0,59,165,254,255,255,255,255,255,255,255,255,255,255,255,239,151,0,0,0,208,255,255,255,254,38,0,0,0,0,0,
0,0,0,0,0,0,0,0,0,0,0,0,0,0,0,0,0,0,0,0,0,0,0,0,0,0,0,0,0,0,0,46,252,255,255,255,255,255,255,255,255,255,255,246,252,138,0,0,0,117,255,255,255,247,6,0,0,0,0,0,
0,0,0,0,0,0,0,0,0,0,0,0,0,0,0,0,0,0,0,0,0,0,0,0,0,0,0,0,0,0,0,7,230,249,254,255,255,255,255,255,255,255,252,170,193,12,0,0,0,124,254,255,255,228,79,20,0,0,0,0,
0,0,0,0,0,0,0,0,0,0,0,0,0,0,0,0,0,0,0,0,0,0,0,0,0,0,0,0,0,0,0,0,220,213,248,254,253,255,255,255,255,239,153,94,41,0,0,0,0,53,249,255,255,254,165,30,0,0,0,0,
0,0,0,0,0,0,0,0,0,0,0,0,0,0,0,0,0,0,0,0,0,0,0,0,0,0,0,0,0,0,0,15,176,182,83,55,224,255,255,255,255,250,177,160,100,9,0,6,104,232,254,255,255,208,1,0,0,0,0,0,
0,0,0,0,0,0,0,0,0,0,0,0,0,0,0,0,0,0,0,0,0,0,0,0,0,0,0,0,0,0,0,0,96,244,237,247,254,255,255,255,255,255,255,255,255,178,0,84,252,255,255,255,255,132,0,0,0,0,0,0,
0,0,0,0,0,0,0,0,0,0,0,0,0,0,0,0,0,0,0,0,0,0,0,0,0,0,0,0,0,0,0,31,233,255,255,255,255,255,255,255,255,255,255,255,255,254,84,39,242,255,255,255,255,123,0,0,0,0,0,0,
0,0,0,0,0,0,0,0,0,0,0,0,0,0,0,0,0,0,0,0,0,0,0,0,0,0,0,0,0,0,0,138,255,255,255,255,255,255,255,255,255,255,255,255,255,255,207,183,255,255,255,255,254,155,0,0,0,0,0,0,
0,0,0,0,0,0,0,0,0,0,0,0,0,0,0,0,0,0,0,0,0,0,0,0,0,0,0,0,0,0,0,200,255,255,255,255,255,255,255,255,255,255,254,255,255,255,254,254,255,255,255,234,103,111,0,0,0,0,0,0,
0,0,0,0,0,0,0,0,0,0,0,0,0,0,0,0,0,0,0,0,0,0,0,0,0,0,0,0,0,0,0,167,255,255,255,255,255,255,255,255,255,255,255,255,255,255,255,255,255,255,255,118,0,0,0,0,0,0,0,0,
0,0,0,0,0,0,0,0,0,0,0,0,0,0,0,0,0,0,0,0,0,0,0,0,0,0,0,0,0,0,0,47,251,255,255,255,255,255,255,255,255,255,255,255,255,255,255,255,255,255,234,12,0,0,0,0,0,0,0,0,
0,0,0,0,0,0,0,0,0,0,0,0,0,0,0,0,0,0,0,0,0,0,0,0,0,0,0,0,0,0,0,18,242,255,255,255,255,255,255,254,255,255,255,255,255,255,255,255,255,255,118,0,0,0,0,0,0,0,0,0,
0,0,0,0,0,0,0,0,0,0,0,0,0,0,0,0,0,0,0,0,0,0,0,0,0,0,0,0,0,0,0,3,221,255,255,255,255,255,255,255,255,255,255,255,255,255,255,255,255,233,11,0,0,0,0,0,0,0,0,0,
0,0,0,0,0,0,0,0,0,0,0,0,0,0,0,0,0,0,0,0,0,0,0,0,0,0,0,0,0,0,0,0,158,255,255,255,255,255,255,255,255,255,255,255,255,255,255,255,254,114,0,0,0,0,0,0,0,0,0,0,
0,0,0,0,0,0,0,0,0,0,0,0,0,0,0,0,0,0,0,0,0,0,0,0,0,0,0,0,0,0,0,0,49,250,255,255,255,255,255,255,255,255,255,255,255,255,255,255,226,7,0,0,0,0,0,0,0,0,0,0,
0,0,0,0,0,0,0,0,0,0,0,0,0,0,0,0,0,0,0,0,0,0,0,0,0,0,0,0,0,0,0,0,0,187,255,255,255,255,255,255,255,255,255,255,255,255,255,255,231,1,0,0,0,0,0,0,0,0,0,0,
0,0,0,0,0,0,0,0,0,0,0,0,0,0,0,0,0,0,0,0,0,0,0,0,0,0,0,0,0,0,0,0,0,91,254,255,255,255,255,255,255,255,255,255,255,255,255,255,233,94,17,0,0,0,0,0,0,0,0,0,
0,0,0,0,0,0,0,0,0,0,0,0,0,0,0,0,0,0,0,0,0,0,0,0,0,0,0,0,0,0,0,0,0,18,240,255,255,255,255,255,255,255,255,255,255,255,255,255,255,254,251,122,0,0,0,0,0,0,0,0,
0,0,0,0,0,0,0,0,0,0,0,0,0,0,0,0,0,0,0,0,0,0,0,0,0,0,0,0,0,0,0,0,0,0,180,255,255,255,255,255,255,255,255,255,255,255,255,255,255,255,255,239,13,0,0,0,0,0,0,0,
0,0,0,0,0,0,0,0,0,0,0,0,0,0,0,0,0,0,0,0,0,0,0,0,0,0,0,0,0,0,0,0,0,0,112,254,255,255,255,255,255,255,255,255,255,255,255,255,255,255,255,245,49,0,0,0,0,0,0,0,
0,0,0,0,0,0,0,0,0,0,0,0,0,0,0,0,0,0,0,0,0,0,0,0,0,0,34,162,171,171,154,123,89,50,70,254,255,255,255,255,255,255,255,255,255,255,255,255,255,255,254,254,136,0,0,0,0,0,0,0,
0,0,0,0,0,0,0,0,0,0,0,0,0,0,0,0,0,0,0,0,0,0,0,0,0,0,24,243,255,255,255,255,255,254,251,254,255,255,255,255,255,255,255,255,255,255,255,255,255,255,254,91,5,0,0,0,0,0,0,0,
0,0,0,0,0,0,0,0,0,0,0,0,0,0,0,0,0,0,0,0,0,0,0,0,0,0,0,149,254,255,255,255,255,255,255,255,255,255,255,255,255,255,255,255,255,255,255,255,255,255,255,93,0,0,0,0,0,0,0,0,
0,0,0,0,0,0,0,0,0,0,0,0,0,0,0,0,0,0,0,0,0,0,0,0,0,0,0,20,225,255,255,255,255,255,255,255,255,255,255,255,255,255,255,255,255,255,255,255,255,254,229,40,0,0,0,0,0,0,0,0,
0,0,0,0,0,0,0,0,0,0,0,0,0,0,0,0,0,0,0,0,0,0,0,0,0,0,0,0,65,249,255,255,255,255,255,255,255,255,255,255,255,255,255,255,255,255,255,255,251,99,7,0,0,0,0,0,0,0,0,0,
0,0,0,0,0,0,0,0,0,0,0,0,0,0,0,0,0,0,0,0,0,0,0,0,0,0,0,0,0,150,254,255,255,255,255,255,255,255,255,255,255,255,255,255,255,255,255,240,84,0,0,0,0,0,0,0,0,0,0,0,
0,0,0,0,0,0,0,0,0,0,0,0,0,0,0,0,0,0,0,0,0,0,0,0,0,0,0,0,0,39,248,255,255,255,255,255,255,255,255,255,255,255,255,255,255,255,219,28,0,0,0,0,0,0,0,0,0,0,0,0,
