0,0,0,0,0,0,0,0,0,0,0,0,0,0,0,0,0,0,0,0,0,0,0,0,0,0,0,0,0,0,0,0,0,0,0,0,0,0,0,0,0,0,0,0,0,0,0,0,0,0,0,0,0,114,51,0,0,0,0,0,
0,0,0,0,0,0,0,0,0,0,0,0,0,0,0,0,0,0,0,0,0,0,0,0,0,0,0,0,0,0,0,0,0,0,0,0,0,0,0,0,0,0,0,0,0,0,0,0,0,0,0,0,0,153,82,0,0,0,0,0,
0,0,0,0,0,0,0,0,0,0,0,0,0,0,0,0,0,0,0,0,0,0,0,0,0,0,0,0,0,0,0,0,0,0,0,0,0,0,0,0,0,0,0,0,0,0,0,0,0,0,0,0,0,157,106,0,0,0,0,0,
0,0,0,0,0,0,0,0,0,0,0,0,0,0,0,0,0,0,0,0,0,0,0,0,0,0,0,0,0,0,0,0,0,24,61,0,87,59,0,0,0,0,0,0,0,0,0,0,0,0,0,0,0,157,128,0,0,0,0,0,
0,0,0,0,0,0,0,0,0,0,0,0,0,0,0,0,0,0,0,0,0,0,0,0,0,0,0,0,0,0,0,21,94,95,246,188,254,254,234,187,80,10,0,0,0,0,0,0,0,0,0,0,0,148,147,0,0,0,0,0,
0,0,0,0,0,0,0,0,0,0,0,0,0,0,0,0,0,0,0,0,0,0,0,0,0,0,0,0,0,0,10,223,254,248,255,255,255,255,255,255,254,249,179,73,13,0,0,0,0,0,0,0,0,130,162,0,0,0,0,0,
0,0,0,0,0,0,0,0,0,0,0,0,0,0,0,0,0,0,0,0,0,0,0,0,0,0,0,0,0,0,0,86,255,255,255,255,255,255,255,255,255,255,255,254,193,35,0,0,0,0,0,0,0,107,181,0,0,0,0,0,
0,0,0,0,0,0,0,0,0,0,0,0,0,0,0,0,0,0,0,0,0,0,0,0,0,0,0,0,0,0,33,226,255,255,255,255,255,255,255,255,255,255,255,255,255,233,42,0,0,0,0,0,0,88,194,0,0,0,0,0,
0,0,0,0,0,0,0,0,0,0,0,0,0,0,0,0,0,0,0,0,0,0,0,0,0,0,0,0,0,0,130,254,255,255,255,255,255,255,255,255,255,255,255,255,255,255,204,1,0,0,0,0,0,66,213,0,0,0,0,0,
0,0,0,0,0,0,0,0,0,0,0,0,0,0,0,0,0,0,0,0,0,0,0,0,0,0,0,0,0,0,5,143,255,255,255,255,255,255,255,255,255,255,255,255,255,255,254,53,0,0,0,0,0,60,242,144,72,0,0,0,
0,0,0,0,0,0,0,0,0,0,0,0,0,0,0,0,0,0,0,0,0,0,0,0,0,0,0,0,0,0,0,167,255,255,255,255,255,255,255,255,255,255,255,255,255,255,255,137,0,0,0,0,69,234,254,128,20,0,0,0,
0,0,0,0,0,0,0,0,0,0,0,0,0,0,0,0,0,0,0,0,0,0,0,0,0,0,0,0,0,0,34,251,255,255,255,255,255,255,255,255,255,255,255,255,255,255,255,194,0,0,0,0,21,78,254,102,3,0,0,0,
0,0,0,0,0,0,0,0,0,0,0,0,0,0,0,0,0,0,0,0,0,0,0,0,0,0,0,0,0,0,115,255,255,255,255,255,255,255,255,255,255,255,255,255,255,255,255,240,0,0,0,0,0,160,255,254,80,0,0,0,
0,0,0,0,0,0,0,0,0,0,0,0,0,0,0,0,0,0,0,0,0,0,0,0,0,0,0,0,0,0,132,255,255,255,255,255,255,255,255,255,255,255,255,255,255,255,255,254,14,0,0,0,0,111,255,255,196,0,0,0,
0,0,0,0,0,0,0,0,0,0,0,0,0,0,0,0,0,0,0,0,0,0,0,0,0,0,0,0,0,0,68,254,255,255,255,255,255,255,255,255,255,255,255,255,255,255,255,255,57,0,0,0,38,245,254,255,254,67,0,0,
0,0,0,0,0,0,0,0,0,0,0,0,0,0,0,0,0,0,0,0,0,0,0,0,0,0,0,0,0,0,10,231,255,255,255,255,255,255,255,255,255,255,255,255,255,255,255,255,190,7,0,0,97,248,179,255,255,254,135,0,
0,0,0,0,0,0,0,0,0,0,0,0,0,0,0,0,0,0,0,0,0,0,0,0,0,0,0,0,0,0,0,50,196,238,254,255,255,255,255,255,255,255,255,255,255,255,255,254,170,86,0,0,113,254,250,255,255,255,219,0,
0,0,0,0,0,0,0,0,0,0,0,0,0,0,0,0,0,0,0,0,0,0,0,0,0,0,0,0,0,0,0,0,0,97,209,255,255,255,255,255,255,255,255,255,255,255,254,211,92,0,0,0,85,255,255,255,255,255,194,0,
0,0,0,0,0,0,0,0,0,0,0,0,0,0,0,0,0,0,0,0,0,0,0,0,0,0,0,0,0,0,0,0,0,0,128,255,255,255,255,255,255,255,255,255,255,249,249,167,86,0,0,0,13,237,255,255,255,255,135,0,
0,0,0,0,0,0,0,0,0,0,0,0,0,0,0,0,0,0,0,0,0,0,0,0,0,0,0,0,0,0,0,0,0,0,70,243,254,255,255,255,255,255,255,255,254,214,118,139,9,0,0,0,0,171,255,255,255,254,90,25,
0,0,0,0,0,0,0,0,0,0,0,0,0,0,0,0,0,0,0,0,0,0,0,0,0,0,0,0,0,0,0,0,0,0,57,172,238,237,254,254,255,255,255,254,179,170,8,43,0,0,0,0,0,102,255,255,255,255,232,114,
0,0,0,0,0,0,0,0,0,0,0,0,0,0,0,0,0,0,0,0,0,0,0,0,0,0,0,0,0,0,0,0,0,0,60,160,133,56,69,242,255,255,255,254,201,154,142,98,4,0,0,14,110,235,255,255,255,244,36,0,
0,0,0,0,0,0,0,0,0,0,0,0,0,0,0,0,0,0,0,0,0,0,0,0,0,0,0,0,0,0,0,0,0,0,0,182,252,254,254,255,255,255,255,255,255,255,255,255,168,0,0,156,255,255,255,255,255,142,0,0,
0,0,0,0,0,0,0,0,0,0,0,0,0,0,0,0,0,0,0,0,0,0,0,0,0,0,0,0,0,0,0,0,0,0,15,234,255,255,255,255,255,255,255,255,255,255,255,255,254,71,0,86,254,255,255,255,255,82,0,0,
0,0,0,0,0,0,0,0,0,0,0,0,0,0,0,0,0,0,0,0,0,0,0,0,0,0,0,0,0,0,0,0,0,0,121,255,255,255,255,255,255,255,255,255,255,255,255,255,255,165,20,227,255,255,255,255,255,95,0,0,
0,0,0,0,0,0,0,0,0,0,0,0,0,0,0,0,0,0,0,0,0,0,0,0,0,0,0,0,0,0,0,0,0,0,188,255,255,255,255,255,255,255,255,255,255,255,255,255,255,234,180,255,255,255,255,192,224,56,0,0,
0,0,0,0,0,0,0,0,0,0,0,0,0,0,0,0,0,0,0,0,0,0,0,0,0,0,0,0,0,0,0,0,0,0,133,255,255,255,255,255,255,255,255,255,255,255,255,255,255,254,255,255,255,255,248,35,8,0,0,0,
0,0,0,0,0,0,0,0,0,0,0,0,0,0,0,0,0,0,0,0,0,0,0,0,0,0,0,0,0,0,0,0,0,0,82,254,255,255,255,255,255,255,255,255,255,255,255,255,255,255,255,255,255,255,141,0,0,0,0,0,
0,0,0,0,0,0,0,0,0,0,0,0,0,0,0,0,0,0,0,0,0,0,0,0,0,0,0,0,0,0,0,0,0,0,64,254,255,255,255,255,255,255,255,255,255,255,255,255,255,255,255,255,255,237,19,0,0,0,0,0,
0,0,0,0,0,0,0,0,0,0,0,0,0,0,0,0,0,0,0,0,0,0,0,0,0,0,0,0,0,0,0,0,0,0,25,254,255,255,255,255,255,255,255,255,255,255,255,255,255,255,255,255,255,114,0,0,0,0,0,0,
0,0,0,0,0,0,0,0,0,0,0,0,0,0,0,0,0,0,0,0,0,0,0,0,0,0,0,0,0,0,0,0,0,0,0,198,255,255,255,255,255,255,255,255,255,255,255,255,255,255,255,255,219,6,0,0,0,0,0,0,
0,0,0,0,0,0,0,0,0,0,0,0,0,0,0,0,0,0,0,0,0,0,0,0,0,0,0,0,0,0,0,0,0,0,0,99,255,255,255,255,255,255,255,255,255,255,255,255,255,255,255,254,72,0,0,0,0,0,0,0,
0,0,0,0,0,0,0,0,0,0,0,0,0,0,0,0,0,0,0,0,0,0,0,0,0,0,0,0,0,0,0,0,0,0,0,15,248,255,255,255,255,255,255,255,255,255,255,255,255,255,255,141,0,0,0,0,0,0,0,0,
0,0,0,0,0,0,0,0,0,0,0,0,0,0,0,0,0,0,0,0,0,0,0,0,0,0,0,0,0,0,0,0,0,0,0,0,180,255,255,255,255,255,255,255,255,255,255,255,255,255,254,23,0,0,0,0,0,0,0,0,
0,0,0,0,0,0,0,0,0,0,0,0,0,0,0,0,0,0,0,0,0,0,0,0,0,0,0,0,0,0,0,0,0,0,0,0,104,255,255,255,255,255,255,255,255,255,255,255,255,255,250,46,6,0,0,0,0,0,0,0,
0,0,0,0,0,0,0,0,0,0,0,0,0,0,0,0,0,0,0,0,0,0,0,0,0,0,0,0,0,0,0,0,0,0,0,0,34,254,255,255,255,255,255,255,255,255,255,255,255,255,255,254,242,70,0,0,0,0,0,0,
0,0,0,0,0,0,0,0,0,0,0,0,0,0,0,0,0,0,0,0,0,0,0,0,0,0,0,0,0,0,0,0,0,0,0,0,0,229,255,255,255,255,255,255,255,255,255,255,255,255,255,255,255,179,0,0,0,0,0,0,
0,0,0,0,0,0,0,0,0,0,0,0,0,0,0,0,0,0,0,0,0,0,0,0,0,0,0,0,19,69,85,88,75,55,25,2,0,184,255,255,255,255,255,255,255,255,255,255,255,255,255,255,255,230,28,0,0,0,0,0,
0,0,0,0,0,0,0,0,0,0,0,0,0,0,0,0,0,0,0,0,0,0,0,0,0,0,0,0,69,254,255,255,255,254,254,240,198,219,255,255,255,255,255,255,255,255,255,255,255,255,255,255,255,254,93,0,0,0,0,0,
0,0,0,0,0,0,0,0,0,0,0,0,0,0,0,0,0,0,0,0,0,0,0,0,0,0,0,0,6,221,255,255,255,255,255,255,255,255,255,255,255,255,255,255,255,255,255,255,255,255,255,255,255,125,0,0,0,0,0,0,
0,0,0,0,0,0,0,0,0,0,0,0,0,0,0,0,0,0,0,0,0,0,0,0,0,0,0,0,0,64,253,255,255,255,255,255,255,255,255,255,255,255,255,255,255,255,255,255,255,255,255,255,255,169,0,0,0,0,0,0,
0,0,0,0,0,0,0,0,0,0,0,0,0,0,0,0,0,0,0,0,0,0,0,0,0,0,0,0,0,0,133,255,255,255,255,255,255,255,255,255,255,255,255,255,255,255,255,255,255,255,250,241,249,101,0,0,0,0,0,0,
0,0,0,0,0,0,0,0,0,0,0,0,0,0,0,0,0,0,0,0,0,0,0,0,0,0,0,0,0,0,3,198,255,255,255,255,255,255,255,255,255,255,255,255,255,255,255,255,254,230,57,53,38,0,0,0,0,0,0,0,
0,0,0,0,0,0,0,0,0,0,0,0,0,0,0,0,0,0,0,0,0,0,0,0,0,0,0,0,0,0,0,60,255,255,255,255,255,255,255,255,255,255,255,255,255,255,255,255,254,45,0,0,0,0,0,0,0,0,0,0,
0,0,0,0,0,0,0,0,0,0,0,0,0,0,0,0,0,0,0,0,0,0,0,0,0,0,0,0,0,0,0,0,214,255,255,255,255,255,255,255,255,255,255,255,255,255,255,255,254,31,0,0,0,0,0,0,0,0,0,0,
