0,0,0,0,0,0,0,0,0,0,0,0,0,0,0,0,0,0,0,0,0,0,0,0,0,0,0,0,0,0,0,0,0,0,0,0,0,0,0,0,0,0,0,0,0,0,0,0,0,0,0,0,0,0,0,0,0,0,0,0,
0,0,0,0,0,0,0,0,0,0,0,0,0,0,0,0,0,0,0,0,0,0,0,0,0,0,0,0,0,0,0,0,0,0,0,0,0,0,0,0,0,0,0,0,0,0,0,0,0,0,0,0,0,0,0,0,0,0,0,0,
0,0,0,0,0,0,0,0,0,0,0,0,0,0,0,0,0,0,0,0,0,0,0,0,0,0,0,0,0,0,0,0,0,0,0,0,0,0,0,0,0,0,0,0,0,0,0,0,0,0,0,0,0,0,0,0,0,0,0,0,
0,0,0,0,0,0,0,0,0,0,0,0,0,0,0,0,0,0,0,0,0,0,0,0,0,0,0,0,0,0,0,0,0,0,0,0,0,0,0,0,0,0,0,0,0,0,0,0,0,0,0,0,0,0,0,0,0,0,0,0,
0,0,0,0,0,0,0,0,0,0,0,0,0,0,0,0,0,0,0,0,0,0,0,0,0,0,0,0,0,0,0,0,0,0,0,0,0,0,0,0,0,0,0,0,0,0,0,0,0,0,0,0,0,0,0,0,0,0,0,0,
0,0,0,0,0,0,0,0,0,0,0,0,0,0,0,0,0,0,0,0,0,0,0,0,0,0,0,0,0,0,0,0,0,0,0,0,0,0,0,0,0,0,0,0,0,0,0,0,0,0,0,0,0,0,0,0,0,0,0,0,
0,0,0,0,0,0,0,0,0,0,0,0,0,0,0,0,0,0,0,0,0,0,0,0,0,0,0,0,0,0,0,0,0,0,0,0,0,0,0,0,0,0,0,0,0,0,0,0,0,0,0,0,0,0,0,0,0,0,0,0,
0,0,0,0,0,0,0,0,0,0,0,0,0,0,0,0,0,0,0,0,0,0,0,0,0,0,0,0,0,0,0,0,0,0,0,0,0,0,0,0,0,0,0,0,0,0,0,0,0,0,0,0,0,0,0,0,0,0,0,0,
0,0,0,0,0,0,0,0,0,0,0,0,0,0,0,0,0,0,0,0,0,0,0,0,0,0,0,0,0,0,0,0,0,0,0,0,0,0,0,0,0,0,0,0,0,0,0,0,0,0,0,0,0,0,0,0,0,0,0,0,
0,0,0,0,0,0,0,0,0,0,0,0,0,0,0,0,0,0,0,0,0,0,0,0,0,0,0,0,0,0,0,0,0,0,0,0,0,0,0,0,0,0,0,0,0,0,0,0,0,0,0,0,0,0,0,0,0,0,0,0,
0,0,0,0,0,0,0,0,0,0,0,0,0,0,0,0,0,0,0,0,0,0,0,0,0,0,0,0,0,0,0,0,0,0,0,0,0,0,0,0,0,0,0,0,0,0,0,0,0,0,0,0,0,0,0,0,0,0,0,0,
0,0,0,0,0,0,0,0,0,0,0,0,0,0,0,0,0,0,0,0,0,0,0,0,0,0,0,0,0,0,0,0,0,0,0,0,0,0,0,0,0,0,0,0,0,0,0,0,0,0,0,0,0,0,0,0,0,0,0,0,
0,0,0,0,0,0,0,0,0,0,0,0,0,0,0,0,0,0,0,0,0,0,0,0,0,0,0,0,0,0,0,0,0,0,0,0,0,0,0,0,0,0,0,0,0,0,0,0,0,0,0,0,0,0,0,0,0,0,0,37,
0,0,0,0,0,0,0,0,0,0,0,0,0,0,0,0,0,0,0,0,0,0,0,0,0,0,0,0,0,0,0,0,0,0,0,0,0,0,0,0,0,0,0,0,0,0,0,0,0,0,0,0,0,0,0,0,0,23,143,249,
0,0,0,0,0,0,0,0,0,0,0,0,0,0,0,0,0,0,0,0,0,0,0,0,0,0,0,0,0,0,0,0,0,0,0,0,0,0,0,0,0,0,0,0,0,0,0,0,0,0,0,0,0,0,0,22,129,242,254,255,
0,0,0,0,0,0,0,0,0,0,0,0,0,0,0,0,0,0,0,0,0,0,0,0,0,0,0,0,0,0,0,0,0,0,0,0,0,0,0,0,0,0,0,0,0,0,0,0,0,0,0,0,0,36,149,244,255,255,255,255,
0,0,0,0,0,0,0,0,0,0,0,0,0,0,0,0,0,0,0,0,0,0,0,0,0,0,0,0,0,0,0,0,0,0,0,0,0,0,0,0,0,0,0,0,0,0,0,0,0,0,4,81,186,252,255,255,255,255,255,255,
0,0,0,0,0,0,0,0,0,0,0,0,0,0,0,0,0,0,0,0,0,0,0,0,0,0,0,0,0,0,0,0,0,0,0,0,0,0,0,0,0,0,0,0,0,0,0,2,63,146,230,254,255,255,255,255,255,255,255,255,
0,0,0,0,0,0,0,0,0,0,0,0,0,0,0,0,0,0,0,0,0,0,0,0,0,0,0,0,0,0,0,0,0,0,0,0,0,0,0,0,0,0,0,0,12,79,150,230,254,254,255,255,255,255,255,255,254,244,254,255,
0,0,0,0,0,0,0,0,0,0,0,0,0,0,0,0,0,0,0,0,0,0,0,0,0,0,0,0,0,0,0,0,0,0,0,0,0,0,0,0,15,65,125,193,250,254,255,255,255,255,255,255,255,255,254,245,197,180,251,255,
0,0,0,0,0,0,0,0,0,0,0,0,0,0,0,0,0,0,0,0,0,0,0,0,0,0,0,0,0,0,0,0,0,0,0,20,57,104,158,211,252,254,254,255,255,255,255,255,255,255,255,255,255,240,191,111,102,253,255,255,
0,0,0,0,0,0,0,0,0,0,0,0,0,0,0,0,0,0,0,0,0,0,0,0,0,0,0,0,21,50,79,115,153,191,232,254,254,254,255,255,255,255,255,255,255,255,255,255,255,255,250,218,155,77,23,1,167,255,255,255,
0,0,0,0,0,0,0,0,0,0,0,0,0,0,0,0,0,1,11,37,59,82,106,131,158,183,210,242,254,255,255,255,255,255,255,255,255,255,255,255,255,255,254,254,255,255,255,250,217,159,85,23,2,0,0,21,248,255,255,255,
0,0,0,0,2,21,36,56,74,90,107,126,145,168,187,205,225,244,254,254,254,254,255,254,255,255,255,255,255,255,255,255,255,255,255,255,254,254,254,238,201,149,96,49,231,255,255,238,172,101,35,0,0,0,0,120,255,255,255,255,
180,203,219,236,252,254,254,255,254,254,254,254,255,255,255,255,255,255,255,255,255,255,255,255,255,255,255,255,255,255,255,255,255,253,237,202,154,103,53,16,0,0,0,20,207,255,255,236,184,118,53,8,0,0,0,211,255,255,255,255,
254,254,255,255,255,254,254,255,255,255,255,255,255,255,255,255,255,255,255,255,255,255,255,255,254,254,250,229,203,237,255,254,248,185,105,29,0,0,0,0,0,0,1,211,254,255,255,255,242,183,116,50,2,0,0,188,255,255,255,255,
15,30,51,63,77,92,100,110,117,127,145,137,132,187,255,255,254,230,177,124,100,89,69,57,38,20,2,0,0,167,255,255,246,179,99,25,0,0,0,0,0,0,66,254,255,255,255,255,254,213,146,79,17,0,0,125,255,255,255,255,
0,0,0,0,0,0,0,0,0,0,0,0,0,146,255,255,254,206,110,22,0,0,0,0,0,0,0,0,53,224,255,255,246,189,112,39,2,0,0,0,0,0,164,255,255,255,255,255,255,236,173,105,42,0,0,59,254,255,255,255,
0,0,0,0,0,0,0,0,0,0,0,0,1,142,255,255,254,218,131,41,2,0,0,0,0,0,0,27,248,255,255,255,255,248,186,107,32,0,0,0,0,16,247,255,255,255,255,255,255,252,201,134,68,11,0,8,248,255,255,255,
0,0,0,0,0,0,0,0,0,0,0,0,153,255,255,255,255,254,227,138,46,0,0,0,0,0,0,115,255,255,255,255,255,254,215,135,59,4,0,0,0,107,255,255,255,255,255,255,255,254,228,161,94,31,0,0,194,255,255,255,
0,0,0,0,0,0,0,0,0,0,0,15,247,255,255,255,255,255,249,176,82,9,0,0,0,0,0,206,255,255,255,255,255,255,237,164,86,16,0,0,0,115,255,255,255,255,255,255,255,255,237,173,107,43,1,0,131,255,255,255,
0,0,0,0,0,0,0,0,0,0,0,102,255,255,255,255,255,255,254,210,115,27,0,0,0,0,38,254,255,255,255,255,255,255,251,193,113,38,0,0,0,53,255,255,255,255,255,255,255,254,224,158,94,30,0,0,66,254,255,255,
0,0,0,0,0,0,0,0,0,0,0,193,255,255,255,255,255,255,255,237,151,56,1,0,0,0,129,255,255,255,255,255,255,255,254,219,142,63,5,0,0,5,246,255,255,255,255,255,255,254,208,143,76,16,0,0,9,248,255,255,
0,0,0,0,0,0,0,0,0,0,31,253,255,255,255,255,255,255,255,251,185,89,12,0,0,0,156,255,255,255,255,255,255,255,255,227,152,76,12,0,0,0,187,255,255,255,255,255,255,249,193,127,62,7,0,0,0,192,255,255,
0,0,0,0,0,0,0,0,0,0,99,254,255,255,255,255,255,255,255,254,202,109,24,0,0,0,103,254,255,255,255,255,255,255,254,212,136,62,5,0,0,0,130,255,255,255,255,255,255,240,177,111,46,2,0,0,0,130,255,255,
0,0,0,0,0,0,0,0,0,0,46,253,255,255,255,255,255,255,255,250,182,94,15,0,0,0,44,254,255,255,255,255,255,255,252,195,118,46,0,0,0,0,70,254,255,255,255,255,255,228,161,96,32,0,0,0,0,65,255,255,
0,0,0,0,0,0,0,0,0,0,3,240,255,255,255,255,255,255,255,243,162,73,6,0,0,0,1,239,255,255,255,255,255,255,244,178,101,31,0,0,0,0,14,252,255,255,255,255,254,212,145,80,18,0,0,0,0,11,250,255,
0,0,0,0,0,0,0,0,0,0,0,183,255,255,255,255,255,255,255,228,141,53,1,0,0,0,0,179,255,255,255,255,255,255,233,160,85,18,0,0,0,0,0,205,255,255,255,255,250,196,129,64,8,0,0,0,0,0,200,255,
0,0,0,0,0,0,0,0,0,0,0,122,254,255,255,255,255,255,254,210,120,35,0,0,0,0,0,121,255,255,255,255,255,255,219,144,68,8,0,0,0,0,0,146,255,255,255,255,242,180,112,49,2,0,0,0,0,0,136,255,
0,0,0,0,0,0,0,0,0,0,0,61,254,255,255,255,255,255,252,189,100,20,0,0,0,0,0,61,254,255,255,255,255,253,202,127,53,2,0,0,0,0,0,84,255,255,255,255,230,163,97,33,0,0,0,0,0,0,72,254,
0,0,0,0,0,0,0,0,0,0,0,9,247,255,255,255,255,255,245,169,81,8,0,0,0,0,0,8,248,255,255,255,255,248,184,108,36,0,0,0,0,0,0,27,253,255,255,254,215,147,82,20,0,0,0,0,0,0,14,250,
0,0,0,0,0,0,0,0,0,0,0,0,196,255,255,255,255,255,234,149,59,2,0,0,0,0,0,0,196,255,255,255,255,239,167,93,22,0,0,0,0,0,0,0,221,255,255,251,198,133,66,9,0,0,0,0,0,0,0,139,
0,0,0,0,0,0,0,0,0,0,0,0,134,254,255,255,255,255,217,127,40,0,0,0,0,0,0,0,138,255,255,255,255,226,150,75,11,0,0,0,0,0,0,0,161,255,255,243,183,116,51,3,0,0,0,0,0,0,0,0,
0,0,0,0,0,0,0,0,0,0,0,0,73,254,255,255,255,254,197,107,24,0,0,0,0,0,0,0,77,255,255,255,254,208,133,59,3,0,0,0,0,0,0,0,102,255,255,221,167,99,37,0,0,0,0,0,0,0,0,0,
0,0,0,0,0,0,0,0,0,0,0,0,16,252,255,255,255,249,175,87,12,0,0,0,0,0,0,0,19,251,255,255,250,192,115,42,0,0,0,0,0,0,0,0,44,254,255,180,150,84,22,0,0,0,0,0,0,0,0,0,
