0,0,0,0,0,0,0,0,0,0,0,0,0,0,0,0,0,0,0,0,0,0,0,0,0,0,0,0,0,0,0,0,0,0,0,0,0,0,0,0,0,0,0,0,0,0,0,0,0,0,0,0,0,0,0,0,0,0,0,0,
0,0,0,0,0,0,0,0,0,0,0,0,0,0,0,0,0,0,0,0,0,0,0,0,0,0,0,0,0,0,0,0,0,0,0,0,0,0,0,0,0,0,0,0,0,0,0,0,0,0,0,0,0,0,0,0,0,0,0,0,
0,0,0,0,0,0,0,0,0,0,0,0,0,0,0,0,0,0,0,0,0,0,0,0,0,0,0,0,0,0,0,0,0,0,0,0,0,0,0,0,0,0,0,0,0,0,0,0,0,0,0,0,0,0,0,0,0,0,0,0,
0,0,0,0,0,0,0,0,0,0,0,0,0,0,0,0,0,0,0,0,0,0,0,0,0,0,0,0,0,0,0,0,0,0,0,0,24,54,64,64,63,53,30,2,0,0,0,0,0,0,0,0,0,0,0,0,0,0,0,0,
0,0,0,0,0,0,0,0,0,0,0,0,0,0,0,0,0,0,0,0,0,0,0,0,0,0,0,0,0,0,0,0,0,2,108,223,254,254,254,254,255,254,254,233,117,1,0,0,0,0,0,0,0,0,0,0,0,0,0,0,
0,0,0,0,0,0,0,0,0,0,0,0,0,0,0,0,0,0,0,0,0,0,0,0,0,0,0,0,0,8,28,0,2,163,254,255,255,255,255,255,255,255,255,255,254,132,0,0,0,0,0,0,0,0,0,0,0,0,0,0,
0,0,0,0,0,0,0,0,0,0,0,0,0,0,0,0,0,0,0,0,0,0,0,0,0,0,0,0,97,233,253,87,116,254,255,255,255,255,255,255,255,255,255,255,255,250,36,0,0,0,0,0,0,0,0,0,0,0,0,0,
0,0,0,0,0,0,0,0,0,0,0,0,0,0,0,0,0,0,0,0,0,0,0,0,0,0,0,147,254,255,255,202,242,255,255,255,255,255,255,255,255,255,255,255,255,255,132,0,0,0,0,0,0,0,0,0,0,0,0,0,
0,0,0,0,0,0,0,0,0,0,0,0,0,0,0,0,0,0,0,0,0,0,0,0,0,0,87,254,255,255,255,254,255,255,255,255,255,255,255,255,255,255,255,255,255,255,200,0,0,0,0,0,0,0,0,0,0,0,0,0,
0,0,0,0,0,0,0,0,0,0,0,0,0,0,0,0,0,0,0,0,0,0,0,0,0,0,190,255,255,255,255,255,255,255,255,255,255,255,255,255,255,255,255,255,255,255,228,0,0,0,0,0,0,0,0,0,0,0,0,0,
0,0,0,0,0,0,0,0,0,0,0,0,0,0,0,0,0,0,0,0,0,0,0,0,0,21,250,255,255,255,255,255,255,255,255,255,255,255,255,255,255,255,255,255,255,255,219,0,0,0,0,0,0,0,0,0,0,0,0,0,
0,0,0,0,0,0,0,0,0,0,0,0,0,0,0,0,0,0,0,0,0,0,0,0,0,84,254,255,255,255,255,255,255,255,255,255,255,255,255,255,255,255,255,255,255,255,206,16,0,0,0,0,0,0,0,0,0,0,0,0,
0,0,0,0,0,0,0,0,0,0,0,0,0,0,0,0,0,0,0,0,0,0,0,0,0,0,66,150,227,254,255,255,255,255,255,255,255,255,255,255,255,255,255,255,255,255,255,162,0,0,0,0,0,0,0,0,0,0,0,0,
0,0,0,0,0,0,0,0,0,0,0,0,0,0,0,0,0,0,0,0,0,0,0,0,0,0,0,0,107,253,255,255,255,255,255,255,255,255,255,255,255,255,255,255,255,255,255,248,3,0,0,0,0,0,0,0,0,0,0,0,
0,0,0,0,0,0,0,0,0,0,0,0,0,0,0,0,0,0,0,0,0,0,0,0,0,0,0,46,251,255,255,219,254,255,255,255,255,255,255,255,255,255,255,255,255,255,255,254,13,0,0,0,0,0,0,0,0,0,0,0,
0,0,0,0,0,0,0,0,0,0,0,0,0,0,0,0,0,0,0,0,0,0,0,0,0,0,0,164,255,255,244,14,241,255,255,255,255,255,255,255,255,255,255,255,255,255,255,239,35,0,0,0,0,0,0,0,0,0,0,0,
0,0,0,0,0,0,0,0,0,0,0,0,0,0,0,0,0,0,0,0,0,0,0,0,0,0,11,244,255,255,239,75,244,255,255,255,255,255,255,255,255,255,255,255,255,255,239,84,0,0,0,0,0,0,0,0,0,0,0,0,
0,0,0,0,0,0,0,0,0,0,0,0,0,0,0,0,0,0,0,0,0,0,0,0,0,0,140,255,255,255,254,23,242,248,255,255,255,255,255,255,255,255,255,255,236,249,113,107,0,0,0,0,0,0,0,0,0,0,0,0,
0,0,0,0,0,0,0,0,0,1,52,15,0,0,0,0,0,0,0,0,0,0,0,0,0,0,127,255,255,255,254,50,33,103,254,255,255,255,255,255,255,255,255,254,112,155,5,3,0,0,0,0,0,0,0,0,0,0,0,0,
0,0,0,0,0,0,0,0,64,201,254,209,29,0,0,0,0,0,0,0,0,0,0,0,0,0,158,255,255,255,248,35,0,2,243,242,252,255,255,255,255,255,254,237,4,48,0,0,0,0,0,0,0,0,0,0,0,0,0,0,
0,0,0,0,0,0,57,185,254,254,225,254,234,67,0,0,0,0,0,0,0,0,0,0,0,0,178,255,255,254,232,8,0,0,175,195,105,250,255,255,255,254,225,172,0,0,0,0,0,0,0,0,0,0,0,0,0,0,0,0,
0,0,0,4,80,189,254,255,220,66,3,156,255,252,127,2,0,0,0,0,0,0,0,0,0,0,144,255,255,251,147,0,0,0,45,143,0,72,254,255,255,255,241,84,0,0,0,0,0,0,0,0,0,0,0,0,0,0,0,0,
1,57,139,229,255,255,254,251,42,0,0,1,131,253,254,180,14,0,0,0,0,0,0,0,0,0,78,234,254,247,73,0,0,0,2,106,128,223,254,255,255,255,253,160,55,0,0,0,0,0,0,0,0,0,0,0,0,0,0,0,
224,254,254,255,254,182,171,254,87,0,0,0,0,124,254,254,210,30,0,0,0,0,0,0,0,0,5,157,230,231,15,0,0,19,163,252,254,255,255,255,255,255,255,255,254,200,52,0,0,0,0,0,0,0,0,0,0,0,0,0,
255,254,234,146,44,40,252,255,246,20,0,0,11,193,254,189,239,223,33,0,0,0,0,0,0,0,0,63,171,77,3,0,25,220,254,255,255,255,255,255,255,255,255,255,255,255,246,58,0,0,0,0,0,0,0,0,0,0,0,0,
185,64,5,0,0,140,255,255,255,104,0,0,111,254,255,229,37,213,224,41,0,0,0,0,0,0,0,2,21,1,0,0,184,255,255,255,255,255,255,255,255,255,255,255,255,255,255,195,0,0,0,0,0,0,0,0,0,0,0,0,
164,3,0,0,0,221,255,255,255,174,0,0,207,255,255,255,64,23,221,233,54,0,0,0,0,0,0,0,0,0,0,78,254,255,255,255,255,255,255,255,255,255,255,255,255,255,255,255,66,0,0,0,0,0,0,0,0,0,0,0,
255,81,0,0,0,184,255,255,255,136,0,7,250,255,255,255,107,0,41,238,246,112,5,0,0,0,0,0,0,0,0,206,255,255,255,255,255,255,255,255,255,255,255,255,255,255,255,255,180,0,0,0,0,0,0,0,0,0,19,121,
255,180,0,0,0,129,255,255,255,67,0,0,201,255,255,255,44,0,0,156,255,254,225,140,86,57,56,78,102,76,79,254,255,255,255,255,255,255,255,255,255,255,255,255,255,255,255,255,251,155,153,172,220,231,185,173,173,204,251,254,
255,228,0,0,0,69,255,255,247,10,0,0,145,255,255,233,1,0,51,234,254,164,130,173,229,254,254,254,254,254,254,254,255,255,255,255,255,255,255,255,255,255,255,255,255,255,255,255,254,250,254,254,254,254,254,254,160,102,64,147,
255,163,0,0,0,16,252,255,194,0,0,0,88,254,255,170,0,0,173,255,255,184,0,0,1,203,234,145,132,121,112,224,255,255,255,255,255,255,255,255,255,255,255,255,255,255,255,255,254,60,14,25,25,37,212,248,64,0,1,214,
254,96,0,0,0,0,209,255,130,0,0,0,31,254,255,106,0,19,248,255,255,250,20,0,102,254,255,124,0,0,39,235,255,255,255,255,255,255,255,255,255,255,255,255,255,255,255,255,255,202,0,0,0,126,255,255,211,0,43,254,
254,32,0,0,0,0,153,255,64,0,0,0,0,228,255,43,0,25,254,255,255,252,19,0,202,255,255,221,0,0,1,217,255,255,255,255,255,255,255,255,255,255,255,255,255,255,255,255,255,254,42,0,2,228,255,255,255,61,13,248,
219,0,0,0,0,0,92,244,8,0,0,0,0,171,233,0,0,0,224,255,255,208,0,15,253,255,255,254,30,0,34,254,255,255,255,255,255,255,255,255,255,255,255,255,255,255,255,255,255,255,100,0,1,234,255,255,255,103,0,198,
154,0,0,0,0,0,37,187,0,0,0,0,0,115,171,0,0,0,165,255,255,148,0,0,230,255,255,240,2,0,2,238,255,255,255,255,255,255,255,255,255,255,255,255,255,255,255,255,255,254,49,0,0,176,255,255,254,40,0,135,
87,0,0,0,0,0,0,43,0,0,0,0,0,46,97,0,0,0,109,254,255,86,0,0,173,255,255,184,0,0,0,198,255,255,255,255,255,255,255,255,255,255,255,255,255,255,255,255,255,241,3,0,0,112,255,255,232,0,0,70,
27,0,0,0,0,0,0,0,0,0,0,0,0,0,0,0,0,0,49,254,254,25,0,0,114,255,255,120,0,0,0,213,255,255,255,255,255,255,255,255,255,255,255,255,255,255,255,255,255,184,0,0,0,49,254,255,168,0,0,11,
0,0,0,0,0,0,0,0,0,0,0,0,0,0,0,0,0,0,4,244,219,0,0,0,59,254,254,62,0,0,0,237,255,255,255,255,255,255,255,255,255,255,255,255,255,255,255,255,255,124,0,0,0,2,240,255,109,0,0,0,
0,0,0,0,0,0,0,0,0,0,0,0,0,0,0,0,0,0,0,189,156,0,0,0,7,247,247,7,0,0,17,254,255,255,255,255,255,255,255,255,255,255,255,255,255,255,255,255,255,63,0,0,0,0,183,254,46,0,0,0,
0,0,0,0,0,0,0,0,0,0,0,0,0,0,0,0,0,0,0,134,95,0,0,0,0,198,195,0,0,0,70,255,255,255,255,255,255,255,255,255,255,255,255,255,255,255,255,255,250,8,0,0,0,0,119,235,1,0,0,0,
0,0,0,0,0,0,0,0,0,0,0,0,0,0,0,0,0,0,0,42,19,0,0,0,0,141,133,0,0,0,121,255,255,255,255,255,255,255,255,255,255,255,255,255,255,255,255,255,251,9,0,0,0,0,58,173,0,0,0,0,
0,0,0,0,0,0,0,0,0,0,0,0,0,0,0,0,0,0,0,0,0,0,0,0,0,73,62,0,0,0,138,255,255,255,255,255,255,255,255,255,255,255,255,255,255,255,255,255,254,49,0,0,0,0,3,48,0,0,0,0,
0,0,0,0,0,0,0,0,0,0,0,0,0,0,0,0,0,0,0,0,0,0,0,0,0,0,0,0,0,0,162,255,255,228,254,255,255,255,255,255,255,255,255,255,255,255,255,255,254,68,0,0,0,0,0,0,0,0,0,0,
0,0,0,0,0,0,0,0,0,0,0,0,0,0,0,0,0,0,0,0,0,0,0,0,0,0,0,0,0,0,165,255,255,250,255,255,255,255,255,255,255,255,255,255,255,255,255,255,255,76,0,0,0,0,0,0,0,0,0,0,
0,0,0,0,0,0,0,0,0,0,0,0,0,0,0,0,0,0,0,0,0,0,0,0,0,0,0,0,0,0,165,255,255,255,255,255,255,255,255,255,255,255,255,255,255,255,255,255,255,68,0,0,0,0,0,0,0,0,0,0,
