0,0,0,0,0,0,0,0,0,0,0,0,0,0,0,0,0,0,0,0,0,0,0,0,0,0,0,0,0,0,0,0,0,0,0,0,0,0,0,0,0,0,0,0,0,0,0,0,0,0,0,0,0,0,0,0,0,0,0,0,
0,0,0,0,0,0,0,0,0,0,0,0,0,0,0,0,0,0,0,0,0,0,0,0,0,0,0,0,0,0,0,0,0,0,0,0,10,9,0,0,0,0,0,0,0,0,0,0,0,0,0,0,0,0,0,0,0,0,0,0,
0,0,0,0,0,0,0,0,0,0,0,0,0,0,0,0,0,0,0,0,0,0,0,0,0,0,0,0,0,0,0,0,0,49,159,234,254,254,236,195,135,81,18,0,0,0,0,0,0,0,0,0,0,0,0,0,0,0,0,0,
0,0,0,0,0,0,0,0,0,0,0,0,0,0,0,0,0,0,0,0,0,0,0,0,0,0,0,0,0,0,0,23,167,254,255,255,255,255,255,255,255,255,193,14,0,0,0,0,0,0,0,0,0,0,0,0,0,0,0,0,
0,0,0,0,0,0,0,0,0,0,0,0,0,0,0,0,0,0,0,0,0,0,0,0,0,0,0,0,0,0,48,230,255,255,255,255,255,255,255,255,255,255,254,203,14,0,0,0,0,0,0,0,0,0,0,0,0,0,0,0,
0,0,0,0,0,0,0,0,0,0,0,0,0,0,0,0,0,0,0,0,0,0,0,0,0,0,0,0,0,16,225,255,255,255,255,255,255,255,255,255,255,255,255,255,171,0,0,0,0,0,0,0,0,0,0,0,0,0,0,0,
0,0,0,0,0,0,0,0,0,0,0,0,0,0,0,0,0,0,0,0,0,0,0,0,0,0,0,0,36,175,255,255,255,255,255,255,255,255,255,255,255,255,255,255,254,65,0,0,0,0,0,0,0,0,0,0,0,0,0,0,
0,0,0,0,0,0,0,0,0,0,0,0,0,0,0,0,0,0,0,0,0,0,0,0,0,0,0,0,133,255,255,255,255,255,255,255,255,255,255,255,255,255,255,255,255,153,0,0,0,0,0,0,0,0,0,0,0,0,0,0,
0,0,0,0,0,0,0,0,0,0,0,0,0,0,0,0,0,0,0,0,0,0,0,0,0,0,0,0,110,254,255,255,255,255,255,255,255,255,255,255,255,255,255,255,255,182,0,0,0,0,0,0,0,0,0,0,0,0,0,0,
0,0,0,0,0,0,0,0,0,0,0,0,0,0,0,0,0,0,0,0,0,0,0,0,0,0,0,0,57,254,255,255,255,255,255,255,255,255,255,255,255,255,255,255,255,161,0,0,0,0,0,0,0,0,0,0,0,0,0,0,
0,0,0,0,0,0,0,0,0,0,0,0,0,0,0,0,0,0,0,0,0,0,0,0,0,0,0,7,182,255,255,255,255,255,255,255,255,255,255,255,255,255,255,255,255,105,0,0,0,0,0,0,0,0,0,0,0,0,0,0,
0,0,0,0,0,0,0,0,0,0,0,0,0,0,0,0,0,0,0,0,0,0,0,0,0,0,14,189,255,255,255,255,255,255,255,255,255,255,255,255,255,255,255,255,254,81,0,0,0,0,0,0,0,0,0,0,0,0,0,0,
0,0,0,0,0,0,0,0,0,0,0,0,0,0,0,0,0,0,0,0,0,0,0,0,0,64,208,255,255,255,255,255,255,255,255,255,255,255,255,255,255,255,255,255,255,205,5,0,0,0,0,0,0,0,0,0,0,0,0,0,
0,0,0,0,0,0,0,0,0,0,0,0,0,0,0,0,0,0,0,0,0,0,0,0,0,165,254,229,207,254,255,255,255,255,255,255,255,255,255,255,255,255,255,255,255,254,150,1,0,0,0,0,0,0,0,0,0,0,0,0,
0,0,0,0,0,0,0,0,0,0,0,0,0,0,0,0,0,0,0,0,0,0,0,0,0,5,67,17,71,254,254,255,255,255,255,255,255,255,255,255,255,255,255,255,255,222,232,186,0,0,0,0,0,0,0,0,0,0,0,0,
0,0,0,0,0,0,0,0,0,0,0,0,0,0,0,0,0,0,0,0,0,0,0,0,0,0,0,0,2,120,211,213,255,255,255,255,255,255,255,255,255,255,255,255,255,160,4,72,0,0,0,0,0,0,0,0,0,0,0,0,
0,0,0,0,0,0,0,0,0,0,0,0,0,0,0,0,0,0,0,0,0,0,0,0,0,0,0,0,0,0,3,28,245,255,255,255,255,255,255,255,255,255,255,254,211,122,0,0,0,0,0,0,0,0,0,0,0,0,0,0,
0,0,0,0,0,0,0,0,0,0,0,10,114,210,127,0,0,0,0,0,0,0,0,0,0,0,0,0,0,0,0,63,240,255,255,255,255,255,255,255,255,255,255,209,139,2,0,0,0,0,0,0,0,0,0,0,0,0,0,0,
0,0,0,0,0,0,0,0,0,15,115,231,255,254,254,132,1,0,0,0,0,0,0,0,0,0,0,0,0,0,0,0,86,254,255,255,255,255,255,252,223,254,172,188,0,0,0,0,0,0,0,0,0,0,0,0,0,0,0,0,
0,0,0,0,0,0,1,55,152,242,255,251,151,75,235,255,158,4,0,0,0,0,0,0,0,0,0,0,0,0,0,0,90,111,229,254,255,255,255,231,114,103,89,14,0,0,0,0,0,0,0,0,0,0,0,0,0,0,0,0,
0,0,0,14,75,145,223,255,255,255,254,71,0,0,60,242,254,186,14,0,0,0,0,0,0,0,0,0,0,0,0,0,2,5,51,229,255,255,255,255,172,0,2,0,0,0,0,0,0,0,0,0,0,0,0,0,0,0,0,0,
118,161,212,252,254,255,255,254,205,152,254,120,0,0,0,52,228,255,204,18,0,0,0,0,0,0,0,0,0,0,0,0,0,0,40,231,255,255,255,255,254,210,134,35,0,0,0,0,0,0,0,0,0,0,0,0,0,0,0,0,
254,254,255,255,254,214,140,52,0,168,255,254,94,0,0,0,184,255,255,205,17,0,0,0,0,0,0,0,0,0,0,0,20,166,253,255,255,255,255,255,255,255,255,248,57,0,0,0,0,0,0,0,0,0,0,0,0,0,0,0,
88,61,230,246,46,0,0,0,0,226,255,255,237,25,0,41,242,255,240,242,194,9,0,0,0,0,0,0,0,0,0,22,216,255,255,255,255,255,255,255,255,255,255,255,184,0,0,0,0,0,0,0,0,0,0,0,0,0,4,151,
0,26,241,255,220,16,0,0,11,252,255,255,254,89,0,110,255,255,254,127,245,174,3,0,0,0,0,0,0,0,0,166,255,255,255,255,255,255,255,255,255,255,255,255,253,18,0,0,0,0,0,0,0,0,0,0,0,22,183,248,
0,79,255,255,255,173,0,0,3,219,255,255,255,88,0,154,255,255,255,180,88,254,160,2,0,0,0,0,0,0,44,252,255,255,255,255,255,255,255,255,255,255,255,255,255,111,0,0,0,0,1,8,0,0,4,47,130,238,255,118,
0,112,255,255,255,255,6,0,0,95,255,255,254,83,0,129,255,255,255,179,0,148,254,173,15,0,0,0,0,0,155,255,255,255,255,255,255,255,255,255,255,255,255,255,255,232,125,126,147,175,230,254,243,242,249,235,188,213,255,180,
0,76,255,255,255,254,10,0,0,3,218,255,255,77,0,25,247,255,255,166,0,53,254,255,228,111,28,0,0,11,244,255,255,255,255,255,255,255,255,255,255,255,255,255,255,254,244,250,224,225,220,195,214,250,57,0,0,207,255,255,
0,0,191,255,255,254,14,0,0,0,96,254,254,71,0,0,159,255,255,153,0,146,254,254,179,220,254,234,200,201,254,255,255,255,255,255,255,255,255,255,255,255,255,255,255,163,209,244,40,0,0,15,242,255,176,0,42,255,255,255,
0,0,47,252,255,254,22,0,0,0,5,225,255,67,0,0,48,254,255,140,11,251,255,255,125,0,35,205,250,251,247,255,255,255,255,255,255,255,255,255,255,255,255,255,255,254,255,255,187,0,0,98,255,255,253,46,19,251,255,255,
0,0,0,156,255,255,25,0,0,0,0,106,254,59,0,0,0,189,255,128,57,255,255,255,241,5,12,222,254,129,199,255,255,255,255,255,255,255,255,255,255,255,255,255,255,255,255,255,254,50,0,137,255,255,254,110,0,191,255,255,
0,0,0,25,243,254,26,0,0,0,0,7,225,51,0,0,0,80,255,116,62,254,255,255,248,2,79,255,255,246,87,254,255,255,255,255,255,255,255,255,255,255,255,255,255,254,255,255,254,56,0,60,254,255,255,63,0,112,255,255,
0,0,0,0,124,254,28,0,0,0,0,0,88,29,0,0,0,2,218,103,1,216,255,255,228,0,141,254,255,255,210,254,255,255,255,255,255,255,255,255,255,255,255,255,255,223,254,255,254,17,0,2,227,255,253,16,0,32,254,254,
0,0,0,0,9,226,28,0,0,0,0,0,0,0,0,0,0,0,106,84,0,115,255,255,209,0,136,255,255,255,234,255,255,255,255,255,255,255,255,255,255,255,255,255,255,198,215,255,229,0,0,0,150,255,221,0,0,0,208,229,
0,0,0,0,0,61,7,0,0,0,0,0,0,0,0,0,0,0,2,8,0,21,247,255,192,0,41,254,255,255,233,255,255,255,255,255,255,255,255,255,255,255,255,255,255,219,124,254,190,0,0,0,69,254,173,0,0,0,131,175,
0,0,0,0,0,0,0,0,0,0,0,0,0,0,0,0,0,0,0,0,0,0,167,255,173,0,0,201,255,255,228,255,255,255,255,255,255,255,255,255,255,255,255,255,255,239,41,254,151,0,0,0,4,234,123,0,0,0,44,107,
0,0,0,0,0,0,0,0,0,0,0,0,0,0,0,0,0,0,0,0,0,0,64,254,153,0,0,102,255,255,221,255,255,255,255,255,255,255,255,255,255,255,255,255,255,253,9,209,110,0,0,0,0,159,74,0,0,0,0,0,
0,0,0,0,0,0,0,0,0,0,0,0,0,0,0,0,0,0,0,0,0,0,1,214,134,0,0,15,246,255,216,255,255,255,255,255,255,255,255,255,255,255,255,255,255,255,38,115,68,0,0,0,0,32,10,0,0,0,0,0,
0,0,0,0,0,0,0,0,0,0,0,0,0,0,0,0,0,0,0,0,0,0,0,110,112,0,0,0,162,254,212,255,255,255,255,255,255,255,255,255,255,255,255,255,255,255,82,4,2,0,0,0,0,0,0,0,0,0,0,0,
0,0,0,0,0,0,0,0,0,0,0,0,0,0,0,0,0,0,0,0,0,0,0,9,33,0,0,0,63,253,233,255,255,255,255,255,255,255,255,255,255,255,255,255,255,255,102,0,0,0,0,0,0,0,0,0,0,0,0,0,
0,0,0,0,0,0,0,0,0,0,0,0,0,0,0,0,0,0,0,0,0,0,0,0,0,0,0,0,2,220,255,255,255,255,255,255,255,255,255,255,255,255,255,255,255,255,102,0,0,0,0,0,0,0,0,0,0,0,0,0,
0,0,0,0,0,0,0,0,0,0,0,0,0,0,0,0,0,0,0,0,0,0,0,0,0,0,0,0,0,118,255,255,255,255,255,255,255,255,255,255,255,255,255,255,255,255,101,0,0,0,0,0,0,0,0,0,0,0,0,0,
0,0,0,0,0,0,0,0,0,0,0,0,0,0,0,0,0,0,0,0,0,0,0,0,0,0,0,0,0,143,255,255,255,255,255,255,255,255,255,255,255,255,255,255,255,255,90,0,0,0,0,0,0,0,0,0,0,0,0,0,
0,0,0,0,0,0,0,0,0,0,0,0,0,0,0,0,0,0,0,0,0,0,0,0,0,0,0,0,0,181,255,255,255,255,255,255,255,255,255,255,255,255,255,255,255,255,72,0,0,0,0,0,0,0,0,0,0,0,0,0,
0,0,0,0,0,0,0,0,0,0,0,0,0,0,0,0,0,0,0,0,0,0,0,0,0,0,0,0,0,218,255,255,255,255,255,255,255,255,255,255,255,255,255,255,255,254,61,0,0,0,0,0,0,0,0,0,0,0,0,0,
