0,0,0,0,0,0,0,0,0,0,0,0,0,0,0,0,0,0,0,0,0,0,0,0,0,0,0,0,0,0,0,0,0,0,0,0,0,0,0,0,0,0,0,0,0,0,0,0,0,0,0,0,0,0,0,0,0,0,0,0,
0,0,0,0,0,0,0,0,0,0,0,0,0,0,0,0,0,0,0,0,0,0,0,0,0,0,0,0,0,0,0,0,0,0,0,0,0,0,0,0,0,0,0,0,0,0,0,0,0,0,0,0,0,0,0,0,0,0,0,0,
0,0,0,0,0,0,0,0,0,0,0,0,0,0,0,0,0,0,0,0,0,0,0,0,0,0,0,4,33,43,22,1,0,0,0,0,0,0,0,0,0,0,0,0,0,0,0,0,0,0,0,0,0,0,0,0,0,0,0,0,
0,0,0,0,0,0,0,0,0,0,0,0,0,0,0,0,0,0,0,0,0,0,0,0,0,47,161,242,254,254,254,244,190,98,83,2,0,0,0,0,0,0,0,0,0,0,0,0,0,0,0,0,0,0,0,0,0,0,0,0,
0,0,0,0,0,0,0,0,0,0,0,0,0,0,0,0,0,0,0,0,0,0,0,34,189,254,255,255,255,255,255,255,255,255,254,127,0,0,0,0,0,0,0,0,0,0,0,0,0,0,0,0,0,0,0,0,0,0,0,0,
0,0,0,0,0,0,0,0,0,0,0,0,0,0,0,0,0,0,0,0,0,0,23,228,255,255,255,255,255,255,255,255,255,255,255,250,49,0,0,0,0,0,0,0,0,0,0,0,0,0,0,0,0,0,0,0,0,0,0,0,
0,0,0,0,0,0,0,0,0,0,0,0,0,0,0,0,0,0,0,0,0,0,145,254,255,255,255,255,255,255,255,255,255,255,255,255,191,1,0,0,0,0,0,0,0,0,0,0,0,0,0,0,0,0,0,0,0,0,0,0,
0,0,0,0,0,0,0,0,0,0,0,0,0,0,0,0,0,0,0,0,0,0,209,255,255,255,255,255,255,255,255,255,255,255,255,255,254,69,0,0,0,0,0,0,0,0,0,0,0,0,0,0,0,0,0,0,0,0,0,0,
0,0,0,0,0,0,0,0,0,0,0,0,0,0,0,0,0,0,0,0,0,0,216,255,255,255,255,255,255,255,255,255,255,255,255,255,254,172,0,0,0,0,0,0,0,0,0,0,0,0,0,0,0,0,0,0,0,0,0,0,
0,0,0,0,0,0,0,0,0,0,0,0,0,0,0,0,0,0,0,0,0,0,193,255,255,255,255,255,255,255,255,255,255,255,255,255,255,224,1,0,0,0,0,0,0,0,0,0,0,0,0,0,0,0,0,0,0,0,0,0,
0,0,0,0,0,0,0,0,0,0,0,0,0,0,0,0,0,0,0,0,0,12,229,255,255,255,255,255,255,255,255,255,255,255,255,254,219,89,0,0,0,0,0,0,0,0,0,0,0,0,0,0,0,0,0,0,0,0,0,0,
0,0,0,0,0,0,0,0,0,0,0,0,0,0,0,0,0,0,0,0,1,170,254,255,255,255,255,255,255,255,255,255,255,255,255,255,239,54,0,0,0,0,0,0,0,0,0,0,0,0,0,0,0,0,0,0,0,0,0,0,
0,0,0,0,0,0,0,0,0,0,0,0,0,0,0,0,0,0,0,0,134,254,255,255,255,255,255,255,255,255,255,255,255,255,255,255,237,225,95,0,0,0,0,0,0,0,0,0,0,0,0,0,0,0,0,0,0,0,0,0,
0,0,0,0,0,0,0,0,0,0,0,0,0,0,0,0,0,0,0,188,254,188,246,255,255,255,255,255,255,255,255,255,255,255,255,255,181,26,18,0,0,0,0,0,0,0,0,0,0,0,0,0,0,0,0,0,0,0,0,0,
0,0,0,0,0,0,0,0,0,0,0,0,0,0,0,0,0,0,0,31,104,16,108,245,253,254,255,255,255,255,255,255,255,255,255,248,163,13,0,0,0,0,0,0,0,0,0,0,0,0,0,0,0,0,0,0,0,0,0,0,
0,0,0,0,0,0,0,0,0,0,0,0,0,0,0,0,0,0,0,0,0,0,0,54,77,212,255,255,255,255,255,255,255,255,246,218,50,0,0,0,0,0,0,0,0,0,0,0,0,0,0,0,0,0,0,0,0,0,0,0,
0,0,0,0,0,0,0,0,0,0,0,0,0,0,0,0,0,0,0,0,0,0,0,0,0,123,255,255,255,255,255,255,255,251,183,96,33,0,0,0,0,0,0,0,0,0,0,0,0,0,0,0,0,0,0,0,0,0,0,0,
0,0,0,0,0,0,0,0,0,0,0,0,1,0,0,0,0,0,0,0,0,0,0,0,0,76,217,248,255,255,255,255,255,194,69,2,0,0,0,0,0,0,0,0,0,0,0,0,0,0,0,6,0,0,0,0,0,0,0,0,
0,0,0,0,0,0,0,0,0,0,0,9,143,239,124,6,0,0,0,0,0,0,0,0,0,47,54,100,186,254,255,255,255,93,0,0,0,0,0,0,0,0,0,0,0,0,0,0,0,0,87,227,199,117,19,0,0,0,0,0,
0,0,0,0,0,0,0,0,0,0,5,130,248,245,254,217,78,0,0,0,0,0,0,0,0,0,0,1,123,251,255,255,255,199,32,0,0,0,0,0,0,0,0,0,0,0,0,0,56,199,253,214,230,230,126,20,0,0,0,0,
0,0,0,0,0,0,0,0,0,3,113,244,154,46,200,254,254,187,39,0,0,0,0,0,0,0,1,167,254,255,255,255,255,255,201,11,0,0,0,0,0,0,0,0,0,0,8,146,252,251,171,61,58,252,233,135,24,0,0,0,
0,0,0,0,0,0,0,0,3,107,241,208,7,0,7,128,248,255,247,116,1,0,0,0,0,0,75,255,255,255,255,255,255,255,243,52,0,0,0,0,0,0,0,0,0,36,205,217,206,254,242,112,105,254,254,245,161,42,1,0,
0,0,0,0,0,0,0,5,113,240,255,248,9,0,31,206,254,227,195,253,182,18,0,0,0,0,114,254,255,255,255,255,255,255,255,190,11,0,0,42,46,7,2,35,124,242,212,98,146,255,254,219,197,255,255,254,252,200,83,8,
0,0,0,0,0,0,10,128,243,255,255,254,63,19,216,254,255,252,8,117,244,222,59,0,0,0,186,255,255,255,255,255,255,255,255,248,119,121,187,251,254,251,234,232,233,250,156,14,50,238,255,236,189,255,255,240,224,254,238,150,
0,0,0,0,0,23,156,249,254,255,255,255,97,79,254,255,255,248,2,1,87,238,252,155,49,21,251,255,255,255,255,255,255,255,255,252,228,254,201,128,170,252,150,14,137,254,251,136,6,66,246,248,107,149,254,248,144,254,253,254,
0,0,0,1,50,190,252,237,247,255,255,255,94,102,254,255,255,176,0,0,8,176,254,254,254,249,255,255,255,255,255,255,255,255,255,254,218,254,221,20,190,255,250,97,142,255,254,213,44,0,72,251,132,3,136,253,205,255,254,244,
0,0,9,100,224,254,249,49,245,255,255,183,5,126,254,255,214,18,0,16,188,254,255,104,32,153,255,255,255,255,255,255,255,255,255,254,250,255,254,123,192,254,254,163,37,233,255,225,55,0,0,89,155,6,0,122,225,255,255,253,
1,45,168,246,255,255,249,36,252,255,210,13,0,147,254,231,31,0,0,164,254,255,255,87,41,229,255,255,255,255,255,255,255,255,255,255,255,255,255,144,59,254,254,166,10,73,253,237,63,0,0,0,38,10,0,0,60,176,255,255,
112,223,254,254,255,255,254,83,254,232,31,0,0,171,249,60,0,0,5,219,254,255,255,53,176,255,255,255,255,255,255,255,255,254,255,255,255,255,255,110,0,161,255,170,10,0,134,244,73,0,0,0,0,0,0,0,0,6,140,254,
250,255,154,254,255,255,254,75,251,62,0,0,0,195,113,0,0,0,23,248,255,254,171,4,227,255,255,255,255,255,255,255,255,220,237,255,255,255,254,79,0,27,241,174,8,0,3,191,88,0,0,0,0,0,0,0,0,0,0,140,
255,254,140,254,255,255,183,40,120,0,0,0,0,117,2,0,0,0,62,253,255,186,5,25,253,255,255,255,255,255,255,255,255,205,111,254,255,255,247,51,0,0,118,178,5,0,0,12,61,0,0,0,0,0,0,0,0,0,0,0,
255,255,163,254,254,187,9,3,3,0,0,0,0,0,0,0,0,0,110,254,198,10,0,73,254,255,255,255,255,255,255,255,255,218,14,188,255,255,234,30,0,0,6,103,3,0,0,0,0,0,0,0,0,0,0,0,0,0,0,0,
255,239,180,254,181,10,0,0,0,0,0,0,0,0,0,0,0,0,158,224,22,0,0,125,254,165,254,255,255,255,255,255,255,251,56,44,254,255,242,39,0,0,0,1,0,0,0,0,0,0,0,0,0,0,0,0,0,0,0,0,
254,132,213,170,4,0,0,0,0,0,0,0,0,0,0,0,0,0,192,48,0,0,0,181,189,11,255,255,255,255,255,255,255,255,157,46,254,255,251,78,0,0,0,0,0,0,0,0,0,0,0,0,0,0,0,0,0,0,0,0,
89,6,163,5,0,0,0,0,0,0,0,0,0,0,0,0,0,0,42,0,0,0,0,198,24,7,254,255,255,255,255,255,255,255,241,76,253,255,250,78,0,0,0,0,0,0,0,0,0,0,0,0,0,0,0,0,0,0,0,0,
0,0,3,0,0,0,0,0,0,0,0,0,0,0,0,0,0,0,0,0,0,0,0,30,0,35,254,255,255,255,255,255,255,255,254,139,253,255,247,62,0,0,0,0,0,0,0,0,0,0,0,0,0,0,0,0,0,0,0,0,
0,0,0,0,0,0,0,0,0,0,0,0,0,0,0,0,0,0,0,0,0,0,0,0,5,151,255,255,255,255,255,255,255,255,255,229,254,255,237,47,0,0,0,0,0,0,0,0,0,0,0,0,0,0,0,0,0,0,0,0,
0,0,0,0,0,0,0,0,0,0,0,0,0,0,0,0,0,0,0,0,0,0,0,24,194,254,255,255,255,255,255,255,255,255,255,255,255,255,226,33,0,0,0,0,0,0,0,0,0,0,0,0,0,0,0,0,0,0,0,0,
0,0,0,0,0,0,0,0,0,0,0,0,0,0,0,0,0,0,0,0,0,0,54,228,255,255,255,255,255,255,255,255,255,255,255,255,255,255,213,20,0,0,0,0,0,0,0,0,0,0,0,0,0,0,0,0,0,0,0,0,
0,0,0,0,0,0,0,0,0,0,0,0,0,0,0,0,0,0,0,0,0,54,246,255,255,255,255,255,255,255,255,255,255,255,255,255,255,255,199,12,0,0,0,0,0,0,0,0,0,0,0,0,0,0,0,0,0,0,0,0,
0,0,0,0,0,0,0,0,0,0,0,0,0,0,0,0,0,0,0,0,18,221,254,254,245,255,255,255,255,255,255,255,255,255,255,255,255,255,231,30,0,0,0,0,0,0,0,0,0,0,0,0,0,0,0,0,0,0,0,0,
0,0,0,0,0,0,0,0,0,0,0,0,0,0,0,0,0,0,0,3,186,254,246,96,145,255,255,255,255,255,255,255,255,255,255,255,255,255,254,124,0,0,0,0,0,0,0,0,0,0,0,0,0,0,0,0,0,0,0,0,
0,0,0,0,0,0,0,0,0,0,0,0,0,0,0,0,0,0,0,107,254,254,150,2,192,255,255,255,255,255,255,255,255,255,255,255,255,255,255,189,6,0,0,0,0,0,0,0,0,0,0,0,0,0,0,0,0,0,0,0,
0,0,0,0,0,0,0,0,0,0,0,0,0,0,0,0,0,0,0,185,249,158,12,4,243,255,255,255,255,255,255,255,255,255,255,255,255,255,254,174,11,0,0,0,0,0,0,0,0,0,0,0,0,0,0,0,0,0,0,0,
0,0,0,0,0,0,0,0,0,0,0,0,0,0,0,0,0,0,0,202,230,173,3,51,254,255,255,255,255,255,255,255,255,255,255,255,255,255,249,90,0,0,0,0,0,0,0,0,0,0,0,0,0,0,0,0,0,0,0,0,
