0,0,0,0,0,0,0,0,0,0,0,0,0,0,0,0,0,0,0,0,0,0,0,0,0,0,0,0,0,0,0,0,0,0,0,0,0,0,0,0,0,0,0,0,0,0,0,0,0,0,0,0,0,0,0,0,0,0,0,0,
0,0,0,0,0,0,0,0,0,0,0,0,0,0,0,0,0,0,0,0,0,0,0,0,0,0,0,0,0,0,0,0,0,0,0,0,0,0,0,0,0,0,0,0,0,0,0,0,0,0,0,0,0,0,0,0,0,0,0,0,
0,0,0,0,0,0,0,0,0,0,0,0,0,0,0,0,0,0,0,0,0,0,0,0,0,0,0,0,0,0,0,0,0,0,0,0,0,0,0,0,0,0,0,0,0,0,0,0,0,0,0,0,0,0,0,0,0,0,0,0,
0,0,0,0,0,0,0,0,0,0,0,0,0,0,0,0,0,0,0,0,0,0,0,0,0,0,0,0,0,0,0,0,0,0,0,0,0,0,0,0,0,0,0,0,0,0,0,0,0,0,0,0,0,0,0,0,0,0,0,0,
0,0,0,0,0,0,0,0,0,0,0,0,0,0,0,0,0,0,0,0,0,0,0,0,0,0,27,78,84,56,66,102,98,52,1,0,0,0,0,0,0,0,0,0,0,0,0,0,0,0,0,0,0,0,0,0,0,0,0,0,
0,0,0,0,0,0,0,0,0,0,0,0,0,0,0,0,0,0,0,0,0,0,0,0,11,165,253,255,254,254,254,254,254,254,203,29,0,0,0,0,0,0,0,0,0,0,0,0,0,0,0,0,0,0,0,0,0,0,0,0,
0,0,0,0,0,0,0,0,0,0,0,0,0,0,0,0,0,0,0,0,0,0,0,0,157,255,255,255,255,255,255,255,255,255,255,205,3,0,0,0,0,0,0,0,0,0,0,0,0,0,0,0,0,0,0,0,0,0,0,0,
0,0,0,0,0,0,0,0,0,0,0,0,0,0,0,0,0,0,0,0,0,0,0,17,250,255,255,255,255,255,255,255,255,255,255,254,207,214,67,0,0,0,0,0,0,0,0,0,0,0,0,0,0,0,0,0,0,0,0,0,
0,0,0,0,0,0,0,0,0,0,0,0,0,0,0,0,0,0,0,0,0,0,0,72,255,255,255,255,255,255,255,255,255,255,255,255,255,255,251,79,0,0,0,0,0,0,0,0,0,0,0,0,0,0,0,0,0,0,0,0,
0,0,0,0,0,0,0,0,0,0,0,0,0,0,0,0,0,0,0,0,0,0,0,92,254,255,255,255,255,255,255,255,255,255,255,255,255,255,255,233,34,0,0,0,0,0,0,0,0,0,0,0,0,0,0,0,0,0,0,0,
0,0,0,0,0,0,0,0,0,0,0,0,0,0,0,0,0,0,0,0,0,0,0,50,254,255,255,255,255,255,255,255,255,255,255,255,255,255,255,255,172,0,0,0,0,0,0,0,0,0,0,0,0,0,0,0,0,0,0,0,
0,0,0,0,0,0,0,0,0,0,0,0,0,0,0,0,0,0,0,0,0,0,0,56,254,255,255,255,255,255,255,255,255,255,255,255,255,255,255,255,213,0,0,0,0,0,0,0,0,0,0,0,0,0,0,0,0,0,0,0,
0,0,0,0,0,0,0,0,0,0,0,0,0,0,0,0,0,0,0,0,0,0,13,206,255,255,255,255,255,255,255,255,255,255,255,255,229,254,255,255,198,0,0,0,0,0,0,0,0,0,0,0,0,0,0,0,0,0,0,0,
0,0,0,0,0,0,0,0,0,0,0,0,0,0,0,0,0,0,0,0,0,15,208,254,255,255,255,255,255,255,255,255,255,255,255,254,70,210,255,255,122,0,0,0,0,0,0,0,0,0,0,0,0,0,0,0,0,0,0,0,
0,0,0,0,0,0,0,0,0,0,0,0,0,0,0,0,0,0,0,0,0,0,65,132,210,255,255,255,255,255,255,255,255,255,255,254,23,183,255,255,128,0,0,0,0,0,0,0,0,0,0,0,0,0,0,0,0,0,0,0,
0,0,0,0,0,0,0,0,0,0,0,0,0,0,0,0,0,0,0,0,0,0,0,53,236,255,255,255,255,255,255,255,255,255,254,250,102,164,255,255,218,1,0,0,0,0,0,0,0,0,0,0,0,0,0,0,0,0,0,0,
0,0,0,0,0,0,0,0,0,0,0,0,0,0,0,0,0,0,0,0,0,0,0,8,72,212,255,255,255,255,255,255,255,255,220,65,17,147,255,255,254,64,0,0,0,0,0,0,0,0,0,0,0,0,0,0,0,0,0,0,
0,0,0,0,0,0,0,0,0,0,0,0,0,0,0,0,0,0,0,0,0,0,0,0,0,58,237,248,254,255,255,255,230,187,167,0,0,91,254,255,255,97,0,0,0,0,0,0,0,0,0,0,0,0,0,0,0,0,0,0,
0,0,0,0,0,0,0,0,0,0,0,0,0,0,0,0,0,0,0,0,0,0,0,0,0,0,130,136,242,255,255,236,46,105,129,0,0,13,227,255,255,105,0,0,0,0,0,0,0,0,0,0,0,0,0,0,0,0,0,0,
0,0,0,0,0,0,76,17,0,0,0,0,0,0,0,0,0,0,0,0,0,0,0,0,0,0,31,93,225,255,255,210,26,54,38,0,0,0,87,254,253,93,0,0,0,0,0,0,0,0,0,0,0,0,0,0,0,0,0,0,
0,0,0,0,0,146,254,242,149,49,0,0,0,0,0,0,0,0,0,0,0,0,0,0,0,71,190,253,255,255,255,255,250,175,47,0,0,0,2,172,240,43,0,0,0,0,0,0,0,34,158,108,0,0,0,0,0,0,0,0,
0,0,0,3,153,246,73,118,232,254,197,81,1,0,0,0,0,0,0,0,0,0,0,0,101,253,255,255,255,255,255,255,255,255,249,80,0,0,0,1,49,1,0,0,0,0,0,50,167,250,194,240,87,0,0,0,0,0,0,0,
0,0,17,180,254,135,0,0,34,240,249,214,206,70,0,0,0,0,0,0,0,0,0,27,242,255,255,255,255,255,255,255,255,255,255,241,24,0,0,0,0,0,0,0,0,30,166,253,230,77,1,95,246,68,0,0,0,0,0,0,
0,57,221,255,255,243,65,0,189,254,254,78,83,226,196,96,37,21,38,86,152,139,65,169,255,255,255,255,255,255,255,255,255,255,255,255,151,17,63,10,0,0,0,16,124,226,216,255,248,26,171,233,241,248,93,0,0,0,0,0,
139,251,245,214,255,255,185,0,190,255,254,71,0,48,249,247,213,209,253,254,204,223,249,255,255,255,255,255,255,255,255,255,255,255,255,255,252,251,254,245,202,172,196,246,212,29,179,255,252,125,254,255,157,163,254,153,13,0,0,0,
254,195,41,103,254,255,122,0,140,255,206,0,30,236,255,171,46,241,255,227,1,0,100,254,255,255,255,255,255,255,255,255,255,255,255,255,211,72,41,199,255,230,109,254,253,91,178,223,71,183,254,204,48,73,231,254,227,95,3,0,
255,97,0,42,253,241,18,0,90,254,85,0,81,255,255,211,207,255,255,166,0,0,207,255,255,255,255,255,255,255,255,255,255,255,255,255,233,28,0,157,255,255,237,254,255,131,67,12,0,94,28,0,64,251,255,212,91,229,216,100,
255,238,5,7,223,142,0,0,38,207,3,0,102,254,254,210,254,255,220,42,0,22,253,255,255,255,255,255,255,255,255,255,255,255,255,255,254,95,0,40,214,255,255,252,243,29,0,0,0,0,0,23,232,254,253,128,163,254,254,233,
255,208,0,0,97,29,0,0,0,5,0,0,124,254,213,247,246,128,9,0,0,83,254,255,255,255,255,255,255,255,255,255,255,255,255,255,255,147,0,0,0,55,149,231,121,0,0,0,0,0,0,0,6,5,52,227,255,255,253,159,
254,73,0,0,0,0,0,0,0,0,0,0,147,232,222,183,36,0,0,0,0,147,236,255,255,255,255,255,255,255,255,255,255,255,255,255,255,198,0,0,0,0,0,5,4,0,0,0,0,0,0,0,0,0,1,38,89,161,238,254,
189,0,0,0,0,0,0,0,0,0,0,0,104,77,81,0,0,0,0,0,0,171,96,255,255,255,255,255,255,255,255,255,255,255,255,255,252,245,5,0,0,0,0,0,0,0,0,0,0,0,0,0,0,0,0,0,0,0,4,66,
57,0,0,0,0,0,0,0,0,0,0,0,0,0,0,0,0,0,0,0,0,6,107,255,255,255,255,255,255,255,255,255,255,255,255,255,250,142,47,0,0,0,0,0,0,0,0,0,0,0,0,0,0,0,0,0,0,0,0,0,
0,0,0,0,0,0,0,0,0,0,0,0,0,0,0,0,0,0,0,0,0,0,156,255,249,237,255,255,255,255,255,255,255,255,255,255,254,28,7,0,0,0,0,0,0,0,0,0,0,0,0,0,0,0,0,0,0,0,0,0,
0,0,0,0,0,0,0,0,0,0,0,0,0,0,0,0,0,0,0,0,0,19,244,255,192,228,255,255,255,255,255,255,255,255,251,255,254,75,0,0,0,0,0,0,0,0,0,0,0,0,0,0,0,0,0,0,0,0,0,0,
0,0,0,0,0,0,0,0,0,0,0,0,0,0,0,0,0,0,0,0,0,109,254,255,136,252,255,255,255,255,255,255,255,255,227,254,255,171,0,0,0,0,0,0,0,0,0,0,0,0,0,0,0,0,0,0,0,0,0,0,
0,0,0,0,0,0,0,0,0,0,0,0,0,0,0,0,0,0,0,0,0,193,255,253,60,252,255,255,255,255,255,255,255,255,198,240,255,242,6,0,0,0,0,0,0,0,0,0,0,0,0,0,0,0,0,0,0,0,0,0,
0,0,0,0,0,0,0,0,0,0,0,0,0,0,0,0,0,0,0,0,21,251,255,184,65,254,255,255,255,255,255,255,255,255,220,165,255,255,57,0,0,0,0,0,0,0,0,0,0,0,0,0,0,0,0,0,0,0,0,0,
0,0,0,0,0,0,0,0,0,0,0,0,0,0,0,0,0,0,0,0,94,254,254,71,186,255,255,255,255,255,255,255,255,255,254,157,254,255,117,0,0,0,0,0,0,0,0,0,0,0,0,0,0,0,0,0,0,0,0,0,
0,0,0,0,0,0,0,0,0,0,0,0,0,0,0,0,0,0,0,0,171,255,209,43,254,255,255,255,255,255,255,255,255,255,255,209,219,255,177,0,0,0,0,0,0,0,0,0,0,0,0,0,0,0,0,0,0,0,0,0,
0,0,0,0,0,0,0,0,0,0,0,0,0,0,0,0,0,0,0,6,240,254,95,135,255,255,255,255,255,255,255,255,255,255,255,254,175,255,232,0,0,0,0,0,0,0,0,0,0,0,0,0,0,0,0,0,0,0,0,0,
0,0,0,0,0,0,0,0,0,0,0,0,0,0,0,0,0,0,0,69,254,227,10,217,255,255,255,255,255,255,255,255,255,255,255,255,157,250,254,37,0,0,0,0,0,0,0,0,0,0,0,0,0,0,0,0,0,0,0,0,
0,0,0,0,0,0,0,0,0,0,0,0,0,0,0,0,0,0,0,161,255,139,31,254,255,255,255,255,255,255,255,255,255,255,255,255,201,184,255,93,0,0,0,0,0,0,0,0,0,0,0,0,0,0,0,0,0,0,0,0,
0,0,0,0,0,0,0,0,0,0,0,0,0,0,0,0,0,0,20,247,254,95,96,254,255,255,255,255,255,255,255,255,255,255,255,255,251,163,255,144,0,0,0,0,0,0,0,0,0,0,0,0,0,0,0,0,0,0,0,0,
0,0,0,0,0,0,0,0,0,0,0,0,0,0,0,0,0,0,115,255,251,63,176,255,255,255,255,255,255,255,255,255,255,255,255,255,255,238,255,198,0,0,0,0,0,0,0,0,0,0,0,0,0,0,0,0,0,0,0,0,
0,0,0,0,0,0,0,0,0,0,0,0,0,0,0,0,0,0,193,255,247,99,246,255,255,255,255,255,255,255,255,255,255,255,255,255,255,255,255,247,5,0,0,0,0,0,0,0,0,0,0,0,0,0,0,0,0,0,0,0,
