0,0,0,0,0,0,0,0,0,0,0,0,0,0,0,0,0,0,0,0,0,0,0,0,0,0,0,0,0,0,0,0,0,0,0,0,0,0,0,0,0,0,0,0,0,0,0,0,0,0,0,0,0,0,0,0,0,0,0,0,
0,0,0,0,0,0,0,0,0,0,0,0,0,0,0,0,0,0,0,0,0,0,0,0,0,0,0,0,0,0,0,0,0,0,0,0,0,0,0,0,0,0,0,0,0,0,0,0,0,0,0,0,0,0,0,0,0,0,0,0,
0,0,0,0,0,0,0,0,0,0,0,0,0,0,0,0,0,0,0,0,0,0,0,0,0,0,0,0,0,0,0,0,0,0,0,0,0,0,0,0,0,0,0,0,0,0,0,0,0,0,0,0,0,0,0,0,0,0,0,0,
0,0,0,0,0,0,0,0,0,0,0,0,0,0,0,0,0,0,0,0,0,0,0,0,0,0,0,0,0,0,0,0,0,0,0,0,0,0,0,0,0,0,0,0,0,0,0,0,0,0,0,0,0,0,0,0,0,0,0,0,
0,0,0,0,0,0,0,0,0,0,0,0,0,0,0,0,0,0,0,0,0,0,0,0,0,0,26,71,65,36,59,80,70,19,0,0,0,0,0,0,0,0,0,0,0,0,0,0,0,0,0,0,0,0,0,0,0,0,0,0,
0,0,0,0,0,0,0,0,0,0,0,0,0,0,0,0,0,0,0,0,0,0,0,0,28,184,254,254,255,255,254,255,254,250,146,3,0,0,0,0,0,0,0,0,0,0,0,0,0,0,0,0,0,0,0,0,0,0,0,0,
0,0,0,0,0,0,0,0,0,0,0,0,0,0,0,0,0,0,0,0,0,0,0,2,206,255,255,255,255,255,255,255,255,255,255,137,0,0,0,0,0,0,0,0,0,0,0,0,0,0,0,0,0,0,0,0,0,0,0,0,
0,0,0,0,0,0,0,0,0,0,0,0,0,0,0,0,0,0,0,0,0,0,0,69,254,255,255,255,255,255,255,255,255,255,255,247,208,195,43,0,0,0,0,0,0,0,0,0,0,0,0,0,0,0,0,0,0,0,0,0,
0,0,0,0,0,0,0,0,0,0,0,0,0,0,0,0,0,0,0,0,0,0,0,130,255,255,255,255,255,255,255,255,255,255,255,255,255,255,240,49,0,0,0,0,0,0,0,0,0,0,0,0,0,0,0,0,0,0,0,0,
0,0,0,0,0,0,0,0,0,0,0,0,0,0,0,0,0,0,0,0,0,0,0,143,255,255,255,255,255,255,255,255,255,255,255,255,255,255,255,199,8,0,0,0,0,0,0,0,0,0,0,0,0,0,0,0,0,0,0,0,
0,0,0,0,0,0,0,0,0,0,0,0,0,0,0,0,0,0,0,0,0,0,0,116,254,255,255,255,255,255,255,255,255,255,255,255,255,255,255,255,115,0,0,0,0,0,0,0,0,0,0,0,0,0,0,0,0,0,0,0,
0,0,0,0,0,0,0,0,0,0,0,0,0,0,0,0,0,0,0,0,0,0,0,106,254,255,255,255,255,255,255,255,255,255,255,255,255,255,255,255,160,0,0,0,0,0,0,0,0,0,0,0,0,0,0,0,0,0,0,0,
0,0,0,0,0,0,0,0,0,0,0,0,0,0,0,0,0,0,0,0,0,0,26,232,255,255,255,255,255,255,255,255,255,255,255,255,240,255,255,255,148,0,0,0,0,0,0,0,0,0,0,0,0,0,0,0,0,0,0,0,
0,0,0,0,0,0,0,0,0,0,0,0,0,0,0,0,0,0,0,0,0,39,223,255,255,255,255,255,255,255,255,255,255,255,255,247,56,254,255,254,74,0,0,0,0,0,0,0,0,0,0,0,0,0,0,0,0,0,0,0,
0,0,0,0,0,0,0,0,0,0,0,0,0,0,0,0,0,0,0,0,0,9,107,149,249,255,255,255,255,255,255,255,255,255,255,215,4,253,255,253,22,0,0,0,0,0,0,0,0,0,0,0,0,0,0,0,0,0,0,0,
0,0,0,0,0,0,0,0,0,0,0,0,0,0,0,0,0,0,0,0,0,0,0,103,253,255,255,255,255,255,255,255,255,255,255,249,40,248,255,254,95,0,0,0,0,0,0,0,0,0,0,0,0,0,0,0,0,0,0,0,
0,0,0,0,0,0,0,0,0,0,0,0,0,0,0,0,0,0,0,0,0,0,0,10,125,229,255,255,255,255,255,255,254,254,170,91,9,243,255,255,179,0,0,0,0,0,0,0,0,0,0,0,0,0,0,0,0,0,0,0,
0,0,0,0,0,0,0,0,0,0,0,0,0,0,0,0,0,0,0,0,0,0,0,0,0,117,245,254,254,255,255,255,211,205,119,0,0,215,255,255,196,0,0,0,0,0,0,0,0,0,0,0,0,0,0,0,0,0,0,0,
0,0,0,0,0,0,0,0,0,0,0,0,0,0,0,0,0,0,0,0,0,0,0,0,0,0,154,171,254,255,255,212,24,142,95,0,0,138,255,255,175,0,0,0,0,0,0,0,0,0,0,0,0,0,0,0,0,0,0,0,
0,0,0,0,0,0,31,0,0,0,0,0,0,0,0,0,0,0,0,0,0,0,0,0,0,0,33,110,254,255,255,160,6,64,32,0,0,19,245,254,130,0,0,0,0,0,0,0,0,0,0,0,0,0,0,0,0,0,0,0,
0,0,0,0,0,136,254,189,83,5,0,0,0,0,0,0,0,0,0,0,0,0,0,0,0,73,190,253,255,255,255,254,234,143,32,0,0,0,120,231,59,0,0,0,0,0,0,0,0,70,198,122,0,0,0,0,0,0,0,0,
0,0,0,1,145,249,108,187,254,230,130,24,0,0,0,0,0,0,0,0,0,0,0,0,124,254,255,255,255,255,255,255,255,255,228,38,0,0,0,29,0,0,0,0,0,0,3,89,207,250,155,241,102,0,0,0,0,0,0,0,
0,0,10,166,254,110,0,0,50,230,254,242,137,17,0,0,0,0,0,0,0,0,0,48,251,255,255,255,255,255,255,255,255,255,255,201,1,0,0,0,0,0,0,0,0,63,209,254,202,37,0,102,253,103,0,0,0,0,0,0,
0,38,207,254,252,224,66,0,53,254,254,168,151,236,133,40,0,0,7,58,125,89,25,197,255,255,255,255,255,255,255,255,255,255,255,254,95,33,65,7,0,0,0,43,168,225,254,255,173,49,193,239,217,253,138,4,0,0,0,0,
113,244,250,120,249,255,249,21,92,254,255,211,0,62,249,254,234,218,244,254,240,251,254,255,255,255,255,255,255,255,255,255,255,255,255,255,250,254,254,245,206,189,215,254,168,120,254,255,153,212,255,254,69,131,254,199,44,0,0,0,
254,215,56,15,241,255,254,47,8,212,255,212,0,104,255,217,13,73,239,235,4,7,172,255,255,255,255,255,255,255,255,255,255,255,255,255,188,51,53,252,223,55,203,255,158,210,252,161,145,254,251,171,2,94,189,254,251,153,30,0,
253,103,0,0,87,254,255,56,0,57,251,212,0,203,255,254,83,242,255,251,7,23,242,255,255,255,255,255,255,255,255,255,255,255,255,255,222,5,74,255,255,159,254,255,244,197,53,33,201,116,27,1,148,254,255,200,50,175,247,164,
255,254,98,0,0,152,254,63,0,0,140,211,0,148,255,254,102,254,255,210,0,100,254,255,255,255,255,255,255,255,255,255,255,255,255,255,254,47,23,222,255,204,254,240,75,0,0,1,0,0,1,154,254,254,250,88,157,237,238,226,
255,255,139,0,0,10,205,75,0,0,11,136,0,59,254,247,128,255,241,42,0,176,255,255,255,255,255,255,255,255,255,255,255,255,255,255,254,96,0,22,193,239,229,48,0,0,0,0,0,0,56,129,96,68,116,234,254,255,254,137,
251,255,136,0,0,0,20,21,0,0,0,0,0,3,222,202,186,253,81,0,10,245,247,255,255,255,255,255,255,255,255,255,255,255,255,255,255,146,0,0,6,99,24,0,0,0,0,0,0,0,0,0,0,48,153,164,175,249,254,254,
130,254,119,0,0,0,0,0,0,0,0,0,0,0,136,171,231,131,0,0,75,203,133,255,255,255,255,255,255,255,255,255,255,255,255,255,245,191,0,0,0,0,0,0,0,0,0,0,0,0,0,0,0,0,0,0,25,88,118,151,
6,197,111,0,0,0,0,0,0,0,0,0,0,0,28,88,160,2,0,0,79,17,151,255,254,255,255,255,255,255,255,255,255,255,255,255,245,60,0,0,0,0,0,0,0,0,0,0,0,0,0,0,0,0,0,0,0,0,0,0,
0,26,37,0,0,0,0,0,0,0,0,0,0,0,0,0,0,0,0,0,0,27,234,255,199,249,255,255,255,255,255,255,255,255,254,255,254,24,0,0,0,0,0,0,0,0,0,0,0,0,0,0,0,0,0,0,0,0,0,0,
0,0,0,0,0,0,0,0,0,0,0,0,0,0,0,0,0,0,0,0,0,172,255,255,111,250,255,255,255,255,255,255,255,255,228,254,254,83,0,0,0,0,0,0,0,0,0,0,0,0,0,0,0,0,0,0,0,0,0,0,
0,0,0,0,0,0,0,0,0,0,0,0,0,0,0,0,0,0,0,0,62,254,254,221,41,254,255,255,255,255,255,255,255,255,199,254,255,183,0,0,0,0,0,0,0,0,0,0,0,0,0,0,0,0,0,0,0,0,0,0,
0,0,0,0,0,0,0,0,0,0,0,0,0,0,0,0,0,0,0,0,200,255,253,65,51,254,255,255,255,255,255,255,255,255,169,230,255,249,16,0,0,0,0,0,0,0,0,0,0,0,0,0,0,0,0,0,0,0,0,0,
0,0,0,0,0,0,0,0,0,0,0,0,0,0,0,0,0,0,0,74,254,254,141,0,87,254,255,255,255,255,255,255,255,255,199,143,255,254,79,0,0,0,0,0,0,0,0,0,0,0,0,0,0,0,0,0,0,0,0,0,
0,0,0,0,0,0,0,0,0,0,0,0,0,0,0,22,71,73,21,198,254,202,7,0,206,255,255,255,255,255,255,255,255,255,254,105,254,255,146,0,0,0,0,0,0,0,0,0,0,0,0,0,0,0,0,0,0,0,0,0,
0,0,0,0,0,0,0,0,0,0,0,0,0,0,100,220,253,253,248,254,238,39,0,59,254,255,255,255,255,255,255,255,255,255,255,181,192,255,208,0,0,0,0,0,0,0,0,0,0,0,0,0,0,0,0,0,0,0,0,0,
0,0,0,0,0,0,0,0,0,0,0,0,60,40,138,202,254,254,255,253,99,0,0,154,255,255,255,255,255,255,255,255,255,255,255,252,115,254,253,19,0,0,0,0,0,0,0,0,0,0,0,0,0,0,0,0,0,0,0,0,
0,0,0,0,0,0,0,0,0,0,0,0,90,246,253,255,255,255,254,188,5,0,2,233,255,255,255,255,255,255,255,255,255,255,255,255,111,228,254,78,0,0,0,0,0,0,0,0,0,0,0,0,0,0,0,0,0,0,0,0,
0,0,0,0,0,0,0,0,0,0,0,0,13,146,253,255,255,254,221,65,0,0,48,254,255,255,255,255,255,255,255,255,255,255,255,255,174,138,255,140,0,0,0,0,0,0,0,0,0,0,0,0,0,0,0,0,0,0,0,0,
0,0,0,0,0,0,0,0,0,0,0,0,0,30,123,221,239,196,88,5,0,0,115,254,255,255,255,255,255,255,255,255,255,255,255,255,239,102,255,189,0,0,0,0,0,0,0,0,0,0,0,0,0,0,0,0,0,0,0,0,
0,0,0,0,0,0,0,0,0,0,0,0,0,0,4,43,82,44,3,0,0,0,192,255,255,255,255,255,255,255,255,255,255,255,255,255,254,170,255,243,4,0,0,0,0,0,0,0,0,0,0,0,0,0,0,0,0,0,0,0,
0,0,0,0,0,0,0,0,0,0,0,0,0,0,0,0,0,0,0,0,0,27,252,255,255,255,255,255,255,255,255,255,255,255,255,255,255,210,254,255,42,0,0,0,0,0,0,0,0,0,0,0,0,0,0,0,0,0,0,0,
