0,0,0,0,0,0,0,0,0,0,0,0,0,0,0,0,0,0,0,0,0,0,0,0,0,0,0,0,0,0,0,0,0,0,0,0,0,0,0,0,0,0,0,0,0,0,0,0,0,0,0,0,0,0,0,0,0,0,0,0,
0,0,0,0,0,0,0,0,0,0,0,0,0,0,0,0,0,0,0,0,0,0,0,0,0,0,0,0,0,0,0,0,0,0,0,0,0,0,0,0,0,0,0,0,0,0,0,0,0,0,0,0,0,0,0,0,0,0,0,0,
0,0,0,0,0,0,0,0,0,0,0,0,0,0,0,0,0,0,0,0,0,0,0,0,0,0,0,0,0,0,0,0,0,0,0,0,0,0,0,0,0,0,0,0,0,0,0,0,0,0,0,0,0,0,0,0,0,0,0,0,
0,0,0,0,0,0,0,0,0,0,0,0,0,0,0,0,0,0,0,0,0,0,0,0,0,0,0,0,0,0,0,0,0,0,0,0,0,0,0,0,0,0,0,0,0,0,0,0,0,0,0,0,0,0,0,0,0,0,0,0,
0,0,0,0,0,0,0,0,0,0,0,0,0,0,0,0,0,0,0,0,0,0,0,0,0,31,100,127,97,88,126,130,107,32,0,0,0,0,0,0,0,0,0,0,0,0,0,0,0,0,0,0,0,0,0,0,0,0,0,0,
0,0,0,0,0,0,0,0,0,0,0,0,0,0,0,0,0,0,0,0,0,0,0,0,133,251,255,255,255,254,255,255,254,250,119,0,0,0,0,0,0,0,0,0,0,0,0,0,0,0,0,0,0,0,0,0,0,0,0,0,
0,0,0,0,0,0,0,0,0,0,0,0,0,0,0,0,0,0,0,0,0,0,0,93,254,255,255,255,255,255,255,255,255,255,254,70,31,9,0,0,0,0,0,0,0,0,0,0,0,0,0,0,0,0,0,0,0,0,0,0,
0,0,0,0,0,0,0,0,0,0,0,0,0,0,0,0,0,0,0,0,0,0,0,195,255,255,255,255,255,255,255,255,255,255,255,218,251,228,66,0,0,0,0,0,0,0,0,0,0,0,0,0,0,0,0,0,0,0,0,0,
0,0,0,0,0,0,0,0,0,0,0,0,0,0,0,0,0,0,0,0,0,0,3,245,255,255,255,255,255,255,255,255,255,255,255,255,255,255,247,56,0,0,0,0,0,0,0,0,0,0,0,0,0,0,0,0,0,0,0,0,
0,0,0,0,0,0,0,0,0,0,0,0,0,0,0,0,0,0,0,0,0,0,7,254,255,255,255,255,255,255,255,255,255,255,255,255,255,255,255,181,0,0,0,0,0,0,0,0,0,0,0,0,0,0,0,0,0,0,0,0,
0,0,0,0,0,0,0,0,0,0,0,0,0,0,0,0,0,0,0,0,0,0,0,212,255,255,255,255,255,255,255,255,255,255,255,255,255,255,255,236,1,0,0,0,0,0,0,0,0,0,0,0,0,0,0,0,0,0,0,0,
0,0,0,0,0,0,0,0,0,0,0,0,0,0,0,0,0,0,0,0,0,0,9,229,255,255,255,255,255,255,255,255,255,255,255,255,255,255,255,254,53,0,0,0,0,0,0,0,0,0,0,0,0,0,0,0,0,0,0,0,
0,0,0,0,0,0,0,0,0,0,0,0,0,0,0,0,0,0,0,0,0,0,155,255,255,255,255,255,255,255,255,255,255,255,255,250,230,255,255,210,2,0,0,0,0,0,0,0,0,0,0,0,0,0,0,0,0,0,0,0,
0,0,0,0,0,0,0,0,0,0,0,0,0,0,0,0,0,0,0,0,0,157,255,255,255,255,255,255,255,255,255,255,255,255,255,158,150,255,255,128,0,0,0,0,0,0,0,0,0,0,0,0,0,0,0,0,0,0,0,0,
0,0,0,0,0,0,0,0,0,0,0,0,0,0,0,0,0,0,0,0,0,33,93,170,255,255,255,255,255,255,255,255,255,255,255,108,148,255,255,134,0,0,0,0,0,0,0,0,0,0,0,0,0,0,0,0,0,0,0,0,
0,0,0,0,0,0,0,0,0,0,0,0,0,0,0,0,0,0,0,0,0,0,18,170,247,255,255,255,255,255,255,255,255,255,251,187,190,255,255,181,0,0,0,0,0,0,0,0,0,0,0,0,0,0,0,0,0,0,0,0,
0,0,0,0,0,0,0,0,0,0,0,0,0,0,0,0,0,0,0,0,0,0,0,19,108,254,255,255,255,255,255,255,255,253,73,55,199,255,255,222,0,0,0,0,0,0,0,0,0,0,0,0,0,0,0,0,0,0,0,0,
0,0,0,0,0,0,0,0,0,0,0,0,0,0,0,0,0,0,0,0,0,0,0,0,3,195,244,253,255,255,255,253,192,223,0,0,183,255,255,244,9,0,0,0,0,0,0,0,0,0,0,0,0,0,0,0,0,0,0,0,
0,0,0,0,0,0,0,0,0,0,0,0,0,0,0,0,0,0,0,0,0,0,0,0,0,112,155,132,254,255,255,116,83,137,0,0,159,255,254,188,1,0,0,0,0,0,0,0,0,0,0,0,0,0,0,0,0,0,0,0,
0,0,0,0,0,0,0,0,0,0,0,0,0,0,0,0,0,0,0,0,0,0,0,0,0,30,55,142,254,255,255,131,48,38,0,0,82,252,248,103,0,0,0,0,0,0,0,0,0,0,55,134,12,0,0,0,0,0,0,0,
0,0,0,0,0,37,215,160,51,0,0,0,0,0,0,0,0,0,0,0,0,0,0,0,1,105,229,255,255,255,255,255,248,164,25,0,40,207,217,9,0,0,0,0,0,0,0,0,68,186,252,231,193,12,0,0,0,0,0,0,
0,0,0,0,36,226,190,206,254,204,102,10,0,0,0,0,0,0,0,0,0,0,0,0,148,254,255,255,255,255,255,255,255,255,223,22,1,63,49,0,0,0,0,0,0,0,60,197,254,185,53,25,225,206,27,0,0,0,0,0,
0,0,0,46,229,204,10,1,73,215,254,233,116,9,0,0,0,0,0,0,0,0,0,72,254,255,255,255,255,255,255,255,255,255,255,163,0,0,0,0,0,0,0,0,26,163,254,255,244,4,0,64,204,253,228,62,0,0,0,0,
0,0,84,241,246,229,81,0,0,163,255,233,190,226,112,20,0,0,0,44,106,80,38,227,255,255,255,255,255,255,255,255,255,255,255,254,107,131,173,110,67,52,77,151,240,166,254,255,236,8,188,255,252,63,228,252,146,14,0,0,
16,159,254,216,79,255,254,160,0,150,255,255,143,69,243,253,219,208,237,254,248,253,254,255,255,255,255,255,255,255,255,255,255,255,255,255,246,214,223,254,190,160,220,255,151,164,255,254,147,113,255,255,206,0,22,169,253,233,113,10,
231,254,165,15,15,253,255,255,48,69,251,255,228,3,210,254,120,0,74,253,125,17,251,255,255,255,255,255,255,255,255,255,255,255,255,254,101,78,246,255,53,97,254,255,174,251,254,149,25,235,255,235,65,0,75,178,245,154,225,234,
222,212,54,0,0,149,254,255,140,0,90,250,255,68,222,255,254,45,137,255,253,66,240,255,255,255,255,255,255,255,255,255,255,255,255,255,177,191,255,254,50,224,255,255,225,240,84,0,136,254,179,24,0,89,254,255,239,1,5,95,
130,255,250,108,0,0,135,254,229,3,0,82,247,156,157,255,255,124,138,255,254,159,255,255,255,255,255,255,255,255,255,255,255,255,255,255,154,250,254,161,104,255,252,170,201,34,0,30,233,102,0,0,29,237,255,254,132,1,116,212,
101,255,255,234,5,0,0,118,253,69,0,0,72,228,18,195,255,199,27,244,255,224,255,255,255,255,255,255,255,255,255,255,255,255,255,255,214,252,119,6,222,224,61,24,7,0,0,58,36,0,0,2,188,254,225,95,2,116,254,255,
21,209,255,255,78,0,0,0,100,158,0,0,0,66,41,15,206,253,24,127,255,254,255,255,255,255,255,255,255,255,255,255,255,255,255,255,244,79,0,100,170,18,0,0,0,0,0,0,0,0,0,116,240,120,9,0,77,250,255,254,
0,15,187,254,175,0,0,0,0,45,0,0,0,0,0,0,22,218,99,12,228,255,255,255,254,255,255,255,255,255,255,255,255,255,255,255,217,0,0,41,0,0,0,0,0,0,0,0,0,0,2,122,20,0,0,47,238,251,168,52,
0,0,6,165,247,18,0,0,0,0,0,127,121,5,0,0,0,31,140,0,100,252,244,255,202,254,255,255,255,255,255,255,255,255,255,255,252,10,0,0,0,0,0,0,0,0,0,0,0,0,0,0,0,0,15,204,147,33,0,18,
7,0,0,1,136,103,0,0,0,0,0,230,197,52,54,1,0,0,0,15,161,254,255,254,99,254,255,255,255,255,255,255,255,255,247,255,254,52,0,0,0,0,0,0,0,0,0,0,0,0,0,0,0,0,1,15,0,0,8,173,
72,0,0,0,0,20,0,0,0,0,0,155,224,188,223,206,65,0,80,227,255,255,254,192,15,254,255,255,255,255,255,255,255,255,197,254,254,133,0,0,0,0,0,0,0,0,0,0,0,0,0,0,0,0,0,0,0,0,1,44,
158,0,0,0,0,0,0,0,0,0,0,54,254,250,248,255,247,177,254,255,254,235,113,4,33,254,255,255,255,255,255,255,255,255,178,249,255,228,2,0,0,0,0,0,0,0,0,0,0,0,0,0,0,0,0,0,0,0,0,0,
38,0,0,0,0,0,0,0,0,0,0,0,175,255,255,255,255,255,255,236,122,13,0,0,43,254,255,255,255,255,255,255,255,255,170,188,255,255,52,0,0,0,0,0,0,0,0,0,0,0,0,0,0,0,0,0,0,0,0,0,
0,0,0,0,0,0,0,0,0,0,0,0,7,81,133,175,211,203,113,13,0,0,0,0,90,254,255,255,255,255,255,255,255,255,224,105,255,255,124,0,0,0,0,0,0,0,0,0,0,0,0,0,0,0,0,0,0,0,0,0,
0,0,0,0,0,0,0,0,0,0,0,0,0,0,0,0,0,0,0,0,0,0,0,0,207,255,255,255,255,255,255,255,255,255,255,111,240,255,187,0,0,0,0,0,0,0,0,0,0,0,0,0,0,0,0,0,0,0,0,0,
0,0,0,0,0,0,0,0,0,0,0,0,0,0,0,0,0,0,0,0,0,0,0,62,254,255,255,255,255,255,255,255,255,255,255,212,148,255,244,7,0,0,0,0,0,0,0,0,0,0,0,0,0,0,0,0,0,0,0,0,
0,0,0,0,0,0,0,0,0,0,0,0,0,0,0,0,0,0,0,0,0,0,0,156,255,255,255,255,255,255,255,255,255,255,255,254,95,254,254,59,0,0,0,0,0,0,0,0,0,0,0,0,0,0,0,0,0,0,0,0,
0,0,0,0,0,0,0,0,0,0,0,0,0,0,0,0,0,0,0,0,0,0,1,230,255,255,255,255,255,255,255,255,255,255,255,255,132,194,255,121,0,0,0,0,0,0,0,0,0,0,0,0,0,0,0,0,0,0,0,0,
0,0,0,0,0,0,0,0,0,0,0,0,0,0,0,0,0,0,0,0,0,0,45,254,255,255,255,255,255,255,255,255,255,255,255,255,199,100,255,179,0,0,0,0,0,0,0,0,0,0,0,0,0,0,0,0,0,0,0,0,
0,0,0,0,0,0,0,0,0,0,0,0,0,0,0,0,0,0,0,0,0,0,113,254,255,255,255,255,255,255,255,255,255,255,255,255,250,80,255,230,0,0,0,0,0,0,0,0,0,0,0,0,0,0,0,0,0,0,0,0,
0,0,0,0,0,0,0,0,0,0,0,0,0,0,0,0,0,0,0,0,0,0,194,255,255,255,255,255,255,255,255,255,255,255,255,255,255,169,255,254,28,0,0,0,0,0,0,0,0,0,0,0,0,0,0,0,0,0,0,0,
0,0,0,0,0,0,0,0,0,0,0,0,0,0,0,0,0,0,0,0,0,32,252,255,255,255,255,255,255,255,255,255,255,255,255,255,255,219,250,254,78,0,0,0,0,0,0,0,0,0,0,0,0,0,0,0,0,0,0,0,
