0,0,0,0,0,0,0,0,0,0,0,0,0,0,0,0,0,0,0,0,0,0,0,0,0,0,0,0,0,0,0,0,0,0,0,0,0,0,0,0,0,0,0,0,0,0,0,0,0,0,0,0,0,0,0,0,0,0,0,0,
0,0,0,0,0,0,0,0,0,0,0,0,0,0,0,0,0,0,0,0,0,0,0,0,0,0,0,0,0,0,0,0,0,0,0,0,0,0,0,0,0,0,0,0,0,0,0,0,0,0,0,0,0,0,0,0,0,0,0,0,
0,0,0,0,0,0,0,0,0,0,0,0,0,0,0,0,0,0,0,0,0,0,0,0,0,0,0,0,0,0,0,0,0,0,0,0,0,0,0,0,0,0,0,0,0,0,0,0,0,0,0,0,0,0,0,0,0,0,0,0,
0,0,0,0,0,0,0,0,0,0,0,0,0,0,0,0,0,0,0,0,0,0,0,0,0,0,0,0,0,0,0,0,0,0,0,0,0,0,0,0,0,0,0,0,0,0,0,0,0,0,0,0,0,0,0,0,0,0,0,0,
0,0,0,0,0,0,0,0,0,0,0,0,0,0,0,0,0,0,0,0,0,0,0,0,8,108,181,198,181,175,213,228,190,117,9,0,0,0,0,0,0,0,0,0,0,0,0,0,0,0,0,0,0,0,0,0,0,0,0,0,
0,0,0,0,0,0,0,0,0,0,0,0,0,0,0,0,0,0,0,0,0,0,0,13,206,255,255,255,255,255,255,255,255,254,199,10,0,0,0,0,0,0,0,0,0,0,0,0,0,0,0,0,0,0,0,0,0,0,0,0,
0,0,0,0,0,0,0,0,0,0,0,0,0,0,0,0,0,0,0,0,0,0,0,127,255,255,255,255,255,255,255,255,255,255,254,130,126,124,10,0,0,0,0,0,0,0,0,0,0,0,0,0,0,0,0,0,0,0,0,0,
0,0,0,0,0,0,0,0,0,0,0,0,0,0,0,0,0,0,0,0,0,0,0,210,255,255,255,255,255,255,255,255,255,255,255,245,254,255,209,22,0,0,0,0,0,0,0,0,0,0,0,0,0,0,0,0,0,0,0,0,
0,0,0,0,0,0,0,0,0,0,0,0,0,0,0,0,0,0,0,0,0,0,4,248,255,255,255,255,255,255,255,255,255,255,255,255,255,255,255,177,0,0,0,0,0,0,0,0,0,0,0,0,0,0,0,0,0,0,0,0,
0,0,0,0,0,0,0,0,0,0,0,0,0,0,0,0,0,0,0,0,0,0,3,246,255,255,255,255,255,255,255,255,255,255,255,255,255,255,255,252,14,0,0,0,0,0,0,0,0,0,0,0,0,0,0,0,0,0,0,0,
0,0,0,0,0,0,0,0,0,0,0,0,0,0,0,0,0,0,0,0,0,0,0,197,255,255,255,255,255,255,255,255,255,255,255,255,255,255,255,255,68,0,0,0,0,0,0,0,0,0,0,0,0,0,0,0,0,0,0,0,
0,0,0,0,0,0,0,0,0,0,0,0,0,0,0,0,0,0,0,0,0,0,38,247,255,255,255,255,255,255,255,255,255,255,255,255,255,255,255,239,79,0,0,0,0,0,0,0,0,0,0,0,0,0,0,0,0,0,0,0,
0,0,0,0,0,0,0,0,0,0,0,0,0,0,0,0,0,0,0,0,0,33,218,255,255,255,255,255,255,255,255,255,255,255,255,248,205,255,255,118,0,0,0,0,0,0,0,0,0,0,0,0,0,0,0,0,0,0,0,0,
0,0,0,0,0,0,0,0,0,0,0,0,0,0,0,0,0,0,0,0,0,166,242,238,254,255,255,255,255,255,255,255,255,255,255,163,146,255,254,112,0,0,0,0,0,0,0,0,0,0,0,0,0,0,0,0,0,0,0,0,
0,0,0,0,0,0,0,0,0,0,0,0,0,0,0,0,0,0,0,0,0,0,18,129,254,255,255,255,255,255,255,255,255,255,255,159,164,255,255,186,0,0,0,0,0,0,0,0,0,0,0,0,0,0,0,0,0,0,0,0,
0,0,0,0,0,0,0,0,0,0,0,0,0,0,0,0,0,0,0,0,0,0,12,131,219,255,255,255,255,255,255,255,255,254,226,167,195,255,255,240,2,0,0,0,0,0,0,0,0,0,0,0,0,0,0,0,0,0,0,0,
0,0,0,0,0,0,0,0,0,0,0,0,0,0,0,0,0,0,0,0,0,0,0,6,38,253,252,255,255,255,255,255,255,248,26,23,192,255,255,255,23,0,0,0,0,0,0,0,0,0,0,0,0,0,0,0,0,0,0,0,
0,0,0,0,0,0,0,0,0,0,0,0,0,0,0,0,0,0,0,0,0,0,0,0,0,217,157,231,255,255,255,239,211,154,0,0,172,255,255,254,52,0,0,0,0,0,0,0,0,0,0,0,0,0,0,0,0,0,0,0,
0,0,0,0,0,0,0,0,0,0,0,0,0,0,0,0,0,0,0,0,0,0,0,0,0,113,85,81,254,255,255,92,140,27,0,0,110,245,255,251,15,0,0,0,0,0,0,0,0,0,0,12,4,0,0,0,0,0,0,0,
0,0,0,0,0,0,1,3,0,0,0,0,0,0,0,0,0,0,0,0,0,0,0,0,0,19,52,170,255,255,255,200,134,12,0,0,39,254,254,170,0,0,0,0,0,0,0,0,0,16,118,234,195,15,0,0,0,0,0,0,
0,0,0,0,0,3,173,225,114,19,0,0,0,0,0,0,0,0,0,0,0,0,0,0,3,139,250,255,255,255,255,255,255,238,93,0,10,185,237,55,0,0,0,0,0,0,0,22,138,240,236,115,209,203,24,0,0,0,0,0,
0,0,0,0,3,163,228,135,238,248,168,59,0,0,0,0,0,0,0,0,0,0,0,0,143,255,255,255,255,255,255,255,255,255,254,77,0,38,109,2,0,0,0,0,0,5,116,238,253,166,16,0,40,252,223,51,0,0,0,0,
0,0,0,7,169,253,56,0,14,141,253,239,191,60,0,0,0,0,0,0,0,0,0,67,253,255,255,255,255,255,255,255,255,255,255,226,12,0,13,0,0,0,0,1,78,214,167,172,254,177,0,1,168,249,236,248,122,5,0,0,
0,0,30,199,252,233,149,4,0,109,254,193,96,221,187,81,18,0,21,74,148,144,88,229,255,255,255,255,255,255,255,255,255,255,255,255,190,206,254,220,173,143,161,222,253,89,18,253,255,229,0,106,255,254,96,187,254,212,76,0,
0,93,237,247,90,235,255,169,0,132,255,255,98,11,182,254,236,206,205,254,215,206,252,255,255,255,255,255,255,255,255,255,255,255,255,254,236,132,208,254,144,66,97,248,245,13,32,254,255,177,0,162,255,255,104,1,100,254,254,202,
188,254,211,51,0,240,255,254,13,76,253,255,126,0,151,255,157,2,0,221,243,100,226,255,255,255,255,255,255,255,255,255,255,255,255,254,83,173,254,254,85,0,203,255,255,33,44,255,249,37,0,143,255,242,16,0,152,254,122,136,
173,234,155,8,0,126,254,255,38,0,141,254,151,0,171,254,254,65,0,217,255,253,207,255,255,255,255,255,255,255,255,255,255,255,255,255,225,254,255,244,15,12,251,255,234,10,53,254,146,0,0,126,255,148,0,46,253,255,192,0,
0,245,255,184,0,2,184,254,63,0,4,194,175,0,95,254,255,115,0,133,254,255,242,255,255,255,255,255,255,255,255,255,255,255,255,255,250,255,233,73,0,62,255,251,68,0,65,238,18,0,0,110,253,38,0,51,254,255,193,0,
0,242,255,254,19,0,19,225,88,0,0,29,183,0,0,130,254,164,0,2,150,254,254,255,255,255,255,255,255,255,255,255,255,255,255,255,254,190,27,0,0,113,254,115,0,0,64,110,0,0,0,90,182,0,0,15,250,255,108,0,
0,111,254,255,54,0,0,54,95,0,0,0,16,0,0,1,153,214,0,0,0,134,254,255,255,255,255,255,255,255,255,255,255,255,255,255,235,3,0,0,0,167,169,0,0,0,0,1,0,0,0,38,51,0,0,1,228,252,26,0,
0,0,143,255,91,0,0,0,0,0,0,0,0,0,0,0,4,175,12,0,0,0,236,255,230,239,255,255,255,255,255,255,255,255,255,255,254,23,0,0,0,167,12,0,0,0,0,0,0,0,0,0,0,0,0,0,192,187,0,0,
3,0,3,177,130,0,0,0,0,0,0,0,0,0,0,0,0,5,2,0,0,49,253,255,151,229,255,255,255,255,255,255,255,255,255,255,254,66,0,0,0,1,0,0,0,0,0,0,0,0,0,0,0,0,0,0,155,101,0,0,
35,0,0,10,91,0,0,0,0,0,0,0,0,0,0,0,0,0,0,0,113,249,255,254,52,207,255,255,255,255,255,255,255,255,239,254,254,116,0,0,0,0,0,0,0,0,0,0,0,0,0,0,0,0,0,0,37,12,0,0,
75,0,0,0,0,0,0,0,0,0,0,0,0,0,0,0,0,0,10,166,254,255,254,159,0,214,255,255,255,255,255,255,255,255,207,246,255,205,0,0,0,0,0,0,0,0,0,0,0,0,0,0,0,0,0,0,0,0,0,0,
75,0,0,0,0,0,0,0,0,0,0,0,0,0,0,0,0,28,203,255,255,252,135,3,0,238,255,255,255,255,255,255,255,255,237,199,255,254,39,0,0,0,0,0,0,0,0,0,0,0,0,0,0,0,0,0,0,0,0,0,
0,0,0,0,0,0,0,0,0,0,0,0,5,53,69,32,57,230,255,254,218,59,0,0,0,236,255,255,255,255,255,255,255,255,225,132,255,255,112,0,0,0,0,0,0,0,0,0,0,0,0,0,0,0,0,0,0,0,0,0,
0,0,0,0,0,0,0,0,0,0,0,0,115,212,254,251,250,255,250,141,10,0,0,0,61,254,255,255,255,255,255,255,255,255,254,117,254,255,174,0,0,0,0,0,0,0,0,0,0,0,0,0,0,0,0,0,0,0,0,0,
0,0,0,0,0,0,0,0,9,1,0,34,113,227,255,255,255,203,51,0,0,0,0,0,178,255,255,255,255,255,255,255,255,255,255,187,203,255,233,1,0,0,0,0,0,0,0,0,0,0,0,0,0,0,0,0,0,0,0,0,
0,0,0,0,0,0,0,0,80,218,229,253,254,255,235,142,59,1,0,0,0,0,0,31,252,255,255,255,255,255,255,255,255,255,255,253,150,255,254,39,0,0,0,0,0,0,0,0,0,0,0,0,0,0,0,0,0,0,0,0,
0,0,0,0,0,0,0,0,0,6,77,138,149,91,9,0,0,0,0,0,0,0,0,115,254,255,255,255,255,255,255,255,255,255,255,255,145,244,254,94,0,0,0,0,0,0,0,0,0,0,0,0,0,0,0,0,0,0,0,0,
0,0,0,0,0,0,0,0,0,0,0,0,0,0,0,0,0,0,0,0,0,0,0,192,255,255,255,255,255,255,255,255,255,255,255,255,204,163,255,154,0,0,0,0,0,0,0,0,0,0,0,0,0,0,0,0,0,0,0,0,
0,0,0,0,0,0,0,0,0,0,0,0,0,0,0,0,0,0,0,0,0,0,11,246,255,255,255,255,255,255,255,255,255,255,255,255,251,91,255,209,0,0,0,0,0,0,0,0,0,0,0,0,0,0,0,0,0,0,0,0,
0,0,0,0,0,0,0,0,0,0,0,0,0,0,0,0,0,0,0,0,0,0,76,254,255,255,255,255,255,255,255,255,255,255,255,255,255,128,254,251,8,0,0,0,0,0,0,0,0,0,0,0,0,0,0,0,0,0,0,0,
0,0,0,0,0,0,0,0,0,0,0,0,0,0,0,0,0,0,0,0,0,0,164,255,255,255,255,255,255,255,255,255,255,255,255,255,255,225,254,255,53,0,0,0,0,0,0,0,0,0,0,0,0,0,0,0,0,0,0,0,
0,0,0,0,0,0,0,0,0,0,0,0,0,0,0,0,0,0,0,0,0,20,246,255,255,255,255,255,255,255,255,255,255,255,255,255,255,255,255,254,101,0,0,0,0,0,0,0,0,0,0,0,0,0,0,0,0,0,0,0,
