0,0,0,0,0,0,0,0,0,0,0,0,0,0,0,0,0,0,0,0,0,0,0,0,0,0,0,0,0,0,0,0,0,0,0,0,0,0,0,0,0,0,0,0,0,0,0,0,0,0,0,0,0,0,0,0,0,0,0,0,
0,0,0,0,0,0,0,0,0,0,0,0,0,0,0,0,0,0,0,0,0,0,0,0,0,0,0,0,0,0,0,0,0,0,0,0,0,0,0,0,0,0,0,0,0,0,0,0,0,0,0,0,0,0,0,0,0,0,0,0,
0,0,0,0,0,0,0,0,0,0,0,0,0,0,0,0,0,0,0,0,0,0,0,0,0,0,0,0,0,0,0,0,0,0,0,0,0,0,0,0,0,0,0,0,0,0,0,0,0,0,0,0,0,0,0,0,0,0,0,0,
0,0,0,0,0,0,0,0,0,0,0,0,0,0,0,0,0,0,0,0,0,0,0,0,0,0,44,108,115,98,100,129,133,107,29,0,0,0,0,0,0,0,0,0,0,0,0,0,0,0,0,0,0,0,0,0,0,0,0,0,
0,0,0,0,0,0,0,0,0,0,0,0,0,0,0,0,0,0,0,0,0,0,0,0,13,177,254,255,255,255,255,255,255,254,250,119,0,0,0,0,0,0,0,0,0,0,0,0,0,0,0,0,0,0,0,0,0,0,0,0,
0,0,0,0,0,0,0,0,0,0,0,0,0,0,0,0,0,0,0,0,0,0,0,0,161,254,255,255,255,255,255,255,255,255,255,254,85,0,0,0,0,0,0,0,0,0,0,0,0,0,0,0,0,0,0,0,0,0,0,0,
0,0,0,0,0,0,0,0,0,0,0,0,0,0,0,0,0,0,0,0,0,0,0,21,249,255,255,255,255,255,255,255,255,255,255,255,212,190,200,52,0,0,0,0,0,0,0,0,0,0,0,0,0,0,0,0,0,0,0,0,
0,0,0,0,0,0,0,0,0,0,0,0,0,0,0,0,0,0,0,0,0,0,0,78,254,255,255,255,255,255,255,255,255,255,255,255,254,255,255,246,64,0,0,0,0,0,0,0,0,0,0,0,0,0,0,0,0,0,0,0,
0,0,0,0,0,0,0,0,0,0,0,0,0,0,0,0,0,0,0,0,0,0,0,97,254,255,255,255,255,255,255,255,255,255,255,255,255,255,255,255,225,2,0,0,0,0,0,0,0,0,0,0,0,0,0,0,0,0,0,0,
0,0,0,0,0,0,0,0,0,0,0,0,0,0,0,0,0,0,0,0,0,0,0,72,254,255,255,255,255,255,255,255,255,255,255,255,255,255,255,255,254,38,0,0,0,0,0,0,0,0,0,0,0,0,0,0,0,0,0,0,
0,0,0,0,0,0,0,0,0,0,0,0,0,0,0,0,0,0,0,0,0,0,0,48,254,255,255,255,255,255,255,255,255,255,255,255,255,255,255,255,254,89,0,0,0,0,0,0,0,0,0,0,0,0,0,0,0,0,0,0,
0,0,0,0,0,0,0,0,0,0,0,0,0,0,0,0,0,0,0,0,0,0,4,192,255,255,255,255,255,255,255,255,255,255,255,255,254,253,255,255,254,100,0,0,0,0,0,0,0,0,0,0,0,0,0,0,0,0,0,0,
0,0,0,0,0,0,0,0,0,0,0,0,0,0,0,0,0,0,0,0,0,21,186,254,255,255,255,255,255,255,255,255,255,255,255,255,248,130,255,255,183,0,0,0,0,0,0,0,0,0,0,0,0,0,0,0,0,0,0,0,
0,0,0,0,0,0,0,0,0,0,0,0,0,0,0,0,0,0,0,0,0,32,158,222,221,255,255,255,255,255,255,255,255,255,255,255,167,84,254,255,211,0,0,0,0,0,0,0,0,0,0,0,0,0,0,0,0,0,0,0,
0,0,0,0,0,0,0,0,0,0,0,0,0,0,0,0,0,0,0,0,0,0,0,19,223,255,255,255,255,255,255,255,255,255,255,255,200,119,254,255,254,24,0,0,0,0,0,0,0,0,0,0,0,0,0,0,0,0,0,0,
0,0,0,0,0,0,0,0,0,0,0,0,0,0,0,0,0,0,0,0,0,0,0,52,156,254,255,255,255,255,255,255,255,255,255,232,169,133,255,255,254,75,0,0,0,0,0,0,0,0,0,0,0,0,0,0,0,0,0,0,
0,0,0,0,0,0,0,0,0,0,0,0,0,0,0,0,0,0,0,0,0,0,0,0,12,139,254,255,255,255,255,255,255,252,251,41,29,109,254,255,255,123,0,0,0,0,0,0,0,0,0,0,0,0,0,0,0,0,0,0,
0,0,0,0,0,0,0,0,0,0,0,0,0,0,0,0,0,0,0,0,0,0,0,0,0,32,221,175,241,255,255,255,231,169,186,0,0,93,254,255,255,135,0,0,0,0,0,0,0,0,0,0,0,0,0,0,0,0,0,0,
0,0,0,0,0,0,29,25,0,0,0,0,0,0,0,0,0,0,0,0,0,0,0,0,0,2,118,62,148,255,255,255,73,104,50,0,0,25,250,255,254,77,0,0,0,0,0,0,0,0,0,0,0,0,0,0,0,0,0,0,
0,0,0,0,0,59,237,244,138,26,0,0,0,0,0,0,0,0,0,0,0,0,0,0,0,0,19,64,193,255,255,254,126,50,0,0,0,0,199,254,224,10,0,0,0,0,0,0,0,0,0,0,0,0,0,0,0,0,0,0,
0,0,0,0,78,246,159,112,238,247,151,31,0,0,0,0,0,0,0,0,0,0,0,0,0,38,192,254,255,255,255,255,255,222,82,0,0,0,102,249,133,0,0,0,0,0,0,0,0,0,0,0,19,86,3,0,0,0,0,0,
0,0,2,127,252,218,4,0,17,171,247,245,134,11,0,0,0,0,0,0,0,0,0,0,21,226,255,255,255,255,255,255,255,255,254,97,0,0,1,93,8,0,0,0,0,0,0,0,0,1,65,160,244,254,153,0,0,0,0,0,
0,43,196,255,230,252,57,0,3,213,245,81,160,224,91,3,0,0,0,0,0,0,0,2,181,255,255,255,255,255,255,255,255,255,255,246,47,0,0,0,0,0,0,0,0,0,0,8,106,218,255,214,98,70,250,138,0,0,0,0,
148,250,250,128,184,255,214,2,71,255,255,155,0,79,239,223,148,112,117,154,210,210,129,150,255,255,255,255,255,255,255,255,255,255,255,255,218,14,7,35,0,0,0,0,0,7,102,223,179,210,215,3,0,0,180,254,138,1,0,0,
254,208,45,4,247,255,254,49,85,255,255,170,0,12,214,214,113,99,137,254,158,162,219,255,255,255,255,255,255,255,255,255,255,255,255,255,255,227,246,254,215,151,113,111,154,234,202,51,57,253,254,62,0,101,248,214,254,173,15,0,
211,214,14,0,201,255,253,14,19,251,255,122,0,115,254,248,20,0,183,254,105,0,127,255,255,255,255,255,255,255,255,255,255,255,255,255,255,254,110,84,232,178,108,126,198,248,20,0,147,255,255,116,53,250,255,144,150,254,221,61,
255,255,124,0,125,255,219,0,0,202,254,75,0,193,255,255,72,71,254,255,163,0,99,255,255,255,255,255,255,255,255,255,255,255,255,255,255,214,5,52,254,246,42,1,208,255,144,0,119,255,253,40,100,255,255,162,0,91,240,253,
255,255,174,0,50,254,173,0,0,132,254,22,0,160,255,253,27,89,255,255,142,0,108,254,255,255,255,255,255,255,255,255,255,255,255,255,255,244,19,98,255,255,148,37,254,255,215,0,85,254,181,0,95,254,253,52,0,79,235,166,
255,255,128,0,1,229,122,0,0,63,233,0,0,109,255,211,0,79,255,251,34,0,71,254,255,255,255,255,255,255,255,255,255,255,255,255,255,118,0,36,248,255,146,3,238,255,157,0,50,255,67,0,78,255,161,0,58,247,255,147,
242,255,74,0,0,155,77,0,0,5,167,0,0,57,254,147,0,74,254,174,0,0,155,255,255,255,255,255,255,255,255,255,255,255,255,255,255,168,0,0,148,255,139,0,178,255,73,0,16,207,0,0,67,245,29,0,119,255,255,159,
179,254,21,0,0,54,22,0,0,0,15,0,0,12,251,78,0,62,254,61,0,0,222,255,255,255,255,255,255,255,255,255,255,255,255,255,255,209,0,0,27,246,127,0,118,237,6,0,0,49,0,0,52,131,0,0,132,255,246,42,
108,222,0,0,0,0,0,0,0,0,0,0,0,0,212,17,0,48,204,0,0,16,254,255,230,255,255,255,255,255,255,255,255,255,255,239,255,221,0,0,0,136,117,0,57,161,0,0,0,0,0,0,7,5,0,0,144,255,106,0,
39,170,0,0,0,0,0,0,0,0,0,0,0,0,78,0,0,39,86,0,46,205,255,254,117,254,255,255,255,255,255,255,255,255,241,156,255,250,143,12,0,18,63,0,5,36,0,0,0,0,0,0,0,0,0,0,160,181,0,0,
0,43,0,0,0,0,0,0,0,0,0,0,0,0,0,0,0,0,0,92,245,255,255,224,16,251,255,255,255,255,255,255,255,255,225,59,254,255,254,219,58,0,0,0,0,0,0,0,0,0,0,0,0,0,0,0,137,23,0,0,
0,0,0,0,0,0,0,0,0,0,0,0,0,0,0,0,0,4,142,254,255,255,229,49,22,254,255,255,255,255,255,255,255,255,244,3,132,253,255,255,250,125,3,0,0,0,0,0,0,0,0,0,0,0,0,0,0,0,0,0,
0,0,0,0,0,0,0,0,0,0,0,0,0,0,0,0,16,185,254,255,254,175,23,0,48,254,255,255,255,255,255,255,255,255,254,34,0,66,210,254,255,254,193,53,63,46,3,0,0,0,0,0,0,0,0,0,0,0,0,0,
0,0,0,0,0,0,0,0,0,0,0,12,115,148,141,75,216,255,255,235,91,0,0,0,40,255,255,255,255,255,255,255,255,255,252,28,0,0,3,106,233,255,255,254,254,254,234,79,0,0,0,0,0,0,0,0,0,0,0,0,
0,0,0,0,0,0,0,0,0,0,0,40,139,254,255,254,255,254,167,21,0,0,0,0,134,254,255,255,255,255,255,255,255,255,255,133,0,0,0,0,16,135,243,255,255,254,146,27,0,0,0,0,0,0,0,0,0,0,0,0,
0,0,0,0,0,0,0,47,51,28,70,146,231,255,255,254,207,73,0,0,0,0,0,12,239,255,255,255,255,255,255,255,255,255,255,237,11,0,0,0,0,0,15,92,206,254,254,217,103,43,17,10,0,0,0,0,0,0,0,0,
0,0,0,0,0,0,0,34,176,251,254,255,255,232,131,40,0,0,0,0,0,0,0,102,255,255,255,255,255,255,255,255,255,255,255,255,103,0,0,0,0,0,0,0,2,103,232,255,255,254,244,101,0,0,0,0,0,0,0,0,
0,0,0,0,0,0,0,0,0,24,91,120,77,6,0,0,0,0,0,0,0,0,0,192,255,255,255,255,255,255,255,255,255,255,255,255,192,0,0,0,0,0,0,0,0,0,7,61,120,121,80,3,0,0,0,0,0,0,0,0,
0,0,0,0,0,0,0,0,0,0,0,0,0,0,0,0,0,0,0,0,0,0,16,251,255,255,255,255,255,255,255,255,255,255,255,255,251,17,0,0,0,0,0,0,0,0,0,0,0,0,0,0,0,0,0,0,0,0,0,0,
0,0,0,0,0,0,0,0,0,0,0,0,0,0,0,0,0,0,0,0,0,0,79,254,255,255,255,255,255,255,255,255,255,255,255,255,254,79,0,0,0,0,0,0,0,0,0,0,0,0,0,0,0,0,0,0,0,0,0,0,
0,0,0,0,0,0,0,0,0,0,0,0,0,0,0,0,0,0,0,0,0,0,150,255,255,255,255,255,255,255,255,255,255,255,255,255,255,151,0,0,0,0,0,0,0,0,0,0,0,0,0,0,0,0,0,0,0,0,0,0,
0,0,0,0,0,0,0,0,0,0,0,0,0,0,0,0,0,0,0,0,0,2,227,255,255,255,255,255,255,255,255,255,255,255,255,255,255,227,3,0,0,0,0,0,0,0,0,0,0,0,0,0,0,0,0,0,0,0,0,0,
