255,255,255,255,255,255,255,255,255,255,255,255,255,255,255,255,255,255,255,255,255,255,255,255,255,255,255,255,255,255,255,255,255,255,255,255,255,255,255,255,255,255,255,255,255,255,255,255,255,255,255,255,255,255,255,255,255,255,255,255,
255,255,255,255,255,255,255,255,255,255,255,255,255,255,255,255,255,255,255,255,255,255,255,254,255,255,255,255,255,254,255,255,249,224,248,254,255,255,254,255,255,255,255,255,255,255,255,255,255,255,255,255,255,255,255,255,255,255,255,255,
255,255,255,255,255,255,255,255,255,255,255,255,255,255,255,255,255,255,255,255,253,191,131,93,88,125,204,252,228,239,185,59,5,0,2,37,202,254,255,255,255,255,255,255,255,255,255,255,255,255,255,255,255,255,255,255,255,255,255,255,
255,255,255,255,255,255,255,255,255,255,255,255,255,255,255,255,255,255,255,255,171,0,0,0,0,0,5,41,0,3,14,0,0,0,0,0,109,255,255,255,255,255,255,255,255,255,255,255,255,255,255,255,255,255,255,255,255,255,255,255,
255,255,255,255,255,255,255,255,255,255,255,255,255,255,255,255,255,255,255,255,189,0,0,0,0,0,0,0,0,0,0,0,0,0,0,0,154,255,255,255,255,255,255,255,255,255,255,255,255,255,255,255,255,255,255,255,255,255,255,255,
255,255,255,255,255,255,255,255,255,255,255,255,255,255,255,255,255,255,255,255,252,27,0,0,0,0,0,0,0,0,0,0,0,0,0,0,189,255,255,255,255,255,255,255,255,255,255,255,255,255,255,255,255,255,255,255,255,255,255,255,
255,255,255,255,255,255,255,255,255,255,255,255,255,255,255,255,255,255,255,255,255,102,0,0,0,0,0,0,0,0,0,0,0,0,0,5,230,255,255,255,255,255,255,255,255,255,255,255,255,255,255,255,255,255,255,255,255,255,255,255,
255,255,255,255,255,255,255,255,255,255,255,255,255,255,255,255,255,255,255,255,255,206,0,0,0,0,0,0,0,0,0,0,0,0,54,69,254,255,255,255,255,255,255,255,255,255,255,255,255,255,255,255,255,255,255,255,255,255,255,255,
255,255,255,255,255,255,255,255,255,255,255,255,255,255,255,255,255,255,255,255,255,254,175,69,0,0,0,0,0,0,0,0,0,0,201,254,255,255,255,255,255,255,255,255,255,255,255,255,255,255,255,255,255,255,255,255,255,255,255,255,
255,255,255,255,255,255,255,255,255,255,255,255,255,255,255,255,255,255,255,255,255,255,255,66,0,0,0,0,0,0,0,0,0,0,53,254,255,255,255,255,255,255,255,255,255,255,255,255,255,255,255,255,255,255,255,255,255,255,255,255,
255,255,255,255,255,255,255,255,255,255,255,255,255,255,255,255,255,255,255,255,255,255,254,37,0,0,0,0,0,0,0,0,0,1,32,249,255,255,255,255,255,255,255,255,255,255,255,255,255,255,255,255,255,255,255,255,255,255,255,255,
255,255,255,255,255,255,255,255,255,255,255,255,255,255,255,255,255,255,255,255,255,255,220,3,0,0,0,0,0,0,0,0,0,91,254,255,255,255,255,255,255,255,255,255,255,255,255,255,255,255,255,255,255,255,255,255,255,255,255,255,
255,255,255,255,255,255,255,255,255,255,255,255,255,255,255,255,255,255,255,255,255,254,126,0,0,0,0,0,0,0,0,0,6,187,255,255,255,255,255,255,255,255,255,255,255,255,255,255,255,255,255,255,255,255,255,255,255,255,255,255,
255,255,255,255,255,255,255,255,255,255,255,255,255,255,255,255,255,255,255,255,255,253,117,0,0,0,0,0,0,0,0,0,65,254,255,255,255,255,255,255,255,255,255,255,255,255,255,255,255,255,255,255,255,255,255,255,255,255,255,255,
255,255,255,255,255,255,255,255,255,255,255,255,255,255,255,255,255,255,255,255,255,255,57,0,0,0,0,0,0,0,0,2,215,255,255,255,255,255,255,255,255,255,255,255,255,255,255,255,255,255,255,255,255,255,255,255,255,255,255,255,
255,255,255,255,255,255,255,255,255,255,255,255,255,255,255,255,255,255,255,255,255,239,51,0,0,0,0,0,0,0,0,6,70,203,255,255,255,255,255,255,255,255,255,255,255,255,255,255,255,255,255,255,255,255,255,255,255,255,255,255,
255,255,255,255,255,255,255,255,255,255,255,255,255,255,255,255,255,255,255,255,255,247,151,0,0,0,0,0,0,0,0,0,0,144,253,255,255,255,255,255,255,255,255,254,255,255,255,255,255,255,255,255,255,255,255,255,255,255,255,255,
255,255,255,255,255,255,255,255,255,255,255,255,255,255,255,255,255,255,255,255,255,255,147,0,0,0,0,0,0,0,0,0,0,0,92,254,255,255,255,255,255,255,255,255,255,255,255,255,255,255,255,255,255,255,255,255,255,255,255,255,
255,255,255,255,255,255,255,255,255,255,255,255,255,255,255,255,255,255,255,254,255,253,45,0,0,0,0,0,0,0,0,0,0,0,0,212,255,255,255,255,255,255,255,255,255,255,255,255,255,255,255,255,255,255,255,255,255,255,255,255,
255,255,255,255,255,255,255,255,255,255,255,255,255,255,255,255,254,255,255,255,255,194,0,0,0,0,0,0,0,0,0,0,0,0,0,175,255,255,255,255,255,255,255,255,255,255,255,255,255,255,255,255,255,255,255,255,255,255,255,255,
255,255,255,255,255,255,255,255,255,255,255,255,255,255,255,255,255,255,255,255,255,105,0,0,0,32,0,0,0,0,0,0,0,0,0,155,255,255,255,255,255,255,255,255,255,255,255,255,255,255,255,255,255,255,255,255,255,255,255,255,
255,255,255,255,255,255,255,255,255,255,255,255,255,255,255,255,255,255,255,255,254,26,0,0,19,86,0,0,0,0,0,0,0,0,0,58,163,254,255,255,255,255,255,255,255,255,255,255,255,255,255,255,255,255,255,255,255,255,255,255,
255,255,255,255,255,255,255,255,255,255,255,255,255,255,255,255,255,255,255,255,198,0,0,0,12,76,0,0,0,0,0,0,0,0,0,0,42,253,255,255,255,255,255,255,255,255,255,255,255,255,255,255,255,255,255,255,255,255,255,255,
255,255,255,255,255,255,255,255,255,255,255,255,255,255,255,255,255,255,255,255,189,0,0,0,2,56,0,0,0,0,0,0,0,0,0,0,161,255,255,255,255,255,255,255,255,255,255,255,255,255,255,255,255,255,255,255,255,255,255,255,
255,255,255,255,255,255,255,255,255,255,255,255,255,255,255,255,255,255,255,255,165,0,0,0,70,185,0,0,0,0,0,0,0,0,0,0,127,255,255,255,255,255,255,255,255,255,255,255,255,255,255,255,255,255,255,255,255,255,255,255,
255,255,255,255,255,255,255,255,255,255,255,255,255,255,255,255,255,254,255,255,159,0,0,0,84,247,8,0,0,0,0,0,0,0,0,0,62,255,255,255,255,255,255,255,255,255,255,255,255,255,254,255,255,255,255,255,255,255,255,255,
255,255,255,255,255,255,255,255,255,255,255,255,255,255,255,255,255,254,255,255,147,0,0,0,91,254,48,0,0,0,0,0,0,0,0,0,9,243,255,255,255,255,255,255,255,255,255,255,255,255,255,255,255,255,255,255,255,255,255,255,
255,255,255,255,255,255,255,254,255,255,255,255,255,255,255,255,255,255,255,255,133,0,0,0,94,254,47,0,0,0,0,0,0,0,0,0,0,158,255,255,255,255,255,255,255,255,255,255,255,255,255,255,255,255,255,255,255,255,255,255,
255,255,255,255,255,255,255,255,255,255,255,255,255,255,255,255,255,255,255,252,32,0,0,0,106,253,24,0,0,0,0,0,0,0,0,0,0,56,254,255,255,255,255,255,255,255,255,255,255,255,255,255,255,255,255,255,255,255,255,255,
255,255,255,255,255,255,255,255,255,255,255,255,255,255,255,255,255,255,255,174,0,0,0,0,125,252,6,0,0,0,0,0,0,0,0,0,0,0,206,255,255,255,255,255,255,255,255,255,255,255,255,255,255,255,255,255,255,255,255,255,
255,255,255,255,255,255,255,255,255,255,255,255,255,255,255,255,255,255,254,63,0,0,0,0,152,247,14,0,0,0,0,0,0,0,0,0,0,0,96,254,255,255,255,255,255,255,255,255,255,255,255,255,255,255,255,255,255,255,255,255,
255,255,255,255,255,255,255,255,255,255,255,255,255,255,255,255,255,255,204,0,0,0,0,0,185,222,12,0,0,0,0,0,0,0,0,0,0,0,6,232,254,255,255,255,255,255,255,255,255,255,255,255,255,255,255,255,255,255,255,255,
255,255,255,255,254,255,255,255,255,255,255,255,255,255,255,255,255,255,91,0,0,0,0,0,221,96,0,0,0,0,0,0,0,0,0,0,0,0,0,179,255,255,255,255,255,255,255,255,255,255,255,255,255,255,255,255,255,255,255,255,
255,255,255,255,255,255,255,255,255,255,255,255,255,255,255,255,255,251,21,0,0,0,0,14,235,7,0,0,0,0,0,0,0,0,0,0,0,0,17,246,255,255,255,255,255,255,255,255,255,255,255,255,255,255,255,255,255,255,255,255,
255,255,255,255,255,255,255,255,255,255,255,255,255,255,255,255,255,255,144,0,0,0,0,71,169,0,0,0,0,0,0,0,0,0,0,0,0,0,46,254,255,255,255,255,255,255,255,255,255,255,255,255,255,255,255,255,255,255,255,255,
255,255,255,255,255,255,255,255,255,255,255,255,255,255,255,255,255,254,93,0,0,0,0,139,104,0,0,0,0,0,0,0,0,0,0,0,0,0,15,254,255,255,255,255,255,255,255,255,255,255,255,255,255,255,255,255,255,255,255,255,
255,255,255,255,255,255,255,255,255,255,255,255,255,255,255,255,255,254,37,0,0,0,0,219,32,0,0,0,0,0,0,0,0,0,0,0,0,0,71,254,255,255,255,255,255,255,255,255,255,255,255,255,255,255,255,255,255,255,255,255,
255,255,255,255,255,255,255,255,255,255,255,255,255,255,255,255,255,255,16,0,0,0,65,200,0,0,0,0,0,0,0,0,0,0,0,0,0,34,242,255,255,255,255,255,255,255,255,255,255,255,255,255,255,255,255,255,255,255,255,255,
255,255,255,255,255,255,255,255,255,255,255,255,255,255,255,254,255,254,78,0,0,0,182,104,0,0,0,0,0,0,0,0,0,0,0,0,0,58,254,255,255,255,255,255,254,255,255,255,255,255,255,255,255,255,255,255,255,255,255,255,
255,255,255,255,255,255,255,255,255,255,255,255,255,255,255,254,255,254,47,0,0,57,241,14,0,0,0,0,0,0,0,0,0,0,0,0,0,4,236,255,254,255,255,255,255,255,255,255,255,255,255,255,255,255,255,255,255,255,255,255,
255,255,255,255,255,255,255,255,255,255,255,255,255,255,255,255,255,234,1,0,2,201,154,0,0,0,0,0,0,0,0,0,0,0,0,0,0,0,167,255,255,255,255,255,255,255,255,255,255,255,255,255,255,255,255,255,255,255,255,255,
255,255,255,255,255,255,255,255,255,255,255,255,255,255,255,255,255,186,0,0,106,254,55,0,0,0,0,0,0,0,0,0,0,0,0,0,0,0,89,255,255,255,255,255,255,255,255,255,255,255,255,255,255,255,255,255,255,255,255,255,
255,255,255,255,255,255,255,255,255,255,255,255,255,255,255,255,255,173,0,33,243,212,0,0,0,0,0,0,0,0,0,0,0,0,0,0,0,0,20,251,254,255,255,254,254,255,255,255,255,255,255,255,255,255,255,255,255,255,255,255,
255,255,255,255,255,255,255,255,255,255,255,255,255,255,255,255,255,238,60,208,255,113,0,0,0,0,0,0,0,0,0,0,0,0,0,0,0,0,0,200,255,255,255,254,254,255,254,255,255,255,255,255,255,255,255,255,255,255,255,255,
255,255,255,255,255,255,255,255,255,255,255,255,255,255,255,254,255,254,181,248,245,21,0,0,0,0,0,0,0,0,0,0,0,0,0,0,0,0,0,124,254,255,255,255,255,254,255,255,255,255,255,255,255,255,255,255,255,255,255,255,
