0,0,0,0,0,0,0,0,0,0,0,0,0,0,0,0,0,0,0,0,0,0,0,0,0,0,0,0,0,0,0,0,0,0,0,0,0,0,0,0,0,0,0,0,0,0,0,0,0,0,0,0,0,0,0,0,0,0,0,0,
0,0,0,0,0,0,0,0,0,0,0,0,0,0,0,0,0,0,0,0,0,0,0,0,0,0,0,0,0,0,0,0,0,0,0,0,0,0,0,0,0,0,0,0,0,0,0,0,0,0,0,0,0,0,0,0,0,0,0,0,
0,0,0,0,0,0,0,0,0,0,0,0,0,0,0,0,0,0,0,0,0,0,0,0,0,0,0,2,0,0,0,15,13,0,0,0,0,0,0,0,0,0,0,0,0,0,0,0,0,0,0,0,0,0,0,0,0,0,0,0,
0,0,0,0,0,0,0,0,0,0,0,0,0,0,0,0,0,0,0,0,0,0,0,0,13,127,213,250,241,213,240,254,253,226,140,14,0,0,0,0,0,0,0,0,0,0,0,0,0,0,0,0,0,0,0,0,0,0,0,0,
0,0,0,0,0,0,0,0,0,0,0,0,0,0,0,0,0,0,0,0,0,0,0,13,209,255,255,255,255,255,255,255,255,255,255,204,11,0,0,0,0,0,0,0,0,0,0,0,0,0,0,0,0,0,0,0,0,0,0,0,
0,0,0,0,0,0,0,0,0,0,0,0,0,0,0,0,0,0,0,0,0,0,0,128,255,255,255,255,255,255,255,255,255,255,255,255,133,77,102,7,0,0,0,0,0,0,0,0,0,0,0,0,0,0,0,0,0,0,0,0,
0,0,0,0,0,0,0,0,0,0,0,0,0,0,0,0,0,0,0,0,0,0,0,214,255,255,255,255,255,255,255,255,255,255,255,255,239,250,255,208,28,0,0,0,0,0,0,0,0,0,0,0,0,0,0,0,0,0,0,0,
0,0,0,0,0,0,0,0,0,0,0,0,0,0,0,0,0,0,0,0,0,0,5,251,255,255,255,255,255,255,255,255,255,255,255,255,255,255,255,255,208,4,0,0,0,0,0,0,0,0,0,0,0,0,0,0,0,0,0,0,
0,0,0,0,0,0,0,0,0,0,0,0,0,0,0,0,0,0,0,0,0,0,8,253,255,255,255,255,255,255,255,255,255,255,255,255,255,255,255,255,254,77,0,0,0,0,0,0,0,0,0,0,0,0,0,0,0,0,0,0,
0,0,0,0,0,0,0,0,0,0,0,0,0,0,0,0,0,0,0,0,0,0,0,220,255,255,255,255,255,255,255,255,255,255,255,255,255,255,255,255,255,126,0,0,0,0,0,0,0,0,0,0,0,0,0,0,0,0,0,0,
0,0,0,0,0,0,0,0,0,0,0,0,0,0,0,0,0,0,0,0,0,0,7,228,255,255,255,255,255,255,255,255,255,255,255,255,255,255,255,255,255,195,0,0,0,0,0,0,0,0,0,0,0,0,0,0,0,0,0,0,
0,0,0,0,0,0,0,0,0,0,0,0,0,0,0,0,0,0,0,0,0,0,143,254,255,255,255,255,255,255,255,255,255,255,255,255,255,251,255,255,254,92,0,0,0,0,0,0,0,0,0,0,0,0,0,0,0,0,0,0,
0,0,0,0,0,0,0,0,0,0,0,0,0,0,0,0,0,0,0,0,5,149,254,255,255,255,255,255,255,255,255,255,255,255,255,255,236,126,255,255,215,1,0,0,0,0,0,0,0,0,0,0,0,0,0,0,0,0,0,0,
0,0,0,0,0,0,0,0,0,0,0,0,0,0,0,0,0,0,0,0,8,129,204,177,254,255,255,255,255,255,255,255,255,255,255,255,140,100,255,255,244,9,0,0,0,0,0,0,0,0,0,0,0,0,0,0,0,0,0,0,
0,0,0,0,0,0,0,0,0,0,0,0,0,0,0,0,0,0,0,0,0,0,0,157,254,255,255,255,255,255,255,255,255,255,255,255,190,139,255,255,255,71,0,0,0,0,0,0,0,0,0,0,0,0,0,0,0,0,0,0,
0,0,0,0,0,0,0,0,0,0,0,0,0,0,0,0,0,0,0,0,0,0,16,94,199,254,255,255,255,255,255,255,255,255,255,208,159,132,255,255,255,123,0,0,0,0,0,0,0,0,0,0,0,0,0,0,0,0,0,0,
0,0,0,0,0,0,0,0,0,0,0,0,0,0,0,0,0,0,0,0,0,0,0,6,24,223,254,255,255,255,255,255,255,251,235,12,21,139,255,255,255,166,0,0,0,0,0,0,0,0,0,0,0,0,0,0,0,0,0,0,
0,0,0,0,0,0,0,0,0,0,0,0,0,0,0,0,0,0,0,0,0,0,0,0,0,172,209,197,254,255,255,255,214,192,158,0,0,107,254,255,255,193,0,0,0,0,0,0,0,0,0,0,0,0,0,0,0,0,0,0,
0,0,0,0,0,0,0,0,0,0,0,0,0,0,0,0,0,0,0,0,0,0,0,0,0,90,140,12,247,255,255,252,26,143,40,0,0,44,245,255,255,148,0,0,0,0,0,0,0,0,0,0,0,0,0,0,0,0,0,0,
0,0,0,0,0,84,78,0,0,0,0,0,0,0,0,0,0,0,0,0,0,0,0,0,0,21,50,70,241,255,255,245,74,71,0,0,0,0,205,255,226,78,0,0,0,0,0,0,0,0,0,0,0,0,0,0,0,0,0,0,
0,0,0,0,110,253,254,207,99,8,0,0,0,0,0,0,0,0,0,0,0,0,0,0,0,73,210,254,255,255,255,255,254,196,55,0,0,0,121,248,197,4,0,0,0,0,0,0,0,0,0,0,54,169,176,10,0,0,0,0,
0,0,0,115,254,123,52,188,254,233,123,12,0,0,0,0,0,0,0,0,0,0,0,0,82,252,255,255,255,255,255,255,255,255,247,58,0,0,9,140,63,0,0,0,0,0,0,0,0,10,102,205,254,200,234,186,5,0,0,0,
0,6,148,254,224,3,0,0,112,250,204,230,97,2,0,0,0,0,0,0,0,0,0,29,236,255,255,255,255,255,255,255,255,255,255,223,19,0,0,7,0,0,0,0,0,0,0,8,114,231,254,197,75,1,58,248,183,10,0,0,
44,204,254,196,254,115,0,0,179,254,145,59,210,209,90,10,0,0,4,52,103,50,7,199,255,255,255,255,255,255,255,255,255,255,255,254,188,4,2,39,2,0,0,0,0,6,101,222,179,120,250,122,0,0,23,243,254,203,28,0,
247,252,136,118,255,253,66,2,239,255,252,36,7,168,254,249,218,217,247,254,254,254,248,255,255,255,255,255,255,255,255,255,255,255,255,255,255,211,237,254,232,173,132,123,159,232,228,75,2,205,254,221,0,5,201,253,166,253,233,78,
220,62,0,159,255,255,163,2,229,255,254,46,0,148,252,95,11,11,167,216,46,80,254,255,255,255,255,255,255,255,255,255,255,255,255,255,255,255,133,111,221,185,108,109,149,251,109,0,32,254,255,254,24,110,254,255,132,86,239,253,
219,40,0,90,255,255,146,0,120,255,254,31,1,239,255,213,4,5,247,255,140,5,222,255,255,255,255,255,255,255,255,255,255,255,255,255,255,225,15,115,254,218,0,0,156,255,215,0,12,254,255,210,0,147,255,255,163,0,28,224,
255,209,6,4,218,255,139,0,17,242,254,17,19,254,255,255,15,41,254,255,234,53,252,255,255,255,255,255,255,255,255,255,255,255,255,255,255,245,35,243,255,253,11,13,252,255,254,18,0,241,254,111,0,120,255,254,73,0,89,247,
255,255,51,0,105,254,124,0,0,143,253,3,0,182,255,251,7,9,237,255,223,0,168,255,255,255,255,255,255,255,255,255,255,255,255,255,255,157,4,251,255,234,7,10,254,255,230,5,0,217,247,20,0,94,255,226,2,21,237,255,
255,254,45,0,8,230,112,0,0,31,238,0,0,68,254,239,0,0,140,255,205,0,224,255,255,255,255,255,255,255,255,255,255,255,255,255,255,174,0,249,254,129,0,0,241,255,129,0,0,193,168,0,0,68,254,128,0,57,255,255,
254,254,37,0,0,117,98,0,0,0,119,0,0,1,211,226,0,0,38,253,187,41,255,255,255,255,255,255,255,255,255,255,255,255,255,255,255,229,0,244,245,19,0,0,224,250,29,0,0,166,70,0,0,43,253,30,0,31,254,255,
198,255,25,0,0,10,34,0,0,0,0,0,0,0,98,209,0,0,0,186,163,93,255,255,253,255,255,255,255,255,255,255,255,255,255,255,255,254,18,230,145,0,0,0,205,175,0,0,0,74,2,0,0,17,183,0,0,8,253,255,
72,254,18,0,0,0,0,0,0,0,0,0,0,0,8,169,0,0,0,82,146,157,255,255,174,254,255,255,255,255,255,255,255,255,254,250,255,254,68,221,32,0,0,0,187,72,0,0,0,0,0,0,0,0,29,0,0,0,236,233,
0,198,5,0,0,0,0,0,0,0,0,0,0,0,0,17,0,0,0,36,246,255,255,244,82,254,255,255,255,255,255,255,255,255,254,144,254,255,253,207,14,0,0,0,118,2,0,0,0,0,0,0,0,0,0,0,0,0,214,135,
0,30,0,0,0,0,0,0,0,0,0,0,0,0,0,0,0,0,70,236,255,255,254,106,69,254,255,255,255,255,255,255,255,255,254,26,207,255,255,255,221,59,0,0,0,0,0,0,0,0,0,0,0,0,0,0,0,0,184,33,
0,0,0,0,0,0,0,0,0,0,0,0,0,0,0,0,0,112,251,255,255,249,113,0,79,254,255,255,255,255,255,255,255,255,254,58,22,178,254,255,255,251,131,4,0,0,0,0,0,0,0,0,0,0,0,0,0,0,40,0,
0,0,0,0,0,0,0,0,0,0,0,0,0,0,0,8,161,254,255,255,209,50,0,0,100,255,255,255,255,255,255,255,255,255,254,77,0,0,78,217,254,255,255,202,107,118,88,23,0,0,0,0,0,0,0,0,0,0,0,0,
0,0,0,0,0,0,0,0,0,0,11,188,227,229,161,204,254,255,249,131,7,0,0,0,111,255,255,255,255,255,255,255,255,255,255,96,0,0,0,6,112,236,255,255,254,254,254,227,61,0,0,0,0,0,0,0,0,0,0,0,
0,0,0,0,0,0,0,0,0,0,1,54,234,255,255,255,255,201,46,0,0,0,0,3,218,255,255,255,255,255,255,255,255,255,255,214,1,0,0,0,0,17,135,241,255,255,254,114,4,0,0,0,0,0,0,0,0,0,0,0,
0,0,0,0,0,0,53,83,72,110,186,250,255,255,254,226,104,3,0,0,0,0,0,81,255,255,255,255,255,255,255,255,255,255,255,254,79,0,0,0,0,0,0,11,95,226,255,254,201,78,8,0,0,0,0,0,0,0,0,0,
0,0,0,0,0,0,19,154,246,255,255,254,250,166,61,2,0,0,0,0,0,0,0,185,255,255,255,255,255,255,255,255,255,255,255,255,184,0,0,0,0,0,0,0,0,15,147,250,255,254,245,213,71,0,0,0,0,0,0,0,
0,0,0,0,0,0,0,0,15,96,125,112,26,0,0,0,0,0,0,0,0,0,19,249,255,255,255,255,255,255,255,255,255,255,255,255,250,21,0,0,0,0,0,0,0,0,0,27,93,135,115,63,0,0,0,0,0,0,0,0,
0,0,0,0,0,0,0,0,0,0,0,0,0,0,0,0,0,0,0,0,0,0,90,255,255,255,255,255,255,255,255,255,255,255,255,255,254,86,0,0,0,0,0,0,0,0,0,0,0,0,0,0,0,0,0,0,0,0,0,0,
0,0,0,0,0,0,0,0,0,0,0,0,0,0,0,0,0,0,0,0,0,0,157,255,255,255,255,255,255,255,255,255,255,255,255,255,255,155,0,0,0,0,0,0,0,0,0,0,0,0,0,0,0,0,0,0,0,0,0,0,
0,0,0,0,0,0,0,0,0,0,0,0,0,0,0,0,0,0,0,0,0,0,224,255,255,255,255,255,255,255,255,255,255,255,255,255,255,222,0,0,0,0,0,0,0,0,0,0,0,0,0,0,0,0,0,0,0,0,0,0,
