0,0,0,0,0,0,0,0,0,0,0,0,0,0,0,0,0,0,0,0,0,0,0,0,0,0,0,0,0,0,0,0,0,0,0,0,0,0,0,0,0,0,0,0,0,0,0,0,0,0,0,0,0,0,0,0,0,0,0,0,
0,0,0,0,0,0,0,0,0,0,0,0,0,0,0,0,0,0,0,0,0,0,0,0,0,26,90,106,103,109,119,121,105,50,0,0,0,0,0,0,0,0,0,0,0,0,0,0,0,0,0,0,0,0,0,0,0,0,0,0,
0,0,0,0,0,0,0,0,0,0,0,0,0,0,0,0,0,0,0,0,0,0,0,1,137,250,255,255,255,255,255,255,254,254,191,31,0,0,0,0,0,0,0,0,0,0,0,0,0,0,0,0,0,0,0,0,0,0,0,0,
0,0,0,0,0,0,0,0,0,0,0,0,0,0,0,0,0,0,0,0,0,0,0,122,254,255,255,255,255,255,255,255,255,255,255,220,17,0,0,0,0,0,0,0,0,0,0,0,0,0,0,0,0,0,0,0,0,0,0,0,
0,0,0,0,0,0,0,0,0,0,0,0,0,0,0,0,0,0,0,0,0,0,16,244,255,255,255,255,255,255,255,255,255,255,255,255,139,0,2,51,43,0,0,0,0,0,0,0,0,0,0,0,0,0,0,0,0,0,0,0,
0,0,0,0,0,0,0,0,0,0,0,0,0,0,0,0,0,0,0,0,0,0,85,255,255,255,255,255,255,255,255,255,255,255,255,255,232,175,220,254,252,44,0,0,0,0,0,0,0,0,0,0,0,0,0,0,0,0,0,0,
0,0,0,0,0,0,0,0,0,0,0,0,0,0,0,0,0,0,0,0,0,0,132,255,255,255,255,255,255,255,255,255,255,255,255,255,255,255,255,255,255,120,0,0,0,0,0,0,0,0,0,0,0,0,0,0,0,0,0,0,
0,0,0,0,0,0,0,0,0,0,0,0,0,0,0,0,0,0,0,0,0,0,154,255,255,255,255,255,255,255,255,255,255,255,255,255,255,255,255,255,255,138,0,0,0,0,0,0,0,0,0,0,0,0,0,0,0,0,0,0,
0,0,0,0,0,0,0,0,0,0,0,0,0,0,0,0,0,0,0,0,0,0,104,255,255,255,255,255,255,255,255,255,255,255,255,255,255,255,255,255,255,119,0,0,0,0,0,0,0,0,0,0,0,0,0,0,0,0,0,0,
0,0,0,0,0,0,0,0,0,0,0,0,0,0,0,0,0,0,0,0,0,4,176,255,255,255,255,255,255,255,255,255,255,255,255,255,255,255,255,255,255,88,0,0,0,0,0,0,0,0,0,0,0,0,0,0,0,0,0,0,
0,0,0,0,0,0,0,0,0,0,0,0,0,0,0,0,0,0,0,0,76,195,255,255,255,255,255,255,255,255,255,255,255,255,255,255,255,230,254,255,255,137,0,0,0,0,0,0,0,0,0,0,0,0,0,0,0,0,0,0,
0,0,0,0,0,0,0,0,0,0,0,0,0,0,0,0,0,0,0,1,196,255,255,255,255,255,255,255,255,255,255,255,255,255,255,255,254,111,254,255,254,98,0,0,0,0,0,0,0,0,0,0,0,0,0,0,0,0,0,0,
0,0,0,0,0,0,0,0,0,0,0,0,0,0,0,0,0,0,0,0,62,232,254,255,255,255,255,255,255,255,255,255,255,255,255,255,217,38,254,255,254,84,0,0,0,0,0,0,0,0,0,0,0,0,0,0,0,0,0,0,
0,0,0,0,0,0,0,0,0,0,0,0,0,0,0,0,0,0,0,0,0,25,86,233,255,255,255,255,255,255,255,255,255,255,255,255,202,49,255,255,255,151,0,0,0,0,0,0,0,0,0,0,0,0,0,0,0,0,0,0,
0,0,0,0,0,0,0,0,0,0,0,0,0,0,0,0,0,0,0,0,0,0,99,245,255,255,255,255,255,255,255,255,255,255,255,255,203,122,254,255,255,211,0,0,0,0,0,0,0,0,0,0,0,0,0,0,0,0,0,0,
0,0,0,0,0,0,0,0,0,0,0,0,0,0,0,0,0,0,0,0,0,0,18,171,254,255,255,255,255,255,255,255,255,255,255,238,132,65,243,255,255,251,9,0,0,0,0,0,0,0,0,0,0,0,0,0,0,0,0,0,
0,0,0,0,0,0,0,0,0,0,0,0,0,0,0,0,0,0,0,0,0,0,0,17,175,241,251,255,237,214,211,250,255,254,251,79,34,36,254,255,255,222,25,0,0,0,0,0,0,0,0,0,0,0,0,0,0,0,0,0,
0,0,0,0,0,0,0,0,0,0,0,0,0,0,0,0,0,0,0,0,0,0,0,0,30,188,145,171,239,229,241,204,210,204,74,0,0,0,219,255,255,203,0,0,0,0,0,0,0,0,0,0,0,0,0,0,0,0,0,0,
0,0,0,0,0,0,0,0,0,0,0,0,0,0,0,0,0,0,0,0,0,0,0,0,12,31,38,81,242,254,254,215,20,83,0,0,0,0,143,251,254,142,0,0,0,0,0,0,0,0,0,0,0,0,0,0,0,0,0,0,
0,0,0,0,0,0,0,0,0,0,0,0,0,0,0,0,0,0,0,0,0,0,0,0,0,0,0,102,254,255,255,233,39,6,0,0,0,0,92,221,240,55,0,0,0,0,0,0,0,0,0,0,0,0,2,36,0,0,0,0,
0,0,0,60,193,91,5,0,0,0,0,0,0,0,0,0,0,0,0,0,0,0,0,0,0,76,201,254,255,255,255,255,251,169,41,0,0,0,17,157,143,1,0,0,0,0,0,0,0,0,0,0,6,89,203,254,114,0,0,0,
0,0,59,242,226,254,229,132,28,0,0,0,0,0,0,0,0,0,0,0,0,0,0,0,147,254,255,255,255,255,255,255,255,255,246,67,0,0,0,8,21,0,0,0,0,0,0,0,0,0,19,125,229,254,195,156,254,114,0,0,
0,58,240,208,11,56,178,251,249,159,34,0,0,0,0,0,0,0,0,0,0,0,0,92,254,255,255,255,255,255,255,255,255,255,255,230,23,0,0,0,0,0,0,0,0,0,0,0,10,125,241,254,208,75,0,1,168,254,128,0,
81,243,255,114,0,0,0,195,214,166,243,142,18,0,0,0,0,0,0,0,0,0,34,239,255,255,255,255,255,255,255,255,255,255,255,255,193,4,0,0,0,0,0,0,0,0,4,98,226,190,95,238,197,2,0,0,174,251,254,170,
252,242,232,215,28,0,75,254,254,50,35,184,242,147,70,33,34,68,122,196,173,107,204,255,255,255,255,255,255,255,255,255,255,255,255,255,254,171,152,219,222,154,105,79,89,135,224,238,91,0,143,254,254,61,0,113,254,215,194,255,
226,98,254,255,149,0,173,255,255,159,0,1,160,254,243,220,206,239,254,220,229,250,255,255,255,255,255,255,255,255,255,255,255,255,255,255,255,255,227,181,179,253,192,156,163,193,253,97,0,0,228,255,255,136,14,237,255,254,46,143,
20,132,254,255,238,0,168,255,255,153,0,9,219,245,41,0,0,167,240,38,0,217,255,255,255,255,255,255,255,255,255,255,255,255,255,255,255,255,138,0,91,254,161,0,0,113,254,228,4,0,185,255,254,79,28,254,255,255,76,0,
0,90,255,255,202,0,99,255,254,96,0,94,255,255,149,0,53,254,255,146,0,143,255,255,255,255,255,255,255,255,255,255,255,255,255,255,255,254,60,0,202,255,252,38,0,223,255,255,72,0,140,255,242,10,1,240,255,238,6,0,
3,19,252,255,147,0,30,254,255,41,0,147,255,255,195,0,126,255,255,208,8,223,255,255,255,255,255,255,255,255,255,255,255,255,255,255,255,254,132,1,242,255,254,90,0,225,255,255,88,0,87,254,172,0,0,200,255,152,0,68,
73,0,198,255,98,0,0,213,240,3,0,93,255,255,138,0,96,255,255,152,0,65,254,255,255,255,255,255,255,255,255,255,255,255,255,255,255,227,1,0,177,255,254,43,0,170,255,252,18,0,39,254,92,0,0,156,254,63,0,134,
64,0,123,254,40,0,0,145,186,0,0,33,254,255,78,0,51,255,254,79,0,137,255,255,255,255,255,255,255,255,255,255,255,255,255,255,255,254,40,0,98,254,245,2,0,110,255,199,0,0,3,236,16,0,0,113,224,1,0,95,
17,0,51,242,2,0,0,75,132,0,0,0,225,252,19,0,6,249,247,10,0,198,255,255,255,255,255,255,255,255,255,255,255,255,255,255,255,255,94,0,23,253,202,0,0,55,254,127,0,0,0,95,0,0,0,71,136,0,0,60,
0,0,1,161,0,0,0,8,34,0,0,0,164,211,0,0,0,211,184,0,2,244,255,255,255,255,255,255,255,255,255,255,255,255,255,255,255,255,135,0,0,197,153,0,0,5,243,56,0,0,0,0,0,0,0,11,24,0,0,22,
0,0,0,4,0,0,0,0,0,0,0,0,104,150,0,0,0,164,112,0,50,254,255,255,223,255,255,255,255,255,255,255,255,255,255,229,255,255,190,21,0,122,105,0,0,0,175,4,0,0,0,0,0,0,0,0,0,0,0,0,
0,0,0,0,0,0,0,0,0,0,0,0,36,77,0,0,0,113,38,120,250,255,255,217,148,255,255,255,255,255,255,255,255,255,255,126,242,255,255,234,83,31,39,0,0,0,17,0,0,0,0,0,0,0,0,0,0,0,0,0,
0,0,0,0,0,0,0,0,0,0,0,0,0,0,0,0,0,18,179,255,255,255,242,30,138,255,255,255,255,255,255,255,255,255,255,111,123,255,255,255,254,152,9,0,0,0,0,0,0,0,0,0,0,0,0,0,0,0,0,0,
0,0,0,0,0,0,0,0,0,0,0,0,0,0,0,0,39,214,254,255,255,234,64,0,162,255,255,255,255,255,255,255,255,255,255,142,2,128,250,255,255,254,211,43,0,0,0,0,0,0,0,0,0,0,0,0,0,0,0,0,
0,0,0,0,0,0,0,0,0,0,0,0,0,0,0,76,239,255,255,255,182,26,0,0,194,255,255,255,255,255,255,255,255,255,255,182,0,0,48,195,255,255,255,245,102,46,64,34,0,0,0,0,0,0,0,0,0,0,0,0,
0,0,0,0,0,0,0,0,0,16,122,147,145,69,122,252,255,255,237,96,0,0,0,0,184,255,255,255,255,255,255,255,255,255,255,161,0,0,0,1,94,229,255,255,255,255,254,254,221,64,0,0,0,0,0,0,0,0,0,0,
0,0,0,0,0,0,0,0,0,45,126,253,255,254,254,255,254,174,26,0,0,0,0,24,247,255,255,255,255,255,255,255,255,255,255,247,25,0,0,0,0,13,135,246,255,255,255,254,108,49,0,0,0,0,0,0,0,0,0,0,
0,0,0,0,0,0,0,0,14,92,194,254,255,255,255,226,84,0,0,0,0,0,0,136,255,255,255,255,255,255,255,255,255,255,255,255,134,0,0,0,0,0,0,30,132,226,255,255,243,135,19,0,0,0,0,0,0,0,0,0,
0,0,0,0,10,190,195,214,250,255,255,255,253,189,102,8,0,0,0,0,0,0,9,235,255,255,255,255,255,255,255,255,255,255,255,255,234,9,0,0,0,0,0,0,0,6,118,243,255,255,245,179,155,160,10,0,0,0,0,0,
0,0,0,0,0,8,107,207,254,254,239,150,40,0,0,0,0,0,0,0,0,0,84,254,255,255,255,255,255,255,255,255,255,255,255,255,254,84,0,0,0,0,0,0,0,0,0,28,146,201,219,184,120,24,0,0,0,0,0,0,
0,0,0,0,0,0,0,0,13,32,7,0,0,0,0,0,0,0,0,0,0,0,166,255,255,255,255,255,255,255,255,255,255,255,255,255,255,167,0,0,0,0,0,0,0,0,0,0,0,0,0,0,0,0,0,0,0,0,0,0,
0,0,0,0,0,0,0,0,0,0,0,0,0,0,0,0,0,0,0,0,0,3,233,255,255,255,255,255,255,255,255,255,255,255,255,255,255,233,3,0,0,0,0,0,0,0,0,0,0,0,0,0,0,0,0,0,0,0,0,0,
