0,0,0,0,0,0,0,0,0,0,0,0,0,0,0,0,0,0,0,0,0,0,0,0,0,0,0,0,0,0,0,0,0,0,0,0,0,0,0,0,0,0,0,0,0,0,0,0,0,0,0,0,0,0,0,0,0,0,0,0,
0,0,0,0,0,0,0,0,0,0,0,0,0,0,0,0,0,0,0,0,0,0,0,0,0,6,49,66,65,73,85,89,77,23,0,0,0,0,0,0,0,0,0,0,0,0,0,0,0,0,0,0,0,0,0,0,0,0,0,0,
0,0,0,0,0,0,0,0,0,0,0,0,0,0,0,0,0,0,0,0,0,0,0,0,105,236,254,255,255,255,255,255,254,251,168,20,0,0,0,0,0,0,0,0,0,0,0,0,0,0,0,0,0,0,0,0,0,0,0,0,
0,0,0,0,0,0,0,0,0,0,0,0,0,0,0,0,0,0,0,0,0,0,0,107,254,255,255,255,255,255,255,255,255,255,255,212,13,0,0,0,0,0,0,0,0,0,0,0,0,0,0,0,0,0,0,0,0,0,0,0,
0,0,0,0,0,0,0,0,0,0,0,0,0,0,0,0,0,0,0,0,0,0,11,239,255,255,255,255,255,255,255,255,255,255,255,255,137,0,0,6,10,0,0,0,0,0,0,0,0,0,0,0,0,0,0,0,0,0,0,0,
0,0,0,0,0,0,0,0,0,0,0,0,0,0,0,0,0,0,0,0,0,0,81,255,255,255,255,255,255,255,255,255,255,255,255,255,234,163,185,246,242,39,0,0,0,0,0,0,0,0,0,0,0,0,0,0,0,0,0,0,
0,0,0,0,0,0,0,0,0,0,0,0,0,0,0,0,0,0,0,0,0,0,132,255,255,255,255,255,255,255,255,255,255,255,255,255,255,255,255,255,254,128,0,0,0,0,0,0,0,0,0,0,0,0,0,0,0,0,0,0,
0,0,0,0,0,0,0,0,0,0,0,0,0,0,0,0,0,0,0,0,0,0,158,255,255,255,255,255,255,255,255,255,255,255,255,255,255,255,255,255,255,155,0,0,0,0,0,0,0,0,0,0,0,0,0,0,0,0,0,0,
0,0,0,0,0,0,0,0,0,0,0,0,0,0,0,0,0,0,0,0,0,0,118,254,255,255,255,255,255,255,255,255,255,255,255,255,255,255,255,255,255,143,0,0,0,0,0,0,0,0,0,0,0,0,0,0,0,0,0,0,
0,0,0,0,0,0,0,0,0,0,0,0,0,0,0,0,0,0,0,0,0,0,142,255,255,255,255,255,255,255,255,255,255,255,255,255,255,255,255,255,255,103,0,0,0,0,0,0,0,0,0,0,0,0,0,0,0,0,0,0,
0,0,0,0,0,0,0,0,0,0,0,0,0,0,0,0,0,0,0,0,41,137,254,255,255,255,255,255,255,255,255,255,255,255,255,255,255,245,254,255,255,149,0,0,0,0,0,0,0,0,0,0,0,0,0,0,0,0,0,0,
0,0,0,0,0,0,0,0,0,0,0,0,0,0,0,0,0,0,0,4,187,255,255,255,255,255,255,255,255,255,255,255,255,255,255,255,254,143,254,255,255,114,0,0,0,0,0,0,0,0,0,0,0,0,0,0,0,0,0,0,
0,0,0,0,0,0,0,0,0,0,0,0,0,0,0,0,0,0,0,0,106,249,255,255,255,255,255,255,255,255,255,255,255,255,255,255,241,37,254,255,254,88,0,0,0,0,0,0,0,0,0,0,0,0,0,0,0,0,0,0,
0,0,0,0,0,0,0,0,0,0,0,0,0,0,0,0,0,0,0,0,0,56,112,240,255,255,255,255,255,255,255,255,255,255,255,255,199,35,254,255,255,159,0,0,0,0,0,0,0,0,0,0,0,0,0,0,0,0,0,0,
0,0,0,0,0,0,0,0,0,0,0,0,0,0,0,0,0,0,0,0,0,0,82,252,255,255,255,255,255,255,255,255,255,255,255,255,220,113,254,255,255,219,0,0,0,0,0,0,0,0,0,0,0,0,0,0,0,0,0,0,
0,0,0,0,0,0,0,0,0,0,0,0,0,0,0,0,0,0,0,0,0,0,41,179,254,255,255,255,255,255,255,255,255,255,255,246,139,56,245,255,255,253,18,0,0,0,0,0,0,0,0,0,0,0,0,0,0,0,0,0,
0,0,0,0,0,0,0,0,0,0,0,0,0,0,0,0,0,0,0,0,0,0,0,24,189,249,252,255,255,255,255,254,255,255,254,104,47,30,249,255,255,242,41,0,0,0,0,0,0,0,0,0,0,0,0,0,0,0,0,0,
0,0,0,0,0,0,0,0,0,0,0,0,0,0,0,0,0,0,0,0,0,0,0,0,47,209,163,207,240,195,220,236,228,220,120,0,0,0,224,255,255,235,2,0,0,0,0,0,0,0,0,0,0,0,0,0,0,0,0,0,
0,0,0,0,0,0,0,0,0,0,0,0,0,0,0,0,0,0,0,0,0,0,0,0,21,54,55,78,237,254,254,202,34,113,0,0,0,0,144,254,254,184,0,0,0,0,0,0,0,0,0,0,0,0,0,0,0,0,0,0,
0,0,0,0,0,0,0,0,0,0,0,0,0,0,0,0,0,0,0,0,0,0,0,0,0,0,4,78,254,255,255,234,18,18,0,0,0,0,93,227,249,85,0,0,0,0,0,0,0,0,0,0,0,0,0,2,0,0,0,0,
0,0,0,38,146,45,0,0,0,0,0,0,0,0,0,0,0,0,0,0,0,0,0,0,0,47,167,251,255,255,255,255,237,134,20,0,0,0,33,177,201,13,0,0,0,0,0,0,0,0,0,0,0,39,152,240,83,0,0,0,
0,0,33,227,252,254,188,85,5,0,0,0,0,0,0,0,0,0,0,0,0,0,0,0,116,251,255,255,255,255,255,255,255,255,233,50,0,0,0,23,44,0,0,0,0,0,0,0,0,0,1,73,184,253,237,199,250,83,0,0,
0,33,220,229,37,104,224,254,225,111,9,0,0,0,0,0,0,0,0,0,0,0,0,74,254,255,255,255,255,255,255,255,255,255,255,220,15,0,0,0,0,0,0,0,0,0,0,0,0,71,207,254,234,133,19,6,198,250,88,0,
50,228,255,103,0,0,4,200,221,214,224,92,2,0,0,0,0,0,0,0,0,0,23,231,255,255,255,255,255,255,255,255,255,255,255,255,180,2,0,0,0,0,0,0,0,0,0,44,180,233,141,234,177,0,0,0,137,254,254,128,
245,252,234,194,12,0,50,252,248,39,80,225,213,98,21,0,0,22,78,151,127,64,188,255,255,255,255,255,255,255,255,255,255,255,255,255,254,148,104,172,174,107,58,30,38,86,175,251,150,15,120,254,254,42,0,75,243,213,222,254,
246,118,252,255,134,0,144,255,255,156,0,16,190,254,254,234,238,254,254,254,253,254,254,255,255,255,255,255,255,255,255,255,255,255,255,255,255,255,254,239,232,254,236,229,230,245,254,128,0,0,230,255,255,121,8,223,255,253,46,192,
46,111,255,255,240,4,168,255,255,175,0,2,193,245,59,13,14,154,238,34,16,225,255,255,255,255,255,255,255,255,255,255,255,255,255,255,255,255,151,0,66,252,123,0,0,88,254,200,0,0,209,255,254,90,46,254,255,255,75,2,
0,92,254,255,229,0,90,254,255,134,0,66,254,255,140,0,30,251,255,132,0,148,255,255,255,255,255,255,255,255,255,255,255,255,255,255,255,253,61,0,193,255,245,16,1,212,255,254,44,0,168,255,242,11,11,253,255,242,12,0,
1,15,247,255,187,0,16,249,254,85,0,136,255,255,213,0,114,254,255,210,9,233,255,255,255,255,255,255,255,255,255,255,255,255,255,255,255,255,157,7,251,255,255,79,5,245,255,255,89,0,129,254,165,0,0,233,255,154,0,42,
70,0,181,255,139,0,0,188,254,39,0,90,255,255,172,0,97,254,255,178,0,82,255,255,255,255,255,255,255,255,255,255,255,255,255,255,255,239,7,0,211,255,254,36,0,201,255,251,18,0,84,254,75,0,0,198,254,56,0,143,
82,0,96,254,99,0,0,108,244,4,0,21,253,255,116,0,45,254,255,112,0,133,255,255,255,255,255,255,255,255,255,255,255,255,255,255,255,254,50,0,142,254,232,0,0,155,255,189,0,0,45,234,7,0,0,162,210,0,0,120,
43,0,18,250,51,0,0,32,200,0,0,0,205,255,66,0,2,243,254,41,0,198,255,255,255,255,255,255,255,255,255,255,255,255,255,255,255,254,109,0,74,254,176,0,0,104,255,110,0,0,8,143,0,0,0,127,111,0,0,91,
8,0,0,183,10,0,0,0,76,0,0,0,136,251,16,0,0,196,232,1,2,245,255,255,254,255,255,255,255,255,255,255,255,255,255,255,255,255,154,0,10,248,119,0,0,58,254,29,0,0,0,2,0,0,0,55,17,0,0,65,
0,0,0,28,0,0,0,0,0,0,0,0,65,216,0,0,0,143,162,0,26,254,255,255,204,255,255,255,255,255,255,255,255,255,255,234,254,255,187,5,0,191,62,0,0,10,199,0,0,0,0,0,0,0,0,0,0,0,0,42,
0,0,0,0,0,0,0,0,0,0,0,0,8,153,0,0,0,92,100,102,238,255,255,220,153,255,255,255,255,255,255,255,255,255,255,134,242,255,255,217,74,97,9,0,0,0,46,0,0,0,0,0,0,0,0,0,0,0,0,10,
0,0,0,0,0,0,0,0,0,0,0,0,0,6,0,0,0,38,195,254,255,255,251,57,142,255,255,255,255,255,255,255,255,255,255,112,143,255,255,255,254,166,21,0,0,0,0,0,0,0,0,0,0,0,0,0,0,0,0,0,
0,0,0,0,0,0,0,0,0,0,0,0,0,0,0,0,76,232,254,255,255,249,101,0,161,255,255,255,255,255,255,255,255,255,255,141,11,177,254,255,255,255,236,95,0,0,0,0,0,0,0,0,0,0,0,0,0,0,0,0,
0,0,0,0,0,0,0,0,0,1,47,51,24,0,10,147,253,255,255,254,196,46,0,0,193,255,255,255,255,255,255,255,255,255,255,181,0,0,80,213,254,255,255,254,194,133,173,161,108,33,0,0,0,0,0,0,0,0,0,0,
0,0,0,0,0,0,0,0,0,142,238,254,254,199,219,254,255,255,230,92,1,0,0,0,189,255,255,255,255,255,255,255,255,255,255,165,0,0,0,3,95,220,254,255,255,255,255,255,220,217,3,0,0,0,0,0,0,0,0,0,
0,0,0,0,0,0,0,0,0,20,136,254,255,255,255,255,249,136,14,0,0,0,0,15,239,255,255,255,255,255,255,255,255,255,255,238,15,0,0,0,0,4,99,221,254,255,255,255,211,54,0,0,0,0,0,0,0,0,0,0,
0,0,0,0,73,135,113,141,195,250,254,255,255,255,253,169,36,0,0,0,0,0,0,116,255,255,255,255,255,255,255,255,255,255,255,255,114,0,0,0,0,0,0,3,73,159,248,255,255,254,193,93,56,66,50,0,0,0,0,0,
0,0,0,0,8,133,245,255,255,255,255,254,203,108,31,0,0,0,0,0,0,0,3,225,255,255,255,255,255,255,255,255,255,255,255,255,225,3,0,0,0,0,0,0,0,0,34,172,253,255,255,254,253,208,52,0,0,0,0,0,
0,0,0,0,0,0,17,118,169,188,145,53,0,0,0,0,0,0,0,0,0,0,73,254,255,255,255,255,255,255,255,255,255,255,255,255,254,74,0,0,0,0,0,0,0,0,0,0,46,112,125,101,29,0,0,0,0,0,0,0,
0,0,0,0,0,0,0,0,0,0,0,0,0,0,0,0,0,0,0,0,0,0,158,255,255,255,255,255,255,255,255,255,255,255,255,255,255,158,0,0,0,0,0,0,0,0,0,0,0,0,0,0,0,0,0,0,0,0,0,0,
0,0,0,0,0,0,0,0,0,0,0,0,0,0,0,0,0,0,0,0,0,0,226,255,255,255,255,255,255,255,255,255,255,255,255,255,255,225,0,0,0,0,0,0,0,0,0,0,0,0,0,0,0,0,0,0,0,0,0,0,
