255,255,255,255,255,255,255,255,255,255,255,255,255,255,255,255,255,248,57,0,0,0,0,0,0,0,0,0,0,0,0,0,0,0,0,0,0,0,0,0,0,0,0,0,0,0,0,0,0,0,41,242,255,255,255,255,255,255,255,255,
255,255,255,255,255,255,255,255,255,255,255,255,255,255,255,255,255,255,230,53,44,0,0,0,0,0,0,0,0,0,0,0,0,0,0,0,0,0,0,0,0,0,0,15,5,0,0,0,0,12,216,255,255,255,255,255,255,255,255,255,
255,255,255,255,255,255,255,255,255,255,255,255,255,255,255,255,255,255,255,253,124,0,0,0,0,0,0,0,0,0,0,0,0,0,0,0,0,0,0,0,0,0,0,147,40,0,0,0,0,62,254,255,255,255,255,255,255,255,255,255,
255,255,255,255,255,255,255,255,255,255,255,255,255,255,255,255,255,255,254,190,16,0,0,0,0,0,0,0,0,0,0,0,0,0,0,0,0,0,0,0,0,0,36,247,42,0,0,0,0,79,254,255,255,255,255,255,255,255,255,255,
255,255,255,255,255,255,255,255,255,255,255,255,255,255,255,255,255,255,199,67,43,0,0,0,0,0,0,0,0,0,0,0,0,0,0,0,0,0,0,0,0,0,185,254,24,0,0,0,0,36,254,255,255,255,255,255,255,255,255,255,
255,255,255,255,255,255,255,255,255,255,255,255,255,255,255,255,255,255,255,255,97,0,0,0,0,0,20,2,0,0,0,0,0,0,0,0,0,0,0,0,0,74,254,252,6,0,0,0,0,28,253,255,255,255,255,255,255,255,255,255,
255,255,255,255,255,255,255,255,255,255,255,255,255,255,255,255,255,255,255,254,102,85,0,0,0,0,21,97,22,0,0,0,0,0,0,0,0,0,0,0,0,103,254,227,0,0,0,0,0,12,253,255,255,255,255,255,255,255,255,255,
255,255,255,255,255,255,255,255,255,255,255,255,255,255,255,255,255,255,255,254,239,165,0,0,0,0,0,39,121,90,22,2,0,0,0,0,0,0,0,0,0,76,235,199,0,0,0,0,0,0,225,255,255,255,255,255,255,255,255,255,
229,255,255,255,255,255,255,255,255,255,255,255,255,255,255,255,255,255,255,255,255,229,58,6,0,0,0,0,0,32,57,23,4,0,0,0,0,0,0,0,91,186,205,171,0,0,0,0,0,0,188,255,255,255,255,255,255,255,243,144,
7,103,218,254,255,255,255,255,255,255,255,255,255,255,255,255,255,255,255,255,255,255,204,110,22,0,0,0,0,0,0,0,0,0,0,0,0,0,0,41,94,255,255,162,0,0,0,0,0,0,157,255,255,255,255,255,239,127,19,0,
0,0,4,95,226,255,255,255,255,255,255,255,255,255,255,255,255,255,255,255,255,255,254,223,135,64,0,18,0,0,0,0,17,15,0,21,12,0,55,212,136,255,255,164,0,0,0,0,0,0,134,255,255,255,252,152,21,0,0,3,
87,0,0,0,12,136,249,255,255,255,255,255,255,255,255,255,255,255,255,255,255,255,255,254,236,167,130,45,0,0,0,0,117,51,19,141,43,50,214,255,253,255,255,201,0,0,0,0,0,0,149,255,254,203,53,0,21,70,0,55,
92,0,71,170,60,0,40,177,254,255,255,255,255,255,255,255,255,255,255,255,255,255,255,255,255,227,120,0,0,0,0,0,12,115,162,203,75,210,254,255,255,255,254,243,7,0,0,0,0,10,238,211,91,1,12,145,240,64,0,2,
0,0,0,148,252,154,9,0,44,135,197,234,244,243,238,211,181,137,196,255,255,255,255,255,254,241,117,0,0,0,0,0,24,187,254,254,145,250,255,255,255,130,92,127,28,0,0,0,0,9,48,0,0,47,217,254,154,0,0,0,
0,0,0,30,246,253,176,0,0,0,0,0,0,0,0,0,0,0,21,239,255,255,249,167,73,7,0,0,0,0,0,0,0,0,42,137,228,255,255,255,185,0,0,0,0,0,0,0,0,0,0,0,0,177,255,248,32,0,0,0,
0,0,0,0,178,253,141,0,22,146,158,159,153,128,77,0,7,0,0,114,254,180,31,0,0,0,0,0,0,0,0,0,0,0,0,0,20,166,254,251,44,0,23,8,0,3,0,0,2,206,195,28,0,56,242,234,5,0,0,0,
0,0,0,0,196,211,0,0,0,119,255,255,255,239,79,0,93,140,0,4,112,1,0,0,0,0,0,0,0,0,0,0,0,0,0,0,0,0,142,129,0,13,208,53,0,1,0,18,61,253,92,0,0,0,165,252,21,0,0,0,
0,0,0,3,230,136,0,0,0,19,244,255,255,120,0,0,7,233,101,0,0,0,0,0,0,0,0,0,0,0,0,0,0,0,0,0,0,0,1,3,3,177,187,0,0,0,0,59,161,225,5,0,0,0,93,254,49,0,0,0,
32,0,0,21,246,62,0,0,0,0,166,255,252,27,0,0,0,135,199,0,0,0,0,0,0,0,0,0,0,0,0,0,0,0,0,0,0,0,0,0,25,200,86,0,0,0,0,140,253,164,0,0,0,0,44,254,79,0,0,20,
120,0,0,48,253,99,0,0,0,0,184,255,191,0,0,0,0,25,17,0,0,0,0,0,0,0,0,0,0,0,0,0,0,0,0,0,0,0,0,0,0,5,4,0,0,0,0,202,255,200,0,0,0,0,114,254,109,0,0,110,
212,0,0,82,254,181,0,0,0,0,226,255,219,0,0,0,0,0,0,0,0,0,0,0,0,0,0,0,0,0,0,0,0,0,0,0,0,0,0,0,0,1,1,0,0,0,6,243,255,238,5,0,0,0,200,255,143,0,0,209,
254,49,0,116,255,246,14,0,0,19,250,255,254,27,0,0,0,0,2,2,1,1,2,2,2,2,3,3,4,4,5,5,6,6,6,6,7,7,9,9,9,10,10,10,11,11,66,254,255,254,37,11,10,39,253,255,176,9,58,254,
255,140,0,153,255,255,84,1,2,58,254,255,254,94,8,9,10,12,13,15,16,17,20,22,23,26,27,29,32,34,36,40,42,44,48,52,54,56,59,61,64,70,73,74,74,73,156,255,255,255,123,77,77,153,255,255,217,72,175,254,
255,230,9,189,255,255,169,24,27,119,254,255,255,172,58,64,73,79,92,101,118,125,136,142,155,162,173,178,186,191,198,209,210,220,223,228,233,237,238,241,248,250,250,251,251,251,253,255,255,255,254,255,255,254,255,255,254,251,254,254,
255,255,129,232,255,255,243,157,171,221,255,255,255,250,237,246,252,254,254,254,253,253,254,254,255,255,255,255,255,255,255,255,255,255,255,255,255,255,255,255,255,255,255,255,255,255,255,255,255,255,255,255,255,255,255,255,255,255,255,255,
255,255,255,255,255,255,255,255,255,255,255,255,255,255,255,255,255,255,255,255,255,255,255,255,255,255,255,255,255,255,255,255,255,255,255,255,255,255,255,255,255,255,255,255,255,255,255,255,255,255,255,255,255,255,255,255,255,255,255,255,
255,255,255,255,255,255,255,255,255,255,255,255,255,255,255,255,255,255,255,255,255,255,255,255,255,255,255,255,255,255,255,255,255,255,255,255,254,255,255,254,254,254,254,254,254,255,255,255,255,255,254,254,255,255,255,255,255,255,255,255,
255,255,255,255,255,255,255,255,255,255,255,255,255,255,255,254,255,254,251,244,239,231,224,216,208,202,194,189,183,174,169,162,157,152,144,138,134,125,118,115,112,110,109,182,94,210,255,255,255,255,254,151,254,255,255,255,255,255,255,255,
255,255,255,255,255,255,255,255,255,255,255,255,255,255,237,84,76,65,56,51,48,44,40,38,34,32,29,27,26,24,24,22,21,21,19,18,17,16,15,15,15,15,14,101,25,240,255,255,255,255,255,254,255,255,255,255,255,255,255,255,
255,255,255,255,255,255,255,255,255,255,255,255,255,255,254,52,9,8,8,7,7,6,5,4,4,4,3,3,3,3,3,3,2,2,2,2,2,2,2,2,1,1,1,24,182,254,255,255,255,255,255,255,255,255,255,255,255,255,255,255,
255,255,255,255,255,255,255,255,255,255,255,255,255,255,254,35,0,0,0,0,0,0,0,0,0,0,0,0,0,0,0,0,0,0,0,0,0,0,0,0,0,0,0,0,192,255,255,255,255,255,255,255,255,255,255,255,255,255,255,255,
255,255,255,255,255,255,255,255,255,255,255,255,255,255,204,0,0,0,0,0,0,0,0,0,0,0,0,0,0,0,0,0,0,0,0,0,0,0,0,0,0,0,0,0,114,255,255,255,255,255,255,255,255,255,255,255,255,255,255,255,
255,255,255,255,255,255,255,255,255,255,255,255,255,255,132,0,0,0,0,0,28,0,0,0,0,0,0,0,0,0,0,0,0,0,0,0,0,0,0,0,0,0,0,0,47,254,255,255,255,255,255,255,255,255,255,255,255,255,255,255,
255,255,255,255,255,255,255,255,255,255,255,255,255,255,63,0,0,0,0,8,75,0,0,0,0,0,0,0,0,0,0,0,0,0,0,0,0,0,0,0,0,0,0,0,1,238,255,255,255,255,255,255,255,255,255,255,255,255,255,255,
255,255,255,255,255,255,255,255,255,255,255,255,255,248,8,0,0,0,0,84,88,0,0,0,0,0,0,0,0,0,0,0,0,0,0,0,0,0,0,5,0,0,0,0,0,185,255,255,255,255,255,255,255,255,255,255,255,255,255,255,
255,255,255,255,255,255,255,255,255,255,255,255,255,208,0,0,0,0,0,173,90,0,0,0,0,0,0,0,0,0,0,0,0,0,0,0,0,0,0,74,0,0,0,0,0,142,255,255,255,255,255,255,255,255,255,255,255,255,255,255,
255,255,255,255,255,255,255,255,255,255,255,255,255,164,0,0,0,0,17,247,100,0,0,0,0,0,0,0,0,0,0,0,0,0,0,0,0,0,0,137,55,0,0,0,0,106,254,255,255,255,255,255,255,255,255,255,255,255,255,255,
255,255,255,255,255,255,255,255,255,255,255,236,122,16,0,0,0,0,103,255,117,0,0,0,0,0,0,0,0,0,0,0,0,0,0,0,0,0,0,159,147,0,0,0,0,5,91,214,254,255,255,255,255,255,255,255,255,255,255,255,
255,255,255,255,255,255,255,255,255,251,147,19,0,0,0,0,0,0,205,255,119,0,0,0,0,0,0,0,0,0,0,0,0,0,0,0,0,0,0,169,238,8,0,0,0,0,0,3,95,226,254,255,255,255,255,255,255,255,255,255,
255,255,255,255,255,255,255,254,202,52,0,0,0,0,0,0,0,65,254,255,106,0,0,0,0,0,0,0,0,0,0,0,0,0,0,0,0,0,0,147,254,100,0,0,0,0,0,0,0,10,129,243,255,255,255,255,255,255,255,255,
255,255,255,255,255,255,240,106,3,0,0,0,0,0,0,0,2,197,255,255,93,0,0,0,0,0,0,0,0,0,0,0,0,0,0,0,0,0,0,124,255,224,10,0,0,0,0,0,0,0,0,30,166,253,254,255,255,255,255,255,
254,255,255,255,254,169,26,0,0,0,0,0,0,0,0,0,131,254,255,254,76,0,0,0,0,0,0,0,0,0,0,0,0,0,0,0,0,0,0,95,254,255,156,0,0,0,0,0,0,0,0,0,0,60,201,254,255,255,255,246,
164,254,255,220,71,0,0,0,0,0,0,0,0,0,9,150,254,255,255,254,51,0,0,0,0,0,0,0,0,0,0,0,0,0,0,0,0,0,0,71,254,255,254,165,12,0,0,0,0,0,0,0,0,0,1,94,227,255,251,94,
18,202,120,8,0,0,0,0,0,0,0,0,0,68,219,254,255,255,255,255,72,0,0,0,0,0,0,0,0,0,0,0,0,0,0,0,0,0,0,102,254,255,255,255,225,85,0,0,0,0,0,0,0,0,0,0,9,117,166,5,
0,1,0,0,0,0,0,0,0,0,0,29,169,254,255,255,255,255,255,254,59,0,0,0,0,0,0,0,0,0,0,0,0,0,0,0,0,0,0,80,255,255,255,255,255,254,196,55,0,0,0,0,0,0,0,0,0,0,0,0,
