255,255,255,255,255,255,255,255,255,255,255,255,255,255,255,255,255,255,255,255,207,168,81,161,0,12,10,0,0,0,0,0,0,0,0,17,0,9,0,3,61,7,50,187,252,145,254,255,255,255,254,44,0,0,0,0,0,0,0,0,
255,255,255,255,255,255,255,255,255,255,255,255,255,255,255,255,255,255,255,255,254,227,174,182,16,25,15,0,0,0,0,0,0,36,10,48,0,139,0,26,65,95,182,254,255,253,255,255,255,255,254,78,0,0,0,0,0,0,0,0,
255,255,255,255,255,255,255,255,255,255,255,255,255,255,255,255,255,255,255,255,255,254,244,176,107,23,5,0,0,0,0,0,0,16,63,36,30,248,10,65,94,214,254,255,255,255,255,255,255,255,254,131,0,0,0,0,0,0,8,20,
255,255,255,255,255,255,255,255,255,255,255,255,255,255,255,255,255,255,255,255,255,255,254,223,234,6,0,0,0,0,0,0,0,0,137,33,145,254,102,146,176,254,255,255,255,255,255,255,255,255,255,191,0,0,0,0,0,0,0,17,
255,255,255,255,255,255,255,255,255,255,255,255,255,255,255,255,255,255,255,255,255,255,252,202,131,9,0,0,0,0,0,0,0,0,89,80,230,255,238,207,239,255,255,255,255,255,254,254,255,255,255,229,11,0,0,0,0,0,0,82,
154,229,254,254,255,255,255,255,254,250,214,173,126,183,254,255,255,255,255,253,186,95,21,0,0,0,0,0,0,0,0,0,0,0,0,0,4,70,169,250,254,255,255,255,255,242,67,45,81,118,148,173,15,0,0,0,0,0,0,3,
0,0,28,66,75,75,74,60,30,4,0,0,0,7,215,255,255,254,177,41,0,0,0,0,0,0,0,0,0,0,0,0,0,0,0,0,0,0,0,43,196,254,255,255,255,114,0,0,0,0,0,0,0,0,0,0,0,0,0,0,
0,0,0,0,0,0,0,0,0,0,0,0,0,0,77,255,244,87,0,0,0,0,0,0,0,0,0,0,0,0,0,0,0,0,0,0,0,0,0,0,3,144,254,255,219,6,0,0,0,0,0,0,0,0,0,0,3,0,16,21,
101,131,142,151,154,152,144,124,32,0,0,16,0,0,0,172,64,0,0,0,0,0,0,0,0,0,0,0,0,0,0,0,0,0,0,0,0,0,0,0,0,0,137,254,77,0,0,6,72,0,0,70,59,17,0,2,46,7,249,193,
53,246,255,255,255,255,252,150,20,0,18,209,53,0,0,0,0,0,0,0,0,0,0,0,0,0,0,0,0,0,0,0,0,0,0,0,0,0,0,0,0,0,0,78,0,0,0,159,223,8,0,0,5,87,0,18,103,51,248,28,
0,170,255,255,255,255,131,0,0,0,11,199,228,26,0,0,0,0,0,0,0,0,0,0,0,0,0,0,0,0,0,0,0,0,0,0,0,0,0,0,0,0,0,0,0,0,114,254,116,0,0,0,0,51,10,40,150,215,194,0,
0,87,254,255,255,251,30,0,0,0,0,77,254,102,0,0,0,0,0,0,0,0,0,0,0,0,0,0,0,0,0,0,0,0,0,0,0,0,0,0,0,0,0,0,0,0,64,206,22,0,0,0,0,5,58,70,233,254,118,0,
0,17,242,254,255,177,0,0,0,0,0,6,85,0,0,0,0,0,0,0,0,0,0,0,0,0,0,0,0,0,0,0,0,0,0,0,0,0,0,0,0,0,0,0,0,0,0,1,0,0,0,0,0,0,105,176,254,253,42,0,
0,0,203,255,255,74,0,0,0,0,0,0,0,0,0,0,0,0,0,0,0,0,0,0,0,0,0,0,0,0,0,0,0,0,0,0,0,0,0,0,0,0,0,0,0,0,0,0,0,0,0,0,0,0,45,237,255,253,52,0,
0,22,243,255,255,52,0,0,0,0,0,0,0,0,0,0,0,0,0,0,0,0,0,0,0,0,0,0,0,0,0,0,0,0,0,0,0,0,0,0,0,0,0,0,0,0,0,0,0,0,0,0,0,0,70,254,255,254,130,0,
0,83,254,255,255,101,0,0,0,0,0,0,0,0,0,0,0,0,0,0,0,0,0,0,0,0,0,0,0,0,0,0,0,0,0,0,0,0,0,0,0,0,0,0,0,0,0,0,0,0,0,0,0,0,123,255,255,255,205,2,
0,161,255,255,255,155,0,0,0,0,0,0,0,0,0,0,0,0,0,0,0,0,0,0,0,0,0,0,0,0,0,0,0,0,0,0,0,0,0,0,0,0,0,0,0,0,0,0,0,0,0,0,0,0,176,255,255,255,250,37,
7,228,255,255,255,210,0,0,0,0,0,0,0,0,0,0,0,0,0,0,0,0,0,0,0,0,0,0,0,0,0,0,0,0,0,0,0,0,0,0,0,0,0,0,0,0,0,0,0,0,0,0,0,0,226,255,255,255,255,113,
58,253,255,255,255,251,10,0,0,0,0,0,0,0,0,0,0,0,0,0,0,0,0,0,0,0,0,0,0,0,0,0,0,0,0,0,0,0,0,0,0,0,0,0,0,0,0,0,0,0,0,0,0,27,254,255,255,255,255,190,
131,255,255,255,255,255,64,0,0,0,0,0,0,0,0,0,0,0,0,0,0,0,0,0,0,0,0,0,0,0,0,0,0,0,0,0,0,0,0,0,0,0,0,0,0,0,0,0,0,0,0,0,0,79,254,255,255,255,255,244,
201,255,255,255,255,255,114,0,0,0,0,0,0,0,0,0,0,0,0,0,0,0,0,1,1,1,1,1,1,1,1,1,1,1,1,1,1,1,1,1,1,1,1,1,1,1,1,1,1,1,1,1,1,129,255,255,255,255,255,255,
244,255,255,255,255,255,171,1,1,1,2,1,2,2,2,2,3,3,4,4,4,5,6,6,6,6,7,7,8,9,9,10,10,11,11,11,10,10,10,10,10,10,10,10,10,10,11,10,10,10,10,10,10,185,255,255,255,255,255,255,
254,255,255,255,255,255,224,11,13,15,17,18,19,21,23,26,28,29,32,34,37,40,44,47,49,53,55,58,61,65,65,70,74,76,76,77,78,78,78,78,77,77,77,77,75,75,76,76,76,76,75,74,67,237,255,255,255,255,255,255,
255,255,255,255,255,255,254,99,99,112,123,133,143,153,160,169,178,184,191,198,206,212,217,224,227,231,237,238,240,245,250,250,251,251,252,254,254,254,254,254,254,254,254,254,252,251,251,251,251,251,251,251,250,255,255,255,255,255,255,255,
255,255,255,255,255,255,254,255,254,255,255,255,255,255,255,255,254,254,254,254,255,255,255,255,255,255,255,255,255,255,255,255,255,255,255,255,255,255,255,255,255,255,255,255,255,255,255,255,255,255,255,255,255,255,255,255,255,255,255,255,
255,255,255,255,255,255,255,255,255,255,255,255,255,255,255,255,255,255,255,255,255,255,255,255,255,255,255,255,255,255,255,255,255,255,255,255,255,255,255,255,255,255,255,255,255,255,255,255,255,255,255,255,255,255,255,255,255,255,255,255,
255,255,255,255,255,255,255,255,255,255,255,255,255,255,255,255,255,255,255,255,255,255,255,255,255,254,254,254,254,255,255,254,255,255,254,254,255,254,254,255,254,254,254,254,254,254,254,254,254,254,254,254,254,255,255,255,255,255,255,255,
255,255,255,255,255,255,255,254,237,227,224,214,210,203,196,191,184,179,172,165,161,153,147,140,137,130,123,119,116,114,111,106,101,97,95,91,91,89,88,88,87,87,88,87,88,88,88,89,93,93,93,97,248,255,255,255,255,255,255,255,
255,255,255,255,255,255,255,217,54,50,48,43,39,37,33,31,29,27,26,24,23,21,20,19,19,18,17,16,16,15,14,14,13,12,12,12,11,12,12,12,12,11,11,11,11,12,11,11,11,11,11,114,254,255,255,255,255,255,255,255,
255,255,255,255,255,255,255,121,7,6,6,5,5,4,4,3,2,2,3,3,3,2,2,2,2,2,2,2,1,1,1,1,1,1,1,1,1,1,1,1,1,1,1,1,1,1,1,1,1,1,1,87,254,255,255,255,255,255,255,255,
255,255,255,255,255,255,254,35,1,1,1,0,0,0,0,0,0,0,0,0,0,0,0,0,0,0,0,0,0,0,0,0,0,0,0,0,0,0,0,0,0,0,0,0,0,0,0,0,0,0,0,15,247,255,255,255,255,255,255,255,
255,255,255,255,255,255,206,0,0,0,0,0,0,0,0,0,0,0,0,0,0,0,0,0,0,0,0,0,0,0,0,0,0,0,0,0,0,0,0,0,0,0,0,0,0,0,0,0,0,0,0,0,184,255,255,255,255,255,255,255,
255,255,255,255,255,255,129,0,0,0,0,0,0,0,0,0,0,0,0,0,0,0,0,0,0,0,0,0,0,0,0,0,0,0,0,0,0,0,0,0,0,0,0,0,0,0,0,0,0,0,0,0,110,255,255,255,255,255,255,255,
255,255,255,255,255,254,56,0,0,0,0,0,0,0,0,0,0,0,0,0,0,0,0,0,0,0,0,0,0,0,0,0,0,0,0,0,0,0,0,0,0,0,0,0,0,0,0,0,0,0,0,0,42,254,255,255,255,255,255,255,
255,255,255,255,255,239,2,0,0,0,0,0,0,0,22,0,0,0,0,0,0,0,0,0,0,0,0,0,0,0,0,0,0,0,0,0,0,0,0,0,0,0,0,0,0,0,0,0,0,0,0,0,1,233,255,255,255,255,255,255,
255,255,255,255,255,186,0,0,0,0,0,0,0,0,90,0,0,0,0,0,0,0,0,0,0,0,0,0,0,0,0,0,0,0,0,0,0,0,0,0,0,0,0,0,0,0,0,0,0,0,0,0,0,181,255,255,255,255,255,255,
255,255,255,255,254,131,0,0,0,0,0,0,0,1,185,0,0,0,0,0,0,0,0,0,0,0,0,0,0,0,0,0,0,0,0,0,0,0,0,0,0,0,0,0,0,0,0,0,0,0,0,0,0,133,255,255,255,255,255,255,
255,255,255,255,255,89,0,0,0,0,0,0,0,57,230,0,0,0,0,0,0,0,0,0,0,0,0,0,0,0,0,0,0,0,0,0,0,0,0,0,0,0,0,0,27,18,0,0,0,0,0,0,0,100,255,255,255,255,255,255,
255,255,255,255,254,53,0,0,0,0,0,0,0,151,253,1,0,0,0,0,0,0,0,0,0,0,0,0,0,0,0,0,0,0,0,0,0,0,0,0,0,0,0,0,58,105,0,0,0,0,0,0,0,74,254,255,255,255,255,255,
255,255,255,216,110,4,0,0,0,0,0,0,11,238,254,15,0,0,0,0,0,0,0,0,0,0,0,0,0,0,0,0,0,0,0,0,0,0,0,0,0,0,0,0,73,202,0,0,0,0,0,0,0,16,133,230,255,255,255,255,
254,209,83,1,0,0,0,0,0,0,0,0,99,254,254,34,0,0,0,0,0,0,0,0,0,0,0,0,0,0,0,0,0,0,0,0,0,0,0,0,0,0,0,0,89,254,49,0,0,0,0,0,0,0,0,6,96,211,255,255,
96,3,0,0,0,0,0,0,0,0,0,0,206,255,254,46,0,0,0,0,0,0,0,0,0,0,0,0,0,0,0,0,0,0,0,0,0,0,0,0,0,0,0,0,113,255,155,0,0,0,0,0,0,0,0,0,0,2,87,220,
0,0,0,0,0,0,0,0,0,0,0,68,254,255,254,30,0,0,0,0,0,0,0,0,0,0,0,0,0,0,0,0,0,0,0,0,0,0,0,0,0,0,0,0,94,254,245,22,0,0,0,0,0,0,0,0,0,0,0,4,
0,0,0,0,0,0,0,0,0,0,1,196,255,255,254,20,0,0,0,0,0,0,0,0,0,0,0,0,0,0,0,0,0,0,0,0,0,0,0,0,0,0,0,0,81,254,254,137,0,0,0,0,0,0,0,0,0,0,0,0,
0,0,0,0,0,0,0,0,0,0,89,254,255,255,253,1,0,0,0,0,0,0,0,0,0,0,0,0,0,0,0,0,0,0,0,0,0,0,0,0,0,0,0,0,69,254,255,246,33,0,0,0,0,0,0,0,0,0,0,0,
