0,0,0,0,0,0,0,0,0,0,0,0,0,0,0,0,0,0,0,0,0,0,0,0,0,0,4,27,63,103,205,255,255,255,255,255,254,142,0,0,0,0,0,0,0,0,0,0,0,0,0,0,0,0,0,0,0,0,0,0,
0,0,0,0,0,0,0,0,0,0,0,0,0,0,0,0,0,0,0,0,0,0,0,0,0,0,0,0,0,2,72,254,255,255,255,255,255,243,99,1,0,0,0,0,0,0,0,0,0,0,0,0,0,0,0,0,0,0,0,0,
0,0,0,0,0,0,0,0,0,0,0,0,0,0,0,0,0,0,0,0,0,0,0,0,0,0,0,0,0,0,1,195,254,255,255,254,187,217,254,139,3,0,0,0,0,0,0,0,0,0,0,0,0,0,0,0,0,0,0,0,
0,0,0,0,0,0,0,0,0,0,0,0,0,0,0,0,0,0,0,0,0,0,0,0,0,0,0,0,0,0,0,23,172,231,221,139,11,15,180,254,133,1,0,0,0,0,0,0,0,0,0,0,3,45,0,0,0,0,0,0,
0,0,0,0,0,0,0,0,0,0,0,0,0,0,0,0,0,0,0,0,0,0,0,0,0,0,0,0,0,0,0,0,0,13,9,0,0,0,9,182,254,102,0,0,0,0,0,0,0,0,0,0,0,0,0,0,0,0,0,0,
0,0,0,0,0,0,0,0,0,0,0,0,0,0,0,0,0,0,0,0,0,0,0,0,0,0,0,0,0,0,0,0,0,0,0,0,0,0,0,10,190,247,61,0,0,0,0,0,0,0,0,0,0,0,0,0,0,0,0,0,
0,0,0,0,0,0,0,0,0,0,0,0,0,0,0,0,0,0,0,0,0,0,0,0,0,0,0,0,0,0,0,0,0,0,0,0,0,0,0,0,15,195,231,37,0,0,0,0,0,0,0,0,0,0,0,0,0,0,0,0,
0,0,0,0,0,0,0,0,0,0,0,0,0,0,0,0,0,0,0,0,0,0,0,0,0,0,0,0,0,0,0,0,0,0,0,0,0,0,0,0,0,15,186,224,52,0,0,0,0,0,0,0,0,0,0,0,0,0,0,0,
0,0,0,0,0,0,0,0,0,0,0,0,0,0,0,0,0,0,0,0,0,0,0,0,0,0,0,0,0,0,0,0,0,0,0,0,0,0,0,0,0,0,5,127,237,144,40,2,0,0,0,0,0,0,0,0,0,0,0,0,
0,0,0,0,0,0,0,0,0,0,0,0,0,0,0,0,0,0,0,0,0,0,0,0,0,0,0,0,0,0,0,0,0,0,0,0,0,0,0,0,0,0,0,0,23,108,165,151,36,0,0,0,0,0,0,0,0,0,0,0,
0,0,0,0,0,0,0,0,0,0,0,0,0,0,0,0,0,0,0,0,0,0,0,0,0,0,0,0,0,0,0,0,0,0,0,0,0,0,0,0,0,0,0,0,0,0,0,0,21,10,0,0,0,0,0,0,0,0,0,0,
0,0,0,0,0,0,0,0,0,0,0,0,0,0,0,0,0,0,0,0,0,0,0,0,0,0,0,0,0,0,0,0,0,0,0,0,0,0,0,0,0,0,0,0,0,0,0,0,0,30,49,0,0,0,0,0,0,0,0,0,
0,0,0,0,0,0,0,0,0,0,0,0,1,3,6,7,6,3,2,0,0,0,0,0,0,0,0,0,0,0,0,0,1,0,0,0,0,0,0,0,0,0,0,0,0,0,0,0,0,1,21,0,0,0,0,0,0,0,0,0,
0,0,0,0,0,0,0,0,0,0,0,0,1,41,106,82,40,24,17,10,6,3,2,1,0,0,0,0,0,0,0,15,22,0,0,0,0,0,0,0,0,0,0,0,0,0,0,0,0,0,0,0,0,0,0,0,0,0,0,0,
0,0,0,0,0,0,0,0,0,0,0,0,0,56,177,212,235,209,163,105,49,27,16,11,7,4,3,2,0,0,1,0,0,2,22,0,0,0,0,0,0,0,0,0,0,0,0,0,0,0,0,0,0,0,0,0,0,0,0,0,
0,0,0,0,0,0,0,0,0,0,0,0,0,5,29,36,46,77,124,170,212,207,156,100,42,24,16,10,6,4,2,1,1,2,14,0,0,0,0,0,0,0,0,0,0,0,0,0,0,0,0,0,0,0,0,0,0,0,0,0,
0,0,0,0,0,0,2,113,162,56,0,1,1,1,1,2,2,4,7,13,21,40,85,138,182,184,145,80,32,22,13,26,141,212,194,150,103,22,0,0,0,0,0,0,0,0,0,0,0,0,0,0,0,0,0,0,0,0,0,0,
0,0,0,0,0,0,23,248,254,202,8,0,1,0,1,1,1,1,1,1,2,4,6,11,18,29,69,126,165,160,133,230,255,255,255,255,255,173,0,0,0,0,0,0,0,0,0,0,0,0,0,0,0,0,0,0,0,0,0,0,
0,0,0,0,0,0,40,251,255,180,2,0,0,0,0,0,0,0,0,1,1,1,1,2,3,4,8,11,19,31,183,255,255,255,255,255,255,228,52,0,0,0,0,0,0,0,0,0,0,0,0,0,0,0,0,0,0,0,0,0,
0,0,0,0,0,0,40,244,254,148,0,0,0,0,0,0,0,0,0,0,0,0,1,1,1,1,1,2,3,4,220,255,255,255,255,255,255,254,221,28,0,0,0,0,0,0,0,0,0,0,0,0,0,0,0,0,0,0,0,0,
0,0,0,0,0,0,66,253,255,160,0,0,0,0,0,0,0,0,0,0,0,0,0,0,0,1,1,1,1,1,85,225,255,255,255,255,255,255,214,193,177,24,0,0,0,0,0,0,0,0,0,0,0,0,0,0,0,0,0,0,
0,0,0,0,0,0,117,245,255,201,19,0,0,0,0,0,0,0,0,0,0,0,0,0,0,0,0,0,0,0,0,45,248,255,255,254,255,255,134,0,140,180,0,0,0,0,0,0,0,0,0,0,0,0,0,0,0,0,0,0,
0,0,0,0,0,0,187,254,255,254,201,29,0,0,0,0,0,0,0,0,0,0,0,0,0,0,0,0,0,0,0,1,150,254,255,253,255,255,198,0,0,85,30,0,0,0,0,0,0,0,0,0,0,0,0,0,0,0,0,0,
0,0,0,0,0,37,240,255,255,247,187,31,0,0,0,0,0,0,0,0,0,0,0,0,0,0,0,0,0,0,0,83,254,255,255,255,255,249,105,0,0,0,0,0,0,0,0,0,0,0,0,0,0,0,0,0,0,0,0,0,
0,0,0,0,0,1,107,254,255,206,3,1,0,0,0,0,0,0,0,0,0,0,0,0,0,0,0,0,0,0,0,49,240,255,255,255,244,111,6,0,0,0,0,0,0,0,0,0,0,0,0,0,0,0,0,0,0,0,0,0,
0,0,0,0,0,0,121,254,255,242,18,0,0,0,0,0,0,0,0,0,0,0,0,0,0,0,0,0,0,0,0,0,106,255,255,255,221,11,0,0,0,0,0,0,0,0,0,0,0,0,0,0,0,0,0,0,0,0,0,0,
0,0,0,0,0,0,161,255,255,253,54,0,0,0,0,0,0,0,0,0,0,0,0,0,0,0,0,0,0,0,0,0,179,255,255,255,227,10,0,0,0,0,0,0,0,0,0,0,0,0,0,0,0,0,0,0,0,0,0,0,
0,0,0,0,0,0,201,255,255,254,103,0,0,0,0,0,0,0,0,0,0,0,0,0,0,0,0,0,0,0,0,16,245,255,255,255,232,16,0,0,0,76,67,0,0,0,0,0,0,0,0,0,0,0,0,0,1,0,0,0,
0,0,0,0,0,6,231,255,255,254,160,0,0,0,0,0,0,0,0,0,0,0,0,0,0,0,0,0,0,0,0,130,255,255,255,255,236,21,0,59,192,254,220,13,0,0,0,0,0,0,0,0,0,0,0,3,43,0,0,0,
0,0,0,0,0,18,239,251,249,206,199,3,0,0,0,0,0,0,0,0,0,0,10,92,12,0,0,0,0,0,0,67,254,255,255,255,249,81,177,253,247,191,90,12,0,0,0,0,0,0,0,0,0,0,0,0,0,0,0,0,
0,0,0,0,0,2,38,199,137,124,35,4,0,0,0,0,0,0,0,0,0,0,6,122,203,172,91,20,105,14,0,144,255,255,255,255,252,254,247,191,88,15,0,0,0,0,0,0,0,0,0,0,0,0,0,0,0,0,0,0,
3,17,89,131,140,145,163,231,198,172,39,0,0,0,0,0,0,0,0,0,0,0,0,0,0,51,135,212,254,193,139,254,255,255,255,255,249,190,85,14,0,0,0,0,0,0,0,0,0,0,0,0,0,0,0,0,0,0,0,0,
150,174,171,144,103,72,53,32,11,2,0,0,0,0,0,0,0,0,0,0,0,0,0,0,0,0,0,28,200,160,250,255,255,255,255,255,248,35,0,0,0,0,0,0,0,0,0,0,0,0,0,0,0,0,0,0,0,0,0,0,
1,0,0,0,0,0,0,0,0,0,0,0,0,0,0,0,0,0,0,0,0,0,0,0,0,0,0,0,1,58,254,255,255,255,255,255,254,196,117,57,9,0,0,0,0,0,0,0,0,0,0,0,0,0,0,0,0,0,0,0,
0,0,0,0,0,0,0,0,0,0,0,0,0,0,0,0,0,0,0,0,0,0,0,0,0,0,0,51,169,252,255,255,255,255,255,255,255,253,225,248,248,209,157,114,69,9,0,0,0,0,0,0,0,0,0,0,0,0,0,0,
0,0,0,0,0,0,0,0,0,0,0,0,0,0,0,0,0,0,0,0,0,0,0,0,94,167,193,254,241,250,255,255,255,255,255,255,255,255,147,37,86,137,184,213,211,77,0,0,0,0,0,0,0,0,0,0,0,0,0,0,
0,0,0,0,0,0,0,0,0,0,0,0,0,0,0,0,0,0,0,0,0,0,42,133,231,252,217,126,89,253,255,255,255,255,255,255,255,255,254,132,0,0,0,7,16,4,0,0,0,0,0,0,0,0,0,0,0,0,0,0,
0,0,0,0,0,0,0,0,0,0,0,0,0,0,0,0,0,0,0,0,0,37,234,228,177,64,9,17,225,255,255,255,255,255,255,255,255,255,255,255,149,0,0,0,0,0,0,0,0,0,0,0,0,0,0,0,0,0,0,0,
0,0,0,0,0,0,0,0,0,0,0,0,0,0,0,0,0,0,0,0,0,0,4,5,35,0,0,122,255,255,255,255,255,255,255,255,255,255,255,255,255,126,0,0,0,0,0,0,0,0,0,0,0,0,0,0,0,0,0,0,
0,0,0,0,0,0,0,0,0,0,0,0,0,0,0,0,0,0,0,0,0,0,0,0,0,0,59,241,255,255,255,255,255,255,255,255,255,255,255,255,255,254,119,0,0,0,0,0,0,0,0,0,0,0,0,0,0,0,0,0,
0,0,0,0,0,0,0,0,0,0,0,0,0,0,0,0,0,0,0,0,0,0,0,0,0,40,241,255,255,255,255,255,255,255,255,255,255,255,255,255,255,255,254,45,0,0,0,0,0,0,0,0,0,0,0,0,0,0,0,0,
0,0,0,0,0,0,0,0,0,0,0,0,0,0,0,0,0,0,0,0,0,0,0,0,0,188,255,255,255,255,255,255,255,255,255,255,255,255,255,255,255,255,222,21,0,0,0,0,0,0,0,0,0,0,0,0,0,0,0,0,
0,0,0,0,0,0,0,0,0,0,0,0,0,0,0,0,0,0,0,0,0,0,0,0,67,254,237,237,254,255,255,255,255,255,255,255,255,255,255,255,255,243,92,0,0,0,0,0,0,0,0,0,0,0,0,0,0,0,0,0,
0,0,0,0,0,0,0,0,0,0,0,0,0,0,0,0,0,0,0,0,0,0,0,1,188,250,66,40,160,243,254,254,255,255,255,255,254,255,254,215,172,61,3,0,0,0,0,0,0,0,0,0,0,0,0,0,0,0,0,0,
0,0,0,0,0,0,0,0,0,0,0,0,0,0,0,0,0,0,0,0,0,0,1,169,254,107,0,0,0,41,79,135,136,158,154,165,112,254,252,33,0,0,0,0,0,0,0,0,0,0,0,0,0,0,0,0,0,0,0,0,
