0,0,0,0,0,0,0,0,0,0,0,2,70,169,254,255,254,219,67,0,0,0,0,0,0,0,0,0,0,0,0,100,253,255,255,249,143,8,0,0,0,0,0,0,0,0,0,0,0,0,0,0,0,0,0,0,0,0,0,0,
0,0,0,0,0,0,0,0,0,0,0,2,118,242,254,255,255,255,251,113,0,0,0,0,0,0,0,0,0,0,0,5,212,255,255,255,254,193,23,0,0,0,0,0,0,0,0,0,0,0,0,0,0,0,0,0,0,0,0,0,
0,0,0,0,0,0,0,0,0,0,3,77,190,253,254,255,255,255,255,253,104,0,0,0,0,0,0,0,0,0,0,2,216,255,255,255,255,254,217,39,0,0,0,0,0,0,0,0,0,0,0,0,0,0,0,0,0,0,0,0,
0,0,0,0,0,0,0,0,0,0,1,55,142,224,254,255,255,255,255,255,242,31,0,0,0,0,0,0,0,0,0,1,209,255,255,255,255,254,227,229,45,0,0,0,0,0,0,0,0,0,0,0,21,0,0,0,0,0,0,0,
0,0,0,0,0,0,0,0,0,0,0,11,77,152,218,251,254,255,255,255,255,148,0,0,0,0,0,0,0,0,0,0,182,254,255,255,255,242,28,178,230,35,0,0,0,0,0,0,0,0,0,0,31,0,0,0,0,0,0,0,
0,0,0,0,0,0,0,0,0,0,0,0,10,55,107,158,202,231,248,254,255,231,2,0,0,0,0,0,0,0,0,0,150,255,255,255,254,146,0,6,160,218,23,0,0,0,0,0,0,0,0,0,0,0,0,0,0,0,0,0,
0,0,0,0,0,0,0,0,0,0,0,0,0,0,8,29,55,89,124,158,130,76,0,0,0,0,0,0,0,0,0,0,66,248,254,249,163,12,0,0,4,152,197,12,0,0,0,0,0,0,0,0,0,0,0,0,0,0,0,0,
0,0,0,0,0,0,0,0,0,0,0,0,0,0,1,2,1,1,6,14,3,0,0,0,0,0,0,0,0,0,0,0,0,33,81,42,2,0,0,0,0,2,141,177,8,0,0,0,0,0,0,0,0,0,0,0,0,0,0,0,
0,0,0,0,0,0,0,0,0,0,0,0,0,2,21,13,7,3,1,0,0,0,0,0,0,0,0,0,0,0,0,0,0,0,0,0,0,0,0,0,0,0,1,107,188,52,1,0,0,0,0,0,0,0,0,0,0,0,0,0,
0,0,0,0,0,0,0,0,0,0,0,0,0,15,137,164,54,16,6,3,0,0,0,0,0,0,0,0,0,0,0,0,0,0,0,0,0,0,0,0,0,0,0,0,30,98,18,0,0,0,0,0,0,0,0,0,0,0,0,0,
0,0,0,0,0,0,0,0,0,0,0,0,1,30,87,123,192,137,33,12,5,2,1,0,0,0,0,0,0,0,0,0,0,0,0,0,0,0,0,0,0,0,0,0,0,4,11,26,10,0,0,0,0,0,0,0,0,0,0,18,
0,0,0,0,0,0,0,0,0,0,0,0,1,26,53,68,90,139,187,99,23,9,4,1,0,0,0,0,0,0,0,0,0,0,0,0,0,0,0,0,0,0,0,0,0,5,94,2,0,0,0,0,0,0,0,0,0,0,0,31,
0,0,0,0,0,0,0,0,0,0,0,0,1,15,25,33,46,65,91,150,166,65,18,8,3,1,1,18,132,202,193,64,0,0,0,0,0,0,0,0,0,0,0,0,0,0,0,0,0,0,0,0,0,0,0,0,0,0,0,0,
0,0,0,0,0,0,0,0,0,0,0,0,0,2,4,7,13,24,38,58,90,161,139,39,14,5,24,224,255,255,255,254,219,102,1,0,0,0,0,0,0,0,0,0,0,0,0,0,0,0,0,0,0,0,0,0,0,0,0,0,
0,0,0,0,0,0,0,0,0,0,0,0,0,0,0,0,1,2,6,13,28,51,91,156,110,27,150,254,255,255,255,255,255,254,117,0,0,0,0,0,0,0,0,0,0,0,0,0,0,0,0,0,0,0,0,0,0,0,0,0,
0,0,0,0,0,0,0,0,0,0,0,0,0,0,0,0,0,0,1,1,1,6,16,39,91,144,224,255,255,255,255,255,255,251,163,3,0,0,0,0,0,0,0,0,0,0,0,0,0,0,0,0,0,0,0,0,0,0,0,0,
0,0,0,0,0,0,9,146,178,40,0,0,0,0,0,0,0,0,0,0,1,1,1,4,10,30,101,235,255,255,255,255,255,227,39,0,0,0,0,0,0,0,0,0,0,0,0,0,0,0,0,0,0,0,0,0,0,0,0,0,
0,0,0,0,0,0,60,253,254,165,1,0,0,0,0,0,0,0,0,0,0,1,1,1,1,4,10,64,250,255,255,254,253,190,41,0,0,0,0,0,0,0,0,0,0,0,0,0,0,0,0,0,0,0,0,0,0,0,0,0,
0,0,0,0,0,0,89,254,254,141,0,0,0,0,0,0,0,0,0,0,0,0,0,1,1,1,2,4,148,255,255,245,198,101,32,0,0,0,0,0,0,0,0,0,0,0,0,0,0,0,0,0,0,0,0,0,0,0,0,0,
0,0,0,0,0,0,80,250,254,116,0,0,0,0,0,0,0,0,0,0,0,0,0,0,0,1,1,59,251,255,255,255,255,254,246,71,0,0,0,0,0,0,0,0,0,0,0,0,0,0,0,0,0,0,0,0,0,0,0,0,
0,0,0,0,0,0,103,254,254,141,0,0,0,0,0,0,0,0,0,0,0,0,0,0,0,0,1,133,255,255,255,255,255,255,255,247,31,0,0,0,0,0,0,0,0,0,0,0,0,0,0,0,0,0,0,0,0,0,0,0,
0,0,0,0,0,0,144,240,255,215,32,0,0,0,0,0,0,0,0,0,0,0,0,0,0,0,0,152,255,255,255,255,254,204,169,137,174,69,16,0,0,0,0,0,0,0,0,0,0,0,0,0,0,0,0,0,0,0,0,0,
0,0,0,0,0,6,218,254,255,254,211,32,0,0,0,0,0,0,0,0,0,0,0,0,0,0,0,64,254,255,255,255,193,8,0,0,27,196,234,154,32,0,0,0,0,0,0,0,0,0,0,0,0,0,0,0,0,0,0,0,
0,0,0,0,0,58,247,254,255,245,175,18,0,0,0,0,0,0,0,0,0,0,0,0,0,0,0,22,254,255,255,255,186,7,0,1,104,241,73,0,1,0,0,0,0,0,0,0,0,0,0,0,0,0,0,0,0,0,0,0,
0,0,0,0,0,3,91,254,255,203,3,1,0,0,0,0,0,0,0,0,0,0,0,0,0,0,0,117,254,255,255,255,202,9,32,186,254,225,110,1,0,0,0,0,0,0,0,0,0,0,0,0,0,0,0,0,0,0,0,0,
0,0,0,0,0,0,93,254,255,232,8,0,0,0,0,0,0,0,0,0,0,0,0,0,0,0,0,175,255,255,255,255,225,116,241,247,176,60,5,0,0,0,0,0,0,0,0,0,0,0,0,0,0,0,0,0,0,0,0,0,
0,0,0,0,0,0,116,254,255,248,28,0,0,0,0,0,0,0,3,8,0,0,0,0,0,0,0,101,254,255,255,254,250,253,217,107,17,0,0,0,0,0,0,0,0,0,0,0,0,0,0,0,0,0,0,0,0,0,0,0,
0,0,0,0,0,0,151,254,255,253,63,0,0,0,0,0,0,0,51,210,189,137,92,47,158,43,16,228,255,255,255,255,247,160,45,2,0,0,0,0,0,0,0,0,0,0,0,0,0,0,0,0,0,0,0,0,0,0,0,0,
0,0,0,0,0,0,192,255,255,254,111,0,0,0,0,0,0,0,0,1,32,90,143,192,254,252,234,255,255,255,255,255,250,54,0,0,0,0,0,0,0,0,0,0,0,0,0,0,0,0,0,0,0,0,0,42,2,0,0,0,
0,0,0,0,0,6,227,254,251,220,164,0,0,0,0,0,0,0,0,0,0,0,0,2,135,86,212,255,255,255,255,255,255,249,222,195,171,148,125,111,92,40,0,0,0,0,0,0,0,0,0,0,0,0,0,9,0,0,0,0,
0,0,0,0,0,0,37,211,193,81,40,0,0,0,0,0,0,0,0,0,0,0,0,0,0,79,242,255,255,255,255,255,255,254,162,148,176,195,210,217,206,110,0,0,0,0,0,0,0,0,0,0,0,0,0,0,0,0,0,0,
14,39,117,152,162,165,181,228,209,149,26,0,0,0,0,0,0,0,0,0,0,0,0,34,180,254,254,255,255,255,255,255,255,255,219,26,0,3,8,10,13,5,0,0,0,0,0,0,0,0,0,0,0,0,0,0,0,0,0,0,
145,157,137,105,64,44,32,18,5,1,0,0,0,0,0,0,0,0,0,0,0,16,137,246,240,172,254,255,255,255,255,255,255,255,255,226,52,0,0,0,0,0,0,0,0,0,0,0,0,0,0,0,0,0,0,0,0,0,0,0,
0,0,0,0,0,0,0,0,0,0,0,0,0,0,0,0,0,0,0,12,121,234,252,192,54,64,255,255,255,255,255,255,255,255,255,255,244,79,0,0,0,0,0,0,0,0,0,0,0,0,0,0,0,0,0,0,0,0,0,0,
0,0,0,0,0,0,0,0,0,0,0,0,0,0,0,0,0,0,83,234,242,173,84,86,0,90,255,255,255,255,255,255,255,255,255,255,255,250,99,0,0,0,0,0,0,0,0,0,0,0,0,0,0,0,0,0,0,0,0,0,
0,0,0,0,0,0,0,0,0,0,0,0,0,0,0,0,0,0,14,89,41,40,0,0,0,107,255,255,255,255,255,255,255,255,255,255,255,255,254,137,0,0,0,0,0,0,0,0,0,0,0,0,0,0,0,0,0,0,0,0,
0,0,0,0,0,0,0,0,0,0,0,0,0,0,0,0,0,0,0,0,0,1,0,0,0,107,255,255,255,255,255,255,255,255,255,255,255,255,255,220,30,0,0,0,0,0,0,0,0,0,0,0,0,0,0,0,0,0,0,0,
0,0,0,0,0,0,0,0,0,0,0,0,0,0,0,0,0,0,0,0,0,0,0,0,0,78,254,255,255,255,255,255,255,255,255,255,255,254,231,123,4,0,0,0,0,0,0,0,0,0,0,0,0,0,0,0,0,0,0,0,
0,0,0,0,0,0,0,0,0,0,0,0,0,0,0,0,0,0,0,0,0,0,0,0,0,98,254,255,255,255,255,255,255,255,255,255,239,161,80,9,0,0,0,0,0,0,0,0,0,0,0,0,0,0,0,0,0,0,0,0,
0,0,0,0,0,0,0,0,0,0,0,0,0,0,0,0,0,0,0,0,0,0,0,0,28,242,254,248,254,255,255,253,250,217,245,254,152,17,0,0,0,0,0,0,0,0,0,0,0,0,0,0,0,0,0,0,0,0,0,0,
0,0,0,0,0,0,0,0,0,0,0,0,0,0,0,0,0,0,0,0,0,0,0,0,137,254,218,49,114,161,155,137,79,41,164,255,153,0,0,0,0,0,0,0,0,0,0,0,0,0,0,0,0,0,0,0,0,0,0,0,
0,0,0,0,0,0,0,0,0,0,0,0,0,0,0,0,0,0,0,0,0,0,0,0,222,254,91,0,0,0,2,0,0,0,118,254,148,0,0,0,0,0,0,0,0,0,0,0,0,0,0,0,0,0,0,0,0,0,0,0,
0,0,0,0,0,0,0,0,0,0,0,0,0,0,0,0,0,0,0,0,0,0,0,36,254,210,3,0,0,0,0,0,0,0,66,254,145,0,0,0,0,0,0,0,0,0,0,0,0,0,0,0,0,0,0,0,0,0,0,0,
0,0,0,0,0,0,0,0,0,0,0,0,0,0,0,0,0,0,0,0,0,0,0,112,254,73,0,0,0,0,0,0,0,0,30,254,174,1,0,0,0,0,0,0,0,0,0,0,0,0,0,0,0,0,0,0,0,0,0,0,
0,0,0,0,0,0,0,0,0,0,0,0,0,0,0,0,0,0,0,0,0,0,35,243,219,0,0,0,0,0,0,0,0,0,42,253,228,12,0,0,0,0,0,0,0,0,0,0,0,0,0,0,0,0,0,0,0,0,0,0,
