0,0,0,0,0,0,0,0,0,0,0,0,0,0,0,0,0,0,0,0,0,0,0,0,0,0,0,0,0,0,0,97,254,254,248,167,152,24,0,0,3,60,183,253,255,255,255,255,255,255,255,184,10,0,0,0,0,0,0,0,
0,0,0,0,0,0,0,0,2,6,4,1,0,0,0,0,0,0,0,0,0,0,0,0,0,0,0,0,0,0,0,24,129,135,254,202,139,195,121,166,228,254,254,255,255,255,255,255,255,255,255,170,6,0,0,0,0,0,0,0,
0,0,0,0,0,0,0,0,6,81,41,11,3,0,0,0,0,0,0,0,0,0,0,0,0,0,0,0,0,0,0,0,0,4,199,254,255,255,255,255,255,255,255,255,255,255,255,255,255,255,252,93,0,0,0,0,0,0,0,0,
0,0,0,0,0,0,0,0,4,28,164,68,16,5,1,0,0,0,0,0,0,0,0,0,0,0,0,0,0,0,0,0,0,0,42,237,255,255,255,255,255,255,255,255,255,255,255,255,255,254,177,10,0,0,0,0,0,0,0,0,
0,0,0,0,0,0,0,0,2,7,40,185,102,22,6,2,1,1,0,0,0,0,0,0,0,0,0,0,0,0,0,0,0,0,0,45,175,239,254,254,252,240,218,205,233,253,254,254,245,149,14,0,0,0,0,0,0,0,0,0,
0,0,0,0,0,0,0,0,0,2,7,42,176,133,27,9,2,1,1,0,0,0,0,0,0,0,0,0,0,0,0,0,0,0,0,0,1,5,20,27,15,6,3,2,7,30,49,47,12,19,31,0,0,0,0,0,0,0,0,0,
0,0,0,0,0,0,0,0,0,0,1,6,38,147,169,39,11,4,1,1,1,0,0,0,0,0,0,0,0,0,0,0,0,0,0,0,0,0,0,0,0,0,0,0,0,0,0,0,0,0,0,0,0,0,0,0,0,0,0,0,
0,0,0,0,0,0,0,0,0,1,1,1,5,24,113,189,61,16,5,2,1,1,0,0,0,0,0,0,0,0,0,0,0,0,0,0,0,0,0,0,0,0,0,0,0,0,0,0,0,0,0,0,0,0,0,0,0,0,0,0,
0,0,0,0,0,0,0,0,0,0,1,1,1,4,16,78,192,93,21,7,2,1,11,63,39,0,14,20,0,0,0,0,0,0,0,0,0,0,0,0,0,0,0,0,0,0,0,0,0,0,0,0,0,0,0,0,0,0,0,0,
0,0,0,0,0,0,0,0,0,0,0,1,1,1,3,10,48,169,131,29,9,118,242,253,253,225,253,254,222,5,0,0,0,0,0,0,0,0,0,0,0,0,0,0,0,0,0,0,0,0,0,0,0,0,0,0,0,0,0,0,
0,0,0,0,0,0,0,0,0,0,0,0,0,1,1,2,6,30,132,167,142,254,255,255,255,255,255,255,180,0,0,0,0,0,0,0,0,0,0,0,0,0,0,0,0,0,0,0,0,0,0,0,0,0,0,0,0,0,0,0,
0,0,0,0,0,0,0,0,0,0,0,0,0,0,1,1,1,5,18,87,243,255,255,255,255,255,255,255,245,12,0,0,0,0,0,0,0,0,126,46,0,0,0,0,39,8,0,0,0,0,0,0,0,0,0,0,0,0,0,0,
0,0,0,0,0,0,0,0,0,0,0,0,0,0,0,0,1,1,4,12,170,255,255,255,255,255,255,254,92,0,0,0,0,0,0,0,0,0,10,5,0,0,0,0,0,0,0,0,0,0,2,2,0,0,0,0,0,0,0,0,
0,0,0,0,0,0,0,0,0,0,0,0,0,0,0,0,1,1,1,3,28,239,255,255,255,255,254,116,0,0,0,0,0,0,0,0,0,0,0,0,0,0,0,0,0,0,0,0,0,0,73,39,0,0,0,0,0,0,0,0,
0,0,0,0,0,0,0,0,0,0,0,0,0,0,0,0,0,0,1,1,2,94,249,255,255,255,251,45,0,3,0,0,0,0,0,0,0,0,0,0,0,0,0,0,0,0,0,0,0,0,0,0,0,0,0,0,0,0,0,0,
0,0,0,0,0,0,0,1,9,0,0,0,0,0,0,0,0,0,0,1,1,21,179,255,255,255,220,54,0,54,0,0,0,0,0,0,0,0,0,0,0,0,0,0,0,0,0,0,0,0,0,0,0,0,0,0,0,0,0,0,
0,0,0,0,0,0,0,139,230,125,0,0,0,0,0,0,0,0,0,0,3,206,255,255,255,255,255,231,6,0,0,11,19,0,0,0,0,0,0,0,0,0,0,0,0,0,0,0,0,0,0,0,0,2,123,151,9,0,0,0,
0,0,0,0,0,0,5,227,255,235,29,0,0,0,0,0,0,0,0,0,38,254,255,255,255,255,254,240,170,34,0,7,9,0,0,0,0,0,0,0,0,0,0,0,0,0,0,0,0,0,0,0,0,0,48,56,0,0,0,0,
0,0,0,0,0,0,27,236,255,211,1,0,0,0,0,0,0,0,0,0,3,211,255,255,255,254,162,68,37,220,68,0,0,0,0,0,0,0,0,0,0,0,0,0,0,0,0,0,0,0,0,0,0,0,0,0,0,0,0,0,
0,0,0,0,0,0,13,198,255,230,9,0,0,0,0,0,0,0,0,0,47,249,255,255,255,255,119,0,0,59,214,49,0,0,0,0,0,0,0,0,0,0,0,0,0,0,0,0,0,0,0,0,0,0,0,0,0,0,0,0,
0,0,0,0,0,0,18,235,254,252,40,0,0,0,0,0,0,0,0,6,209,214,246,255,255,255,171,0,0,0,12,92,11,0,0,0,0,0,0,0,0,0,0,0,0,0,0,0,0,0,0,0,0,0,0,0,0,0,0,0,
0,0,0,0,0,0,71,199,250,254,121,1,0,0,0,0,0,0,0,153,212,24,215,255,255,255,240,13,0,0,0,0,18,126,15,0,0,0,0,0,0,0,0,0,0,0,0,0,0,0,0,0,0,0,0,0,0,0,0,0,
0,0,0,0,0,0,153,253,254,255,250,115,0,0,0,0,0,0,49,254,74,10,249,255,255,255,254,108,0,0,17,130,239,246,65,0,0,0,0,0,0,0,0,0,0,0,0,0,0,0,0,0,0,0,0,0,0,0,0,0,
0,0,0,0,0,13,200,249,255,255,212,82,0,13,3,0,0,0,112,254,65,10,178,255,255,255,247,20,24,142,241,241,137,22,0,0,0,0,0,0,0,0,0,0,0,0,0,0,0,0,0,0,0,0,0,0,0,0,0,0,
0,0,0,0,0,0,4,162,255,255,159,0,0,97,216,176,112,56,113,233,80,0,160,255,255,255,255,196,246,236,127,18,0,0,0,0,0,0,0,0,0,0,0,0,0,0,0,0,0,0,0,0,0,0,0,0,0,0,0,0,
0,0,0,0,0,0,0,197,255,255,183,0,0,0,1,45,105,163,212,222,229,147,246,255,255,255,255,254,144,13,0,0,0,0,0,0,0,0,0,0,0,0,0,0,0,0,0,0,0,0,0,0,0,0,0,0,0,0,0,0,
0,0,0,0,0,0,9,236,255,255,203,0,0,0,0,0,0,0,0,69,147,179,255,255,255,255,255,255,181,60,22,0,0,0,0,0,0,0,0,0,0,0,0,0,0,0,0,0,0,0,0,0,0,0,0,0,0,0,0,0,
0,0,0,0,0,0,45,252,255,255,227,5,0,0,0,4,0,0,0,9,97,216,255,255,255,255,255,255,254,232,245,238,201,168,139,113,84,39,0,0,0,0,0,0,0,0,0,0,0,0,0,0,0,0,0,0,0,0,0,0,
0,0,0,0,0,0,118,254,254,254,249,35,0,0,0,135,81,37,137,235,254,241,255,255,255,255,255,255,255,187,2,27,63,91,115,128,127,55,0,0,0,0,0,0,0,0,0,0,0,0,0,0,0,0,0,0,0,0,0,0,
0,0,0,0,0,2,174,247,236,204,162,99,0,0,18,118,220,254,239,156,54,148,255,255,255,255,255,255,255,254,101,0,0,0,0,0,0,0,0,0,0,0,0,0,0,0,0,0,0,0,0,0,0,13,0,0,0,0,0,0,
0,0,0,0,0,1,16,208,42,189,76,7,0,165,248,247,179,88,12,0,0,165,255,255,255,255,255,255,255,255,247,58,0,0,0,0,0,0,0,0,0,0,0,0,0,0,0,0,0,0,0,0,2,35,0,0,0,0,0,0,
22,42,104,167,181,190,201,205,158,133,78,12,0,34,74,45,18,0,0,0,0,186,255,255,255,255,255,255,255,255,255,224,19,0,0,0,0,0,0,0,0,0,0,0,0,0,0,0,0,0,0,0,0,0,0,0,0,0,0,0,
132,140,130,104,65,28,10,2,0,0,0,0,0,0,0,0,0,0,0,0,0,217,255,255,255,255,255,255,255,255,255,255,188,4,0,0,0,0,0,0,0,0,0,0,0,0,0,0,0,0,0,0,0,0,0,0,0,0,0,0,
0,0,0,0,0,0,0,0,0,0,0,0,0,0,0,0,0,0,0,0,10,250,255,255,255,255,255,255,255,255,255,255,254,58,0,0,0,0,0,0,0,0,0,0,0,0,0,0,0,0,0,0,0,0,0,0,0,0,0,0,
0,0,0,0,0,0,0,0,0,0,0,0,0,0,0,0,0,0,0,0,51,254,255,255,255,255,255,255,255,255,255,255,250,9,0,0,0,0,0,0,0,0,0,0,0,0,0,0,0,0,0,0,0,0,0,0,0,0,0,0,
0,0,0,0,0,0,0,0,0,0,0,0,0,0,0,0,0,0,0,0,79,255,255,255,255,255,255,255,255,255,255,250,105,0,0,0,0,0,0,0,0,0,0,0,0,0,0,0,0,0,0,0,0,0,0,0,0,0,0,0,
0,0,0,0,0,0,0,0,0,0,0,0,0,0,0,0,0,0,0,0,75,254,255,255,255,255,255,255,255,251,192,73,0,0,0,0,0,0,0,0,0,0,0,0,0,0,0,0,0,0,0,0,0,0,0,0,0,0,0,0,
0,0,0,0,0,0,0,0,0,0,0,0,0,0,0,0,0,0,0,0,0,72,202,255,241,240,195,178,245,254,40,0,0,0,0,0,0,0,0,0,0,0,0,0,0,0,0,0,0,0,0,0,0,0,0,0,0,0,0,0,
0,0,0,0,0,0,0,0,0,0,0,0,0,0,0,0,0,0,0,0,0,0,185,255,94,0,0,0,174,255,127,0,0,0,0,0,0,0,0,0,0,0,0,0,0,0,0,0,0,0,0,0,0,0,0,0,0,0,0,0,
0,0,0,0,0,0,0,0,0,0,0,0,0,0,0,0,0,0,0,0,0,0,217,255,63,0,0,0,100,254,180,0,0,0,0,0,0,0,0,0,0,0,0,0,0,0,0,0,0,0,0,0,0,0,0,0,58,121,5,0,
0,0,0,0,0,0,0,0,0,0,0,0,0,0,0,0,0,0,0,0,0,0,217,254,44,0,0,0,26,252,210,0,0,0,0,0,0,0,0,0,0,0,0,0,0,0,0,0,0,0,0,0,0,0,0,0,28,111,4,0,
0,0,0,0,0,0,0,0,0,0,0,0,0,0,0,0,0,0,0,0,0,0,211,254,23,0,0,0,0,197,237,0,0,0,0,0,0,0,0,0,0,0,0,0,0,0,0,0,0,0,0,0,0,0,0,0,0,0,0,0,
0,0,0,0,0,0,0,0,0,0,0,0,0,0,0,0,0,0,0,0,0,0,183,249,3,0,0,0,0,111,252,36,0,0,0,0,0,0,0,0,0,0,0,0,0,0,0,0,0,0,0,0,0,0,0,0,0,0,0,0,
0,0,0,0,0,0,0,0,0,0,0,0,0,0,0,0,0,0,0,0,0,0,153,223,0,0,0,0,0,105,254,138,0,0,0,0,0,0,0,0,0,0,0,0,0,0,0,0,0,0,0,0,0,0,0,0,0,0,0,0,
0,0,0,0,0,0,0,0,0,0,0,0,0,0,0,0,0,0,0,0,0,0,217,254,20,0,0,0,0,22,243,123,0,0,0,0,0,0,0,0,0,0,0,0,0,0,0,0,0,0,0,0,0,0,0,0,0,0,0,0,
