0,0,0,0,0,0,0,0,0,0,0,0,0,0,0,0,0,0,0,0,0,0,0,0,0,0,0,0,0,0,0,0,0,0,0,0,0,0,0,0,0,0,0,0,0,0,0,0,0,36,205,254,255,255,255,255,255,255,255,255,
0,0,0,0,0,0,0,0,0,0,0,0,0,17,1,0,0,0,0,0,0,0,0,0,0,0,0,0,0,0,0,0,0,0,0,0,0,0,0,0,0,0,0,0,0,0,0,0,0,0,19,132,240,253,254,255,255,255,255,255,
0,0,0,0,0,0,0,0,0,0,0,0,0,10,2,0,0,0,0,0,0,0,0,0,0,0,0,0,0,0,0,0,0,0,0,30,0,0,0,0,0,0,0,0,0,0,0,0,0,0,0,0,48,157,230,246,250,251,252,253,
0,0,0,0,0,0,0,0,0,0,0,0,0,0,0,0,0,0,0,0,0,0,0,0,0,0,0,0,0,0,0,0,0,0,0,123,0,0,0,0,0,0,0,0,0,0,0,13,0,0,0,0,0,0,10,48,89,130,169,195,
0,0,0,0,0,0,0,0,0,0,0,0,0,0,0,1,0,0,0,0,0,0,0,0,0,0,0,0,0,0,0,0,0,0,2,186,0,0,0,0,0,0,0,0,0,0,0,0,0,0,0,0,0,0,0,0,0,0,0,2,
0,0,0,20,0,0,0,0,0,0,0,0,0,0,0,17,0,0,0,0,0,0,0,0,0,0,0,0,0,0,0,0,0,0,178,242,7,0,0,0,0,0,0,0,0,0,0,0,0,0,0,0,0,0,0,0,0,0,4,131,
0,0,36,187,1,0,0,0,0,0,0,0,0,0,0,0,0,0,0,0,0,0,0,0,0,0,0,0,12,145,225,214,119,8,242,250,29,0,0,0,0,0,0,0,0,0,0,0,0,0,0,0,0,0,0,0,0,0,118,253,
0,0,2,5,0,0,0,0,0,0,0,0,0,0,0,0,0,0,0,0,0,0,0,0,0,0,0,22,210,254,255,255,255,203,232,73,0,0,0,0,0,0,0,0,0,0,0,0,0,0,0,0,0,0,0,0,0,47,235,241,
0,0,0,0,0,0,0,0,0,0,0,0,0,0,0,0,0,0,0,0,0,0,0,0,13,37,0,174,254,255,255,255,255,255,210,0,0,0,0,0,0,0,0,0,0,0,0,0,0,0,0,0,0,0,0,3,73,217,246,81,
0,0,0,0,0,0,0,0,0,0,0,0,0,0,0,0,0,0,0,0,0,0,0,0,0,28,46,253,255,255,255,255,255,255,254,57,0,0,0,0,0,0,0,0,0,0,0,0,0,0,0,34,0,0,12,120,241,209,58,0,
0,0,0,0,0,0,0,0,0,0,7,1,0,0,0,0,0,0,0,0,0,0,0,0,0,0,151,255,255,255,255,255,255,255,255,147,0,0,0,0,0,0,0,0,0,0,0,0,0,0,0,13,0,38,173,245,132,11,0,0,
0,0,0,0,0,0,0,0,0,0,47,37,0,0,0,0,0,0,0,0,0,0,0,0,0,12,227,255,255,255,255,255,255,255,255,133,1,9,0,0,0,0,0,0,0,0,0,0,0,0,0,5,104,219,214,52,0,0,0,0,
0,0,0,0,0,0,0,0,0,0,0,0,0,0,0,0,0,0,0,0,0,0,0,0,0,0,209,255,255,255,255,255,255,253,197,45,2,5,0,0,0,0,0,0,0,0,17,48,39,4,23,149,249,149,10,0,0,0,0,0,
0,0,0,0,0,0,0,0,0,0,0,0,0,0,0,0,0,0,0,0,0,0,0,0,0,0,118,244,216,255,255,255,253,183,2,1,6,0,0,0,0,0,0,18,59,140,216,245,243,161,207,227,72,0,0,0,0,0,0,0,
0,0,0,0,0,0,0,0,0,0,0,0,0,0,0,0,0,0,0,0,0,0,0,0,0,0,1,91,143,255,255,239,134,122,143,219,246,157,78,36,33,98,173,222,251,254,254,255,255,254,198,16,0,0,0,0,0,0,0,0,
0,0,0,0,0,0,0,0,0,0,0,0,0,0,0,0,0,0,0,0,0,0,0,0,0,0,39,219,254,255,255,254,254,255,255,255,255,255,254,252,244,254,254,254,251,210,254,254,255,254,127,0,0,0,0,0,0,0,0,0,
0,0,0,0,0,0,0,0,0,0,0,0,0,0,0,0,0,0,0,0,0,0,0,0,0,83,244,255,255,255,255,255,255,255,255,255,255,255,255,254,255,254,232,147,148,241,254,211,219,92,0,0,0,0,0,0,0,0,0,0,
0,0,0,0,0,46,175,119,6,0,0,0,0,0,0,0,0,0,0,0,0,0,0,0,118,253,255,255,255,255,255,255,255,235,244,254,255,254,200,94,88,67,68,198,254,240,149,220,9,1,0,0,0,0,0,0,0,0,0,0,
0,0,0,0,0,186,254,253,116,0,0,0,0,0,0,0,0,0,0,0,0,0,0,59,254,255,255,255,255,255,255,255,255,123,7,58,84,17,4,10,29,130,243,253,191,78,27,20,2,0,0,0,0,0,0,0,0,0,0,0,
0,0,0,0,4,213,255,253,98,0,0,0,0,0,0,0,0,0,0,0,0,0,0,130,255,255,255,255,255,255,255,255,255,104,1,1,3,7,19,69,200,254,229,118,42,17,6,2,1,0,0,0,0,0,0,0,0,0,0,0,
0,0,0,0,47,211,255,253,49,0,0,0,0,0,0,0,0,0,0,0,0,0,7,226,255,255,248,252,255,255,255,255,255,101,2,5,13,35,138,245,248,168,62,24,10,4,1,1,1,0,0,0,0,0,0,0,0,0,0,0,
0,0,0,0,1,190,255,254,77,0,0,0,0,0,0,76,144,5,0,0,0,0,134,254,255,214,74,254,255,255,255,255,254,91,9,23,81,211,254,213,99,34,13,5,2,1,1,0,0,0,0,0,0,0,0,0,0,0,0,45,
0,0,0,0,16,225,252,255,128,0,0,0,0,0,0,32,192,190,27,2,2,37,250,254,168,2,98,255,255,255,255,255,255,70,45,158,250,242,149,53,20,7,2,1,1,1,0,0,0,0,0,0,0,0,0,0,0,0,0,0,
0,0,0,0,62,217,238,255,231,72,0,0,0,0,0,0,3,129,231,80,1,109,255,238,6,4,207,255,255,255,255,255,254,119,226,254,195,81,30,12,4,1,1,0,0,0,0,0,0,0,0,0,0,0,0,0,0,0,0,0,
0,0,0,0,148,254,254,255,255,242,53,0,0,0,0,0,0,0,69,228,152,151,255,190,0,78,254,255,255,255,255,255,254,254,226,121,42,17,7,3,18,0,0,0,0,0,0,0,0,0,0,0,0,0,0,0,0,0,0,0,
0,0,0,12,203,249,255,255,237,146,8,0,0,0,0,0,0,0,0,20,171,254,255,149,0,1,178,255,255,255,255,255,254,161,61,24,10,3,1,0,0,0,0,0,0,0,0,0,0,0,0,0,0,0,0,0,0,0,0,0,
0,0,0,0,6,145,255,255,228,6,0,0,0,0,0,0,0,0,0,0,0,172,255,210,50,81,255,255,255,255,255,254,115,31,13,5,1,1,1,1,0,0,0,0,0,0,0,0,0,0,0,0,0,0,0,0,0,0,0,0,
0,0,0,0,0,161,255,255,249,27,0,0,0,0,0,0,0,0,0,0,0,172,252,227,249,246,255,255,255,255,255,254,60,6,2,1,1,0,0,0,0,0,0,0,0,0,0,0,0,0,0,0,0,0,0,0,0,0,0,0,
0,0,0,0,0,185,255,255,254,58,0,0,0,0,0,0,0,0,0,0,0,193,210,42,239,255,255,255,255,255,255,255,122,1,1,0,0,0,0,0,0,0,0,0,0,0,0,0,0,0,0,0,0,0,0,0,0,0,0,0,
0,0,0,0,2,217,255,255,254,97,0,0,0,0,0,0,0,0,0,0,7,244,242,243,254,255,255,255,255,255,255,255,205,0,1,0,0,0,0,0,0,0,0,0,0,0,0,0,0,0,0,0,0,0,0,0,0,0,0,0,
0,0,0,0,26,246,255,255,254,141,0,0,0,0,0,0,0,0,0,29,152,254,255,255,255,255,255,255,255,255,255,255,253,16,0,0,0,0,0,0,0,0,0,0,0,0,0,0,0,0,0,0,0,0,0,0,0,0,0,0,
0,0,0,0,101,254,255,254,243,195,0,0,0,0,0,0,0,31,147,245,255,249,199,254,255,255,255,255,255,255,255,255,254,70,0,0,0,0,0,0,0,0,0,0,0,0,0,0,0,0,0,0,0,0,0,0,0,0,0,0,
0,0,0,0,87,214,204,236,82,126,9,0,0,0,0,33,151,246,254,249,154,32,74,254,255,255,255,255,255,255,255,255,255,175,12,0,0,0,0,0,0,0,0,0,0,0,0,0,0,0,0,0,0,0,0,0,0,0,0,0,
4,15,26,63,76,187,180,197,200,42,0,0,0,44,161,248,255,249,153,31,0,0,168,255,255,255,255,255,255,255,255,255,255,255,226,81,0,0,0,0,0,0,0,0,0,0,0,0,0,0,0,0,0,0,0,0,0,0,0,0,
186,228,233,232,225,211,182,138,69,9,1,64,178,251,255,245,143,31,0,0,0,19,247,255,255,255,255,255,255,255,255,255,255,255,246,254,183,40,0,0,0,0,0,0,0,0,14,6,0,0,0,0,0,0,0,0,0,0,0,0,
141,107,51,23,13,128,182,9,10,96,203,254,255,234,127,21,0,0,0,0,0,115,255,255,255,255,255,255,255,255,255,255,255,255,216,101,230,248,142,18,0,0,0,0,0,0,13,1,0,0,0,0,0,0,0,0,0,0,0,0,
0,0,0,0,0,40,114,187,235,254,254,196,92,7,0,0,0,0,0,0,1,217,255,255,255,255,255,255,255,255,255,255,255,255,255,108,13,135,245,236,113,8,0,0,0,0,0,0,0,0,0,0,0,0,0,0,0,0,0,0,
0,0,0,23,117,205,254,254,223,132,39,0,0,0,0,0,0,0,0,0,69,254,255,255,255,255,255,255,255,255,255,255,255,255,255,227,4,0,31,158,249,221,92,2,0,0,0,0,0,0,0,0,0,0,0,0,0,0,0,0,
0,0,0,90,240,223,154,107,2,0,0,0,0,0,0,0,0,0,0,0,162,255,255,255,255,255,255,255,255,255,255,255,255,255,255,254,77,0,0,0,34,154,217,113,0,0,0,0,0,0,0,0,0,0,0,0,0,0,0,0,
0,0,0,0,2,0,0,49,0,0,0,23,1,0,0,0,0,0,0,2,235,255,255,255,255,255,255,255,255,255,255,255,255,255,255,255,180,0,0,0,0,0,0,0,0,0,0,0,0,0,0,0,0,0,0,0,0,0,0,0,
0,0,0,0,0,0,0,0,0,0,0,160,18,0,0,0,0,0,0,31,254,255,255,255,255,255,255,255,255,255,255,255,255,255,255,255,253,38,0,0,0,0,0,0,0,0,0,0,0,0,0,0,0,0,0,0,0,0,0,0,
0,0,0,0,0,0,0,0,0,0,4,204,49,0,0,0,0,0,0,15,253,255,255,255,255,255,255,255,255,255,255,255,255,255,255,255,254,107,0,0,0,0,0,0,0,0,0,0,0,0,0,0,0,0,0,0,0,0,0,0,
0,0,0,0,0,0,0,0,0,0,2,87,6,0,0,0,3,0,0,4,238,255,255,255,255,255,255,255,255,255,255,255,255,255,255,255,218,21,0,0,0,0,0,0,0,0,0,0,0,0,0,0,0,0,0,0,0,0,0,0,
0,0,0,0,0,0,0,0,0,0,0,0,0,0,0,94,54,0,0,0,44,244,255,255,255,255,255,255,255,255,255,255,255,255,255,254,93,0,0,0,0,0,0,0,0,0,0,0,0,0,0,0,0,0,0,0,0,0,0,0,
0,0,0,0,0,0,0,0,0,0,0,0,0,0,2,48,0,0,0,0,0,28,167,255,255,255,255,255,255,255,255,255,255,255,221,104,0,0,0,0,0,0,0,0,0,0,0,0,0,0,0,0,0,0,0,0,0,0,0,0,
