0,0,0,0,0,0,0,0,0,0,0,0,0,0,0,0,0,0,0,0,0,0,0,0,0,0,0,0,0,0,0,0,0,0,8,219,21,0,0,0,0,0,0,0,0,0,0,0,0,0,0,0,0,0,0,0,0,0,0,0,
0,0,0,0,0,9,1,0,0,0,0,0,0,0,37,39,0,0,0,0,0,0,0,0,0,0,0,0,0,0,0,0,0,0,118,254,34,0,0,0,0,0,0,0,0,0,0,0,0,0,0,0,0,0,0,0,0,0,0,0,
0,0,0,0,0,14,4,0,0,0,0,0,0,0,6,24,0,0,0,0,0,0,0,0,0,0,0,0,0,0,0,0,0,19,240,255,105,0,0,0,0,0,0,0,0,0,0,0,0,0,0,0,0,0,0,0,0,0,0,0,
0,0,0,0,0,0,40,0,0,0,0,0,0,0,0,0,0,0,0,0,0,0,0,0,0,0,3,106,196,206,147,31,0,148,255,255,222,6,0,0,0,0,0,0,0,1,7,0,0,0,0,0,0,0,0,0,0,0,0,0,
0,0,0,0,0,0,0,0,0,0,0,0,0,0,0,0,0,0,0,0,0,0,0,0,0,19,191,254,255,255,255,242,112,249,255,255,218,33,0,1,1,0,0,0,0,8,40,0,0,0,0,0,0,0,0,0,0,0,0,0,
0,0,0,0,0,0,0,6,0,0,0,0,0,0,0,0,0,0,0,0,0,0,0,0,10,208,254,255,255,255,255,255,255,255,255,162,0,0,0,16,13,0,0,0,0,0,0,0,0,0,0,0,0,0,0,0,0,0,0,0,
0,0,0,0,0,0,0,14,0,0,0,0,0,0,0,0,0,0,0,0,0,0,0,0,113,255,255,255,255,255,255,255,255,255,255,135,0,0,0,0,0,0,0,0,0,0,0,0,0,0,0,0,0,0,0,0,0,0,0,0,
0,0,0,0,0,0,0,0,0,0,0,0,0,0,0,0,0,0,0,0,0,0,0,0,222,255,255,255,255,255,255,255,255,255,255,123,0,0,0,0,0,0,0,0,0,0,0,0,0,0,0,0,0,0,0,0,0,0,0,0,
0,0,0,0,0,0,0,0,0,0,0,0,0,0,0,0,0,0,0,0,0,0,0,60,254,255,255,255,255,255,255,255,255,255,210,106,0,0,0,0,0,0,0,0,0,0,0,0,0,0,0,0,0,0,0,0,0,0,0,0,
0,0,0,0,0,0,0,0,1,38,0,0,0,0,0,0,0,0,0,0,0,0,0,128,255,255,255,255,255,255,255,255,255,255,147,11,0,0,0,0,0,0,0,0,0,0,0,0,0,0,0,0,0,0,0,0,0,0,0,0,
0,0,0,0,0,0,0,0,0,0,0,0,0,0,0,0,0,0,0,0,0,0,0,167,255,255,255,255,255,255,255,255,255,253,69,0,0,0,0,0,0,0,0,0,0,0,0,0,0,0,0,0,0,0,0,0,0,0,0,0,
0,0,0,0,0,0,0,0,0,0,0,0,0,0,0,0,0,4,2,0,0,0,0,154,255,255,255,255,254,254,255,255,255,238,0,0,0,0,0,0,0,0,0,0,0,0,0,0,0,0,0,0,0,0,0,0,0,0,0,0,
0,0,0,0,0,0,0,0,0,0,0,0,0,0,0,0,0,0,0,0,0,0,0,111,253,230,242,234,255,255,255,254,242,196,0,0,0,0,0,0,0,0,0,0,0,0,0,0,0,0,0,0,0,0,0,0,0,0,0,0,
0,0,0,0,0,0,0,0,0,0,0,0,0,0,0,0,0,0,0,0,0,0,0,22,107,63,127,188,255,255,222,116,108,41,0,0,0,0,0,0,0,0,0,0,0,0,21,0,0,0,0,0,0,0,0,0,0,0,0,0,
0,0,0,0,0,0,0,0,0,0,0,0,0,0,0,0,0,0,0,0,0,0,0,0,0,79,200,254,255,255,236,164,34,0,0,0,0,0,0,0,0,0,0,0,0,0,81,3,0,0,0,0,0,0,0,0,0,0,0,0,
0,0,0,0,0,0,0,0,0,0,0,0,0,0,0,0,0,0,0,0,0,0,0,0,40,212,254,255,255,255,255,255,135,0,0,0,0,0,0,0,0,0,0,0,0,0,1,44,0,0,0,0,0,0,0,0,0,0,0,0,
0,0,0,0,0,0,0,0,0,0,0,0,0,0,0,0,0,0,0,0,0,0,0,62,236,255,255,255,255,255,255,255,254,83,0,0,0,0,0,0,0,0,9,1,0,0,0,0,0,0,0,0,0,0,0,0,0,0,0,0,
0,0,0,0,0,0,45,49,6,0,0,0,0,0,0,0,0,0,0,0,0,0,73,251,255,255,255,255,255,255,255,255,255,245,124,0,0,0,0,0,0,0,54,9,0,0,0,0,0,0,0,0,0,0,74,78,1,0,0,0,
0,0,0,0,0,64,247,253,141,4,0,0,0,0,0,0,0,0,0,0,0,10,232,255,255,255,255,255,255,255,255,255,255,255,255,105,0,0,0,0,0,0,0,0,0,0,0,0,0,0,0,0,15,150,251,254,157,0,0,0,
0,0,0,0,0,108,254,255,225,18,0,0,0,0,0,0,0,0,0,0,0,58,254,255,255,255,255,255,255,255,255,255,255,255,255,189,0,0,0,0,0,0,0,0,0,0,0,0,0,0,0,60,220,252,169,255,211,0,0,0,
0,0,0,0,0,123,254,255,202,0,0,0,0,0,0,0,0,0,0,0,0,37,254,255,255,255,255,255,255,255,255,255,255,255,255,173,0,0,0,0,0,0,0,0,0,0,0,0,0,14,149,252,189,41,15,251,216,0,0,0,
0,0,0,0,1,124,253,255,208,2,0,0,0,0,0,0,0,0,0,0,0,68,254,255,255,255,255,255,255,255,255,255,255,255,255,239,158,71,4,0,0,0,0,0,0,0,0,0,80,227,238,98,1,0,0,182,224,0,0,0,
0,0,0,0,5,187,254,255,244,22,0,0,0,0,0,0,0,0,0,0,0,116,255,255,249,231,255,255,255,255,255,255,223,250,255,255,254,254,234,156,84,28,1,0,0,0,28,176,254,172,26,0,0,0,0,51,245,8,0,0,
0,0,0,0,79,214,248,255,253,48,0,0,0,0,0,0,0,0,0,0,0,187,255,255,136,222,255,255,255,255,255,255,142,85,231,255,255,255,255,255,254,254,230,115,9,115,242,225,79,0,0,0,0,0,0,0,141,47,0,0,
0,0,0,22,226,243,251,255,254,180,5,0,0,0,0,0,0,0,0,0,0,229,255,249,66,254,255,255,255,255,255,255,169,0,2,39,82,123,166,225,255,255,255,254,236,251,141,22,59,0,0,0,0,0,0,0,6,12,0,0,
0,0,0,138,254,255,255,255,255,253,120,0,0,0,0,0,0,0,0,0,0,228,255,254,222,255,255,255,255,255,255,255,230,0,0,0,0,1,5,36,245,196,253,255,255,112,0,0,0,0,0,0,0,0,0,0,0,0,0,0,
0,0,0,20,137,252,254,255,253,196,190,99,6,0,0,1,0,0,0,0,0,134,254,255,255,255,255,255,255,255,255,255,249,32,0,0,0,1,26,125,237,255,254,255,254,71,0,0,0,0,0,0,0,0,0,0,0,0,0,0,
0,0,0,0,111,245,254,255,250,29,183,252,233,143,48,31,0,0,0,0,0,6,198,255,255,255,255,255,255,255,255,254,99,69,0,0,0,79,223,254,254,252,203,254,196,0,0,0,0,0,0,0,0,0,0,0,0,0,0,0,
0,0,0,0,118,214,255,255,254,46,0,27,120,216,254,209,118,33,0,0,0,0,32,232,255,255,255,255,255,255,255,254,99,1,0,48,191,255,255,254,137,130,194,104,35,0,0,0,0,0,0,0,0,0,0,0,0,0,0,0,
0,0,0,0,0,186,255,255,254,50,0,0,0,0,55,146,232,253,203,123,45,30,114,68,252,255,255,255,255,255,255,255,189,28,157,252,255,254,225,98,16,9,31,1,0,0,0,0,0,0,0,0,0,0,0,0,0,0,0,0,
0,0,0,0,1,213,255,255,253,38,0,0,0,0,0,0,3,67,148,228,254,248,211,121,240,255,255,255,255,255,255,255,255,250,255,255,238,117,9,1,2,1,1,1,0,0,0,0,0,0,0,0,0,0,0,0,0,0,0,0,
0,0,0,0,14,240,255,255,254,58,0,0,0,0,0,0,0,0,0,2,61,231,254,255,255,255,255,255,255,255,255,255,255,255,247,139,19,0,0,0,0,1,1,0,0,0,0,0,0,0,0,0,0,0,0,0,0,0,0,0,
0,0,0,0,75,254,254,254,254,108,0,0,0,0,0,0,0,0,0,0,8,114,39,226,255,255,255,255,255,255,255,255,255,255,118,0,0,0,0,0,0,0,0,0,0,0,0,0,0,0,0,0,0,0,0,0,0,0,0,0,
0,0,0,0,146,237,237,213,155,141,0,0,0,0,0,0,0,0,0,0,0,0,13,250,255,255,255,255,255,255,255,255,255,255,201,4,0,0,0,0,0,0,0,0,0,0,0,0,0,0,0,0,0,0,0,0,7,29,6,0,
0,0,0,0,8,122,163,207,76,11,0,0,0,0,0,0,0,0,0,0,0,0,66,254,255,255,255,254,255,255,255,255,255,255,254,240,173,103,32,0,0,0,0,0,0,0,0,0,0,0,0,0,0,0,0,0,2,35,111,50,
80,98,136,183,214,234,226,206,153,60,0,0,0,0,0,0,0,0,0,0,0,0,124,255,255,255,255,255,255,255,255,255,255,255,255,247,253,254,254,216,147,79,17,0,0,0,0,0,0,0,0,0,0,0,0,0,0,0,23,107,
224,237,222,186,125,68,27,4,0,0,0,0,0,0,0,0,0,0,0,0,22,147,248,255,255,255,255,255,255,255,255,255,255,255,255,227,28,91,161,226,254,254,251,203,144,82,27,0,0,0,0,0,0,0,0,0,0,0,0,0,
74,48,13,1,0,0,0,0,0,0,0,0,0,0,0,0,0,0,16,131,243,254,255,255,255,255,255,255,255,255,255,255,255,255,255,254,89,0,0,0,40,101,164,223,254,254,254,222,170,113,17,0,0,0,0,0,0,0,0,0,
0,0,0,0,0,0,0,0,0,0,0,0,0,0,0,0,11,121,237,254,255,254,255,255,255,255,255,255,255,255,255,255,255,255,255,255,230,15,0,0,0,0,0,0,26,76,126,163,175,145,12,0,0,0,0,0,0,0,0,0,
0,0,0,0,0,0,0,0,0,0,0,0,0,0,11,115,233,254,255,253,164,145,254,255,255,255,255,255,255,255,255,255,255,255,255,255,255,136,0,0,0,0,0,0,0,0,0,0,0,0,0,0,0,0,0,0,0,0,0,0,
0,0,0,0,0,2,91,72,0,0,0,0,14,119,233,255,255,253,175,47,0,167,255,255,255,255,255,255,255,255,255,255,255,255,255,255,255,244,26,0,0,0,0,0,0,0,0,0,0,0,0,0,0,0,0,0,0,0,0,0,
0,0,0,0,0,45,235,111,6,0,21,128,237,255,255,253,175,50,0,0,1,229,255,255,255,255,255,255,255,255,255,255,255,255,255,255,255,255,162,0,0,0,0,0,0,0,0,0,0,0,0,0,0,0,0,0,0,0,0,0,
0,0,0,0,0,0,10,121,108,149,244,254,254,248,160,43,0,0,0,0,42,254,255,255,255,255,255,255,255,255,255,255,255,255,255,255,255,255,254,44,0,0,0,0,0,0,0,0,0,0,0,0,0,0,0,0,0,0,0,0,
0,0,0,0,0,3,91,203,253,255,255,230,131,25,0,0,0,0,0,0,110,255,255,255,255,255,255,255,255,255,255,255,255,255,255,255,255,255,254,103,0,20,0,0,0,0,0,0,0,0,0,0,0,0,0,0,0,0,0,0,
0,0,0,29,123,223,254,255,254,193,89,6,0,0,0,0,0,0,0,0,176,255,255,255,255,255,255,255,255,255,255,255,255,255,255,255,255,255,254,80,8,82,0,0,0,0,0,0,0,0,0,0,0,0,0,0,0,0,0,0,
