0,0,0,0,0,0,0,0,0,0,0,0,0,0,0,0,0,0,14,131,231,255,255,255,255,255,255,255,255,255,255,255,255,255,255,255,255,255,255,255,255,255,255,255,255,255,255,255,255,255,255,255,255,237,174,241,238,115,215,117,
0,0,0,0,0,0,0,0,0,0,0,0,0,0,0,0,0,0,52,156,238,255,255,255,255,255,255,255,255,255,255,255,255,255,255,255,255,255,255,255,255,255,255,255,255,255,255,255,255,255,255,255,255,211,173,254,223,189,95,71,
0,0,0,0,0,0,0,0,0,0,0,0,0,0,0,0,0,0,63,152,231,255,255,255,255,255,255,255,255,255,255,255,255,255,255,255,255,255,255,255,255,255,255,255,255,255,255,255,255,255,255,255,255,216,236,215,82,59,65,50,
0,0,0,0,0,0,0,0,0,0,0,0,0,0,0,0,0,0,48,138,223,255,255,255,255,255,255,255,255,255,255,255,255,255,255,255,255,255,255,255,255,255,255,255,255,255,255,255,255,255,255,251,255,254,254,102,37,50,63,77,
0,0,0,0,1,2,26,0,0,0,0,0,0,0,0,0,0,0,28,122,191,254,255,255,255,255,255,255,255,255,255,255,255,255,255,255,255,255,255,255,255,255,255,255,255,255,255,255,255,250,223,216,254,255,255,56,39,58,73,164,
0,0,3,2,1,0,0,0,2,21,0,0,0,0,0,0,0,0,22,119,182,246,255,255,255,255,255,255,255,255,255,255,255,255,255,255,255,255,255,255,255,255,255,255,255,255,255,255,255,255,220,209,230,255,254,42,45,94,210,226,
0,0,0,0,0,0,4,16,24,86,0,0,0,0,0,0,0,0,16,89,167,241,255,255,255,255,255,255,255,255,255,255,255,255,255,255,255,255,255,255,255,255,255,255,255,255,255,255,255,255,217,182,160,254,255,103,124,235,254,145,
0,0,0,0,0,0,7,12,2,0,0,0,0,0,0,0,2,2,19,82,160,225,255,255,255,255,255,255,255,255,255,255,255,255,255,255,255,255,255,255,255,255,255,255,255,255,255,255,255,254,192,219,148,226,255,248,238,250,106,1,
0,0,0,0,0,0,0,0,0,9,0,0,0,0,1,3,1,0,0,58,132,200,253,255,255,255,255,255,255,255,255,255,255,255,255,255,255,255,255,255,255,255,255,255,255,255,255,255,255,255,181,209,180,188,254,255,254,116,0,0,
0,0,0,0,0,0,3,6,8,32,0,0,0,0,0,0,0,0,0,29,105,176,234,255,255,255,255,255,255,255,255,255,255,255,255,255,255,255,255,255,255,255,255,255,255,255,255,255,255,255,253,242,235,214,251,255,254,161,5,16,
0,0,0,0,0,0,3,1,0,0,0,0,2,30,0,0,0,0,0,35,184,232,246,255,255,255,255,255,255,255,255,255,255,255,255,255,255,255,255,255,255,255,255,255,255,255,255,255,255,255,255,255,255,248,202,254,255,255,168,12,
0,0,0,0,0,0,0,0,0,4,6,5,2,3,0,0,0,11,101,222,254,255,255,255,255,255,255,255,255,255,255,255,255,255,255,255,255,254,255,255,255,255,255,255,255,255,255,255,255,255,255,255,255,255,247,254,255,255,255,163,
0,0,0,0,0,0,0,0,0,0,0,0,0,0,0,0,0,54,146,232,255,255,255,255,255,255,255,255,255,255,255,255,255,255,255,255,255,255,255,255,255,255,255,255,255,255,255,255,255,255,255,255,255,255,255,255,255,255,255,227,
0,0,0,0,0,0,0,0,0,0,0,0,0,0,0,0,0,55,155,236,255,255,255,255,255,255,255,255,255,255,255,255,255,255,255,255,255,255,255,255,255,255,255,255,255,255,255,255,255,255,255,255,255,255,255,255,255,255,255,228,
0,0,0,0,0,0,0,0,0,0,0,0,0,0,0,0,0,59,152,228,255,255,255,255,255,255,255,255,255,255,255,255,255,255,255,255,255,255,255,255,255,255,255,255,255,255,255,255,255,255,255,255,255,255,255,255,255,255,255,228,
0,0,0,0,0,0,0,4,7,0,0,0,0,0,0,0,0,42,127,194,247,255,255,255,255,255,255,255,255,255,255,255,255,255,255,255,255,255,255,255,255,255,255,255,255,255,255,255,255,255,255,255,255,255,255,255,255,255,255,228,
0,0,0,0,0,0,0,0,0,0,0,0,0,0,0,0,0,10,72,137,193,248,255,255,255,255,255,255,255,255,255,255,255,255,255,255,255,255,255,255,255,255,255,255,255,255,255,255,255,255,255,255,255,255,255,255,255,255,255,228,
0,0,0,0,0,0,0,0,0,0,0,0,0,0,0,0,0,0,9,73,154,228,255,255,255,255,255,255,255,255,255,255,255,255,255,255,255,255,255,255,255,255,255,255,255,255,255,255,255,255,255,255,255,255,255,255,255,255,255,228,
0,0,0,0,0,0,0,0,0,0,0,0,0,0,0,0,0,0,21,91,158,224,255,255,255,255,255,255,255,255,255,255,255,255,255,255,255,255,255,255,255,255,255,255,255,255,255,255,255,255,255,255,255,255,255,255,255,255,255,228,
0,0,0,0,0,0,0,0,0,0,0,0,0,0,0,0,0,0,27,84,144,205,254,255,255,255,255,255,255,255,255,255,255,255,255,255,255,255,255,255,255,255,255,255,255,255,255,255,255,255,255,255,255,255,255,255,255,255,255,228,
0,0,0,0,0,0,0,0,0,0,0,0,0,0,0,0,0,0,31,103,177,244,255,255,255,255,255,255,255,255,255,255,255,255,255,255,255,255,255,255,255,255,255,255,255,255,255,255,255,254,255,255,255,255,255,255,255,255,255,227,
0,0,0,0,0,0,0,0,0,0,0,0,0,0,0,0,0,17,84,148,200,252,255,255,255,255,255,255,255,255,255,255,255,254,255,255,255,255,255,255,255,255,255,255,255,255,255,255,255,254,255,255,255,255,255,255,255,255,255,219,
0,0,0,0,0,0,0,0,0,0,0,0,0,0,0,0,0,19,77,134,184,240,255,255,255,255,255,255,255,255,255,255,255,255,255,255,255,255,255,255,255,255,255,255,255,255,255,255,255,255,255,255,255,255,255,255,255,255,252,206,
0,0,0,0,0,0,0,0,0,0,0,0,0,0,0,0,0,4,54,110,175,242,255,255,255,255,255,255,255,255,255,255,255,255,255,255,255,255,255,255,255,255,255,255,255,255,255,254,255,255,254,255,255,255,255,254,230,243,255,227,
0,0,0,0,0,0,0,0,0,0,0,0,0,0,0,0,0,0,21,104,179,251,255,255,255,255,255,255,255,255,255,255,255,255,255,255,255,255,255,255,255,255,255,255,255,255,255,255,255,255,255,255,255,254,175,167,174,209,245,227,
0,0,0,0,0,0,0,0,0,0,0,0,0,0,0,0,0,0,19,90,142,179,205,232,254,255,255,255,255,255,255,255,255,255,255,255,255,255,255,255,255,255,255,255,255,255,255,255,255,255,255,255,255,254,114,108,143,183,232,227,
0,0,0,0,0,0,0,0,0,0,0,0,0,0,0,0,0,0,0,6,47,100,149,196,244,255,255,255,255,255,255,255,255,255,255,255,254,255,255,255,255,255,255,255,255,255,255,255,255,255,255,254,201,225,254,249,222,223,254,227,
0,0,0,0,0,0,0,0,0,0,0,0,0,0,0,0,0,0,0,0,16,69,120,166,212,254,255,255,255,255,255,255,255,255,255,255,254,255,255,254,255,255,255,255,255,255,255,255,255,255,255,221,116,122,181,223,235,249,255,228,
0,0,0,0,0,0,0,0,0,0,0,0,0,0,0,0,0,0,0,0,0,35,87,139,186,231,255,255,255,255,255,255,255,255,255,255,255,255,254,254,254,254,255,255,255,255,255,255,255,255,252,74,60,84,114,145,184,229,255,228,
0,0,0,0,0,0,0,0,0,0,0,0,0,0,0,0,0,0,0,0,0,6,52,104,152,195,231,248,254,255,255,255,255,255,255,255,255,255,255,255,255,255,255,255,255,255,254,254,254,254,151,0,0,35,91,143,190,240,255,227,
0,0,0,0,0,0,0,0,0,0,0,0,0,0,0,0,0,0,0,0,0,0,11,45,91,104,131,152,157,194,239,253,255,255,255,255,255,255,255,255,255,255,255,255,255,255,250,72,35,38,4,0,0,42,100,150,194,240,255,227,
0,0,0,0,0,0,0,0,0,0,0,0,0,0,0,0,0,0,0,0,0,0,0,0,0,6,13,3,4,33,120,222,255,255,255,255,255,255,255,255,254,201,204,247,255,255,254,11,0,0,0,0,0,44,100,149,193,239,255,227,
0,0,0,0,0,0,0,0,0,0,0,1,0,0,7,0,0,0,0,0,0,0,0,0,0,0,0,18,146,113,116,155,191,243,255,255,255,255,255,249,255,172,197,254,224,163,101,0,0,0,0,0,0,46,100,149,194,242,255,227,
0,0,0,0,0,0,0,0,0,0,0,0,0,0,0,1,13,0,0,0,0,0,0,0,0,0,0,0,4,28,82,122,177,238,255,255,255,255,255,245,249,215,244,163,0,0,0,0,0,0,0,0,1,55,111,161,217,254,255,227,
0,0,5,22,16,0,0,0,0,0,0,0,0,2,2,1,0,0,0,0,0,0,0,0,0,0,0,0,0,20,76,132,186,248,255,255,255,255,255,255,255,252,235,23,0,0,0,0,0,0,0,0,24,88,144,196,250,255,255,228,
0,8,4,0,0,0,0,0,0,0,0,0,0,0,0,0,0,0,0,0,0,0,0,0,0,0,0,0,0,31,87,141,198,254,255,255,255,255,255,255,255,255,126,0,0,0,0,0,0,0,0,6,64,122,171,224,255,255,255,228,
0,0,0,0,0,0,0,0,0,0,0,0,0,0,0,0,0,0,0,0,0,0,0,0,0,0,0,0,0,38,95,151,212,254,254,255,255,255,255,255,255,250,244,90,0,0,0,0,0,0,0,29,86,141,187,232,255,255,255,227,
0,0,0,0,0,0,0,0,0,0,0,0,0,0,0,0,0,0,0,0,0,0,0,0,0,0,0,0,0,49,112,161,219,254,255,255,255,255,255,255,254,164,218,253,141,4,0,0,0,0,0,34,87,141,184,234,255,255,255,227,
0,0,0,0,0,0,0,0,0,0,0,0,0,0,0,0,0,0,0,0,0,0,0,0,0,0,0,0,5,60,117,169,228,255,255,255,255,255,255,255,255,53,101,191,248,199,42,0,0,0,0,38,91,142,189,239,255,255,255,227,
0,0,0,0,0,0,0,0,0,0,0,0,0,0,0,0,0,0,0,0,0,0,0,0,0,0,0,0,14,67,127,177,238,255,255,254,255,255,255,255,254,60,3,39,125,219,196,0,1,3,1,58,99,152,197,247,255,255,255,227,
0,0,0,0,0,0,0,0,0,0,0,0,0,0,0,0,0,0,0,0,0,0,0,0,0,0,0,0,26,81,137,189,251,255,255,255,255,255,255,255,255,102,0,0,0,4,1,1,0,0,0,56,107,154,203,253,255,255,255,227,
0,0,0,0,0,0,0,0,0,0,0,0,0,0,0,0,0,0,0,0,0,0,0,0,0,0,0,0,38,96,152,212,254,255,255,255,255,255,255,255,255,147,0,0,0,0,0,0,0,0,6,63,113,159,207,253,255,255,255,227,
0,0,0,0,0,0,0,0,0,0,0,0,0,0,0,0,0,0,0,0,0,0,0,0,0,0,0,5,57,114,170,232,255,255,255,255,255,255,255,255,255,205,0,0,0,0,0,0,0,0,12,69,119,166,214,254,255,255,255,227,
0,0,0,0,0,0,0,0,0,0,0,0,0,0,0,0,0,0,0,0,0,0,0,0,0,0,0,21,76,131,187,249,255,255,255,255,255,255,255,255,255,251,11,0,0,0,0,0,0,0,18,71,120,166,213,255,255,255,255,227,
0,0,0,0,0,0,0,0,0,0,0,0,0,0,0,0,0,0,0,0,0,0,0,0,0,0,0,39,96,153,214,254,255,255,255,255,255,255,255,255,255,255,72,0,0,0,0,0,0,0,13,66,117,161,208,254,255,255,255,227,
