0,28,15,0,0,0,0,0,0,0,0,0,0,0,0,0,0,0,49,245,255,255,255,255,255,255,255,255,255,255,255,255,255,255,135,0,0,0,0,0,0,0,0,0,0,0,0,0,0,0,0,0,0,0,0,0,0,0,0,0,
0,0,5,0,0,0,0,0,0,0,0,0,0,4,9,0,1,46,241,255,255,255,255,255,255,255,255,255,255,255,255,255,255,255,123,0,0,0,0,0,0,0,0,0,9,5,0,0,0,0,0,0,0,0,0,0,0,0,0,0,
0,0,0,0,0,3,11,0,0,9,0,0,0,4,9,0,29,216,255,255,255,255,255,255,255,255,255,255,255,255,255,255,255,255,147,22,19,0,0,8,37,0,29,13,44,18,0,0,20,1,0,0,0,0,0,5,0,0,0,0,
0,0,0,0,0,0,1,0,0,3,0,0,0,0,0,78,248,255,255,255,255,255,255,255,255,255,255,255,255,255,255,255,255,255,255,185,4,0,5,61,5,0,17,88,71,7,0,44,16,39,13,24,5,0,0,19,3,0,0,0,
0,0,0,0,0,10,0,0,0,0,0,4,9,0,18,233,255,255,255,255,255,255,255,255,255,255,255,255,255,255,255,255,255,255,255,244,16,2,57,43,5,7,11,131,29,42,49,78,48,56,64,11,0,0,1,21,2,0,0,0,
0,0,0,0,0,14,0,0,0,0,0,0,0,0,131,254,255,255,255,255,255,255,255,255,255,255,255,255,255,255,255,255,255,255,255,254,71,28,123,43,26,4,51,93,35,142,81,40,115,47,2,0,0,0,2,2,0,0,0,0,
0,0,0,0,0,0,0,0,0,0,0,0,0,0,177,255,255,255,255,255,255,255,255,255,255,255,255,255,255,255,255,255,255,255,255,251,159,110,27,5,0,9,125,65,154,161,84,112,63,3,0,0,0,0,0,0,0,0,0,0,
0,0,0,0,0,0,0,0,0,0,0,0,0,13,217,255,255,255,255,255,255,255,255,255,255,255,255,255,255,255,255,255,255,255,255,222,235,65,3,1,0,8,174,172,112,43,23,9,28,12,30,22,0,0,0,0,0,0,9,4,
0,0,0,0,0,0,0,0,0,0,0,0,0,53,254,255,255,255,255,255,255,255,255,255,255,255,255,255,255,255,255,255,255,255,254,159,244,33,0,50,0,65,152,34,15,16,16,29,67,77,85,9,39,31,1,0,0,3,7,1,
0,38,2,0,0,0,0,0,0,0,0,0,0,111,255,255,255,255,255,255,255,255,255,255,255,255,255,255,255,255,255,255,255,255,244,118,195,82,33,28,19,129,42,55,65,30,60,38,187,130,135,122,81,25,0,0,0,0,1,6,
0,17,2,4,3,1,0,0,0,0,0,0,101,253,255,255,255,255,255,255,255,255,255,255,255,255,255,255,255,255,255,255,255,255,230,220,99,143,101,107,167,38,112,26,3,1,34,109,194,138,132,95,56,16,6,1,0,0,6,26,
0,1,0,0,1,3,7,6,3,0,0,9,208,255,255,255,255,255,255,255,255,255,255,255,255,255,255,255,255,255,255,255,255,255,236,229,122,200,231,230,155,114,16,0,0,0,31,189,198,55,104,59,68,7,2,9,0,0,17,49,
0,0,0,0,0,0,2,3,7,0,21,174,254,255,255,255,255,255,255,255,255,255,255,255,255,255,255,255,255,255,255,255,255,219,241,160,168,229,244,144,126,44,1,0,0,0,66,208,94,88,154,141,54,0,14,32,15,0,109,80,
0,1,0,0,0,0,0,0,1,22,223,254,255,255,255,255,255,255,255,255,255,255,255,255,255,255,255,255,255,255,255,255,252,201,221,66,73,245,110,73,82,3,0,0,0,39,179,85,15,3,106,185,71,0,26,63,10,89,116,42,
2,13,0,0,0,0,0,6,30,132,255,255,255,255,255,255,255,255,255,255,255,255,255,255,255,255,255,255,255,255,255,254,203,245,231,160,241,113,37,89,127,32,8,80,148,181,129,162,95,109,96,191,91,32,58,34,51,161,68,41,
0,0,0,1,0,0,0,0,2,181,255,255,255,255,255,255,255,255,255,255,255,255,255,255,255,255,255,255,255,255,255,154,13,191,254,254,143,1,3,149,99,118,199,140,104,74,46,31,70,131,63,149,145,116,109,58,147,78,39,6,
0,0,1,27,4,2,13,0,77,254,255,255,255,255,255,255,255,255,255,255,255,255,255,255,255,255,255,255,255,255,255,159,0,183,255,254,34,0,14,196,189,187,35,0,0,0,0,0,5,55,148,195,194,132,132,94,130,112,52,148,
0,0,0,0,0,0,14,0,63,255,255,255,255,255,255,255,255,255,255,255,255,255,255,255,255,255,255,255,255,255,254,154,27,150,255,229,0,11,146,212,103,2,0,0,0,0,0,0,0,28,179,225,205,129,171,199,157,107,122,132,
0,0,0,0,0,0,0,0,3,210,254,255,255,255,255,255,255,255,255,255,255,255,255,255,255,255,255,255,255,255,254,148,40,186,255,253,116,232,183,12,1,0,0,0,0,0,59,22,36,144,67,156,218,139,228,212,188,124,130,76,
0,0,0,0,0,0,0,0,0,158,253,255,255,255,255,255,255,255,255,255,255,255,255,255,255,255,255,255,255,255,255,255,173,163,243,255,254,123,2,0,0,0,0,18,133,199,229,201,181,215,216,171,235,206,231,196,122,193,132,102,
0,0,0,0,0,0,0,9,143,228,254,255,255,255,255,255,255,255,255,255,255,255,255,255,255,255,255,255,255,255,255,255,254,228,245,255,254,81,0,8,31,24,135,169,50,90,170,108,130,198,126,220,241,239,235,205,143,76,69,113,
0,0,0,0,0,0,16,195,254,255,255,255,255,255,255,255,255,255,255,255,255,255,255,255,255,255,255,255,255,255,255,255,255,255,255,255,255,236,36,72,204,235,186,152,120,151,110,159,163,182,211,229,243,159,66,10,0,0,4,0,
0,0,0,0,0,59,215,255,255,255,255,255,255,255,255,255,255,255,255,255,255,255,255,255,255,255,255,255,255,255,255,255,255,255,248,254,255,255,220,240,162,70,77,5,1,6,28,189,103,234,254,171,23,0,0,0,0,0,0,0,
0,0,0,0,0,120,254,255,255,255,255,255,255,255,255,255,255,255,255,255,255,255,255,255,255,255,255,255,255,255,255,255,255,255,246,239,255,255,255,154,63,108,85,0,0,1,115,227,247,212,47,0,0,0,0,0,0,0,1,5,
0,0,0,0,0,163,254,255,255,255,255,255,255,255,255,255,255,255,255,255,255,255,255,255,255,255,255,255,255,255,255,255,255,255,254,238,250,255,255,125,99,151,166,0,31,178,254,255,254,235,16,0,0,0,5,10,0,0,0,0,
0,0,0,0,104,254,255,255,255,255,255,255,255,255,255,255,255,255,255,255,255,255,255,254,255,255,255,255,255,255,255,255,255,255,255,231,224,253,255,231,56,35,206,139,221,231,255,255,255,254,106,0,0,0,0,0,0,0,0,0,
0,0,0,0,120,254,255,255,255,255,255,255,255,255,255,255,255,255,255,255,255,255,255,255,255,255,255,255,255,255,255,255,255,255,255,252,109,244,255,254,59,144,247,126,20,203,254,255,255,254,68,0,0,0,0,0,0,0,0,0,
0,0,0,0,97,253,255,255,255,255,255,255,255,255,255,255,255,255,255,255,255,255,255,255,255,255,255,255,255,255,255,255,255,255,255,255,220,241,255,254,243,126,187,46,154,254,252,255,255,251,63,0,0,0,0,0,0,0,0,0,
0,0,0,0,1,123,255,255,255,255,255,255,255,255,255,255,255,255,255,255,255,255,255,255,255,255,255,255,255,255,255,255,255,255,255,255,165,211,255,255,179,94,210,205,252,255,251,253,255,193,0,0,0,0,0,0,0,0,0,0,
0,0,0,0,0,55,254,255,255,255,255,255,255,255,255,255,255,255,255,255,255,255,255,255,255,255,255,255,255,255,255,255,255,255,248,172,254,251,255,255,209,125,220,142,88,196,136,253,255,254,59,0,0,0,0,0,0,0,0,0,
0,0,0,0,0,1,224,255,255,255,255,254,254,255,254,255,255,255,255,255,255,255,255,255,255,255,255,255,255,255,255,255,255,255,85,28,231,255,255,255,246,239,41,28,25,5,139,254,255,255,195,1,2,0,0,0,0,0,0,0,
0,0,0,0,0,0,117,255,255,255,255,255,255,255,255,255,255,255,255,255,254,255,255,255,255,255,255,255,255,255,255,255,255,245,34,1,139,254,255,254,182,148,186,172,155,118,173,255,255,254,254,149,8,0,0,0,0,0,0,0,
0,0,0,0,0,0,10,200,254,255,255,255,255,255,255,255,255,255,255,255,255,255,255,255,255,255,255,255,255,255,255,254,235,224,167,93,135,254,255,220,4,18,134,136,55,30,123,254,254,240,206,254,29,0,0,0,0,0,4,32,
0,0,0,0,0,0,0,15,200,255,254,255,255,255,255,255,255,255,255,255,255,255,255,255,255,255,255,255,255,255,254,117,3,57,152,225,253,255,254,142,0,2,23,119,108,22,53,248,255,255,254,199,1,0,0,0,0,0,0,0,
0,0,0,0,0,0,0,0,21,112,182,231,239,239,254,255,254,255,254,255,255,255,255,255,255,255,255,255,255,255,237,13,0,0,0,35,240,255,255,61,0,0,2,25,14,5,32,242,255,255,255,159,0,0,0,0,0,0,0,0,
0,0,0,2,0,0,0,0,0,0,0,1,4,23,165,253,254,254,253,173,130,169,238,254,254,227,182,118,113,141,66,0,0,0,0,63,253,255,254,26,0,0,0,0,0,0,36,247,255,255,254,141,0,0,0,0,0,0,0,0,
0,0,1,1,0,0,0,0,0,0,0,0,0,0,3,86,50,63,69,0,0,0,7,66,71,7,0,0,0,0,0,0,0,0,0,81,254,255,255,39,0,0,0,0,0,0,66,254,255,255,194,202,28,4,0,0,0,0,0,0,
0,0,0,0,0,0,0,0,0,0,2,1,0,0,0,0,0,0,0,0,0,0,0,0,0,0,0,0,0,0,0,0,0,0,0,111,254,255,255,65,0,0,0,0,0,0,120,255,255,255,224,91,233,61,0,0,0,0,0,0,
0,0,0,0,0,0,22,6,1,0,0,0,0,0,0,0,0,0,0,0,0,0,0,0,0,0,0,0,0,0,0,0,0,0,15,214,255,255,255,124,0,0,0,0,0,1,196,255,255,255,254,35,170,95,0,0,0,0,0,0,
0,0,0,0,0,0,0,0,0,0,0,0,0,0,0,0,0,0,0,0,0,0,0,0,0,0,0,0,0,0,0,0,0,0,129,255,255,255,255,145,0,0,0,0,0,17,237,255,255,255,254,108,35,3,0,0,0,0,0,0,
0,0,0,0,0,0,0,0,0,0,0,0,0,0,0,0,0,0,0,0,0,0,0,0,0,0,0,0,0,0,0,0,0,0,186,255,255,255,255,162,0,0,0,0,0,33,249,255,255,255,255,184,0,0,0,0,0,0,0,0,
0,0,0,0,0,0,0,0,0,0,0,0,0,0,0,0,0,0,0,0,0,0,0,0,0,0,0,0,0,0,0,0,0,0,200,255,255,255,255,162,0,0,0,0,0,70,254,254,255,255,255,252,27,0,0,0,0,0,0,0,
0,0,0,0,0,0,0,0,0,0,0,0,0,0,0,0,0,0,0,0,0,0,0,0,0,0,0,0,0,0,0,0,0,15,226,255,255,255,255,126,0,0,0,0,0,33,140,197,255,208,157,226,48,0,0,0,0,0,0,0,
0,0,0,0,0,1,6,0,0,0,0,0,0,0,0,0,0,0,0,0,0,0,0,0,0,0,0,0,0,0,22,2,0,35,243,255,255,255,255,60,0,0,0,0,0,0,0,145,255,224,0,9,0,0,0,0,0,0,0,0,
0,0,0,0,0,0,0,0,0,0,0,0,0,0,0,0,0,0,0,0,0,0,0,0,0,0,0,0,0,0,2,0,0,64,254,255,255,255,254,52,0,0,0,0,0,0,0,72,246,254,31,0,0,0,0,0,0,0,0,0,
