12,0,0,0,0,0,0,0,0,0,0,0,0,0,0,0,0,0,0,0,0,0,0,0,0,0,0,0,0,0,1,16,18,0,0,0,0,0,0,0,0,0,0,0,0,0,0,0,0,0,0,0,0,0,0,0,0,0,0,0,
12,0,0,0,0,0,0,0,0,0,0,0,0,0,0,0,0,0,0,0,0,0,0,0,0,0,0,0,0,0,0,0,0,0,0,0,0,0,0,0,0,0,0,0,0,0,0,0,0,0,0,6,0,0,0,0,0,0,0,0,
0,0,0,0,0,8,1,0,0,0,0,0,12,16,8,0,0,0,0,0,0,0,0,0,0,0,0,0,0,0,0,0,0,0,0,5,55,41,0,0,0,0,0,0,0,0,0,0,0,0,0,19,0,0,0,0,0,0,0,0,
0,0,0,0,0,0,0,0,0,0,0,0,0,3,5,0,0,0,0,16,0,0,0,0,0,0,0,0,19,4,0,0,0,0,0,0,10,26,0,0,0,0,0,0,0,0,0,0,0,0,0,0,0,0,0,0,0,0,0,0,
0,0,0,0,0,0,0,0,4,0,0,0,0,0,0,0,0,0,0,29,9,0,0,0,0,8,8,68,131,42,0,0,0,0,0,0,0,0,0,0,0,0,0,0,0,0,0,0,0,0,0,0,0,0,0,0,0,0,0,0,
0,0,0,0,0,0,0,0,35,21,0,0,0,0,0,0,0,0,0,0,0,0,0,175,237,254,251,255,254,254,199,23,0,0,0,0,0,0,0,0,0,0,0,0,0,0,0,0,0,0,0,0,0,0,0,0,0,0,0,0,
0,0,0,0,0,0,0,0,0,0,0,0,0,0,0,0,0,0,0,0,0,0,57,255,255,255,255,255,255,255,255,159,39,48,0,0,0,0,0,0,0,0,0,0,5,6,0,0,0,0,0,0,0,0,0,0,0,0,0,0,
0,0,0,0,0,0,0,0,0,0,0,15,5,0,0,0,1,0,0,0,0,0,165,255,255,255,255,255,255,255,255,254,254,176,0,0,0,5,0,0,0,0,0,0,0,0,0,0,0,0,0,0,0,8,0,0,0,0,0,0,
0,0,0,0,0,0,0,0,0,0,0,6,14,10,0,0,18,0,0,0,0,158,255,255,255,255,255,255,255,255,255,255,255,159,3,7,0,37,2,0,0,0,0,0,0,0,0,0,0,0,0,0,0,0,0,0,0,0,0,0,
0,0,0,0,75,26,0,0,0,0,0,0,2,13,0,0,0,0,0,0,63,254,255,255,255,255,255,255,255,255,255,255,255,234,59,0,0,3,33,0,1,7,10,10,0,0,0,0,0,0,0,0,0,0,3,3,0,0,0,0,
0,0,0,0,10,18,3,0,0,0,9,0,0,0,0,0,0,0,0,0,116,255,255,255,255,255,255,255,255,255,255,255,255,255,125,0,36,70,2,0,0,35,58,11,8,20,0,0,0,0,0,0,0,0,1,0,0,0,0,0,
0,0,0,0,0,0,0,0,0,0,0,0,0,0,0,0,1,0,0,43,173,255,255,255,255,255,255,255,255,255,255,255,255,255,176,53,77,74,23,4,0,101,122,0,95,57,14,44,8,0,0,0,0,0,0,0,0,0,0,0,
0,0,0,0,0,0,0,0,0,0,0,0,0,0,0,0,0,0,101,221,255,255,255,255,255,255,255,255,255,255,255,255,255,255,204,111,73,7,0,0,31,114,80,109,36,98,72,8,0,0,0,8,0,0,0,0,0,0,0,0,
0,0,0,0,0,54,75,21,0,0,0,0,0,0,0,34,101,108,254,255,255,255,255,255,255,255,255,255,255,255,255,255,255,203,144,153,6,0,0,0,104,147,170,95,81,48,4,0,0,0,0,24,0,0,0,0,0,0,0,0,
0,0,0,0,0,0,3,7,0,0,0,0,0,0,43,241,255,255,255,255,255,255,255,255,255,255,255,255,255,255,255,255,255,126,181,122,15,2,14,22,179,47,11,9,24,39,64,13,14,0,0,0,0,0,0,0,0,0,0,0,
0,0,0,0,0,0,0,0,0,0,0,0,0,85,244,255,255,255,255,255,255,255,255,255,255,255,255,255,255,255,255,255,252,188,231,78,89,49,54,130,81,75,35,58,117,138,106,82,38,0,0,0,0,0,0,0,0,0,0,0,
0,0,0,0,0,0,0,0,0,0,0,8,175,250,255,255,255,255,255,255,255,255,255,255,255,255,255,255,255,255,255,255,225,229,194,194,143,180,170,83,65,2,0,63,175,102,74,57,41,8,0,0,1,12,1,0,0,0,0,0,
0,0,0,0,0,0,0,0,0,0,0,162,255,255,255,255,255,255,255,255,255,255,255,255,255,255,255,255,255,255,255,254,214,246,162,210,209,140,158,63,0,0,0,112,203,68,43,24,38,47,0,0,0,1,12,0,0,0,0,0,
0,0,0,0,0,0,0,4,0,0,5,228,255,255,255,255,255,255,255,255,255,255,255,255,255,255,255,255,255,255,255,253,244,200,133,164,170,68,71,0,0,0,39,158,12,12,56,38,67,60,0,0,0,0,47,29,21,2,9,0,
0,0,0,0,0,0,0,0,0,0,2,246,255,255,255,255,255,255,255,255,255,255,255,255,255,255,255,255,255,255,255,202,130,251,134,220,20,60,121,31,89,135,160,164,109,23,54,30,128,55,5,29,42,104,76,34,67,42,7,0,
0,0,0,0,0,0,0,0,0,0,3,250,255,255,255,255,255,255,255,255,255,255,255,255,255,255,255,255,255,255,255,237,125,244,248,39,0,115,132,194,97,52,41,31,24,106,97,83,156,96,78,41,85,80,76,131,103,1,0,0,
0,30,9,0,0,22,0,0,0,0,13,251,255,255,255,255,255,255,255,255,255,255,255,255,255,255,255,255,255,255,255,254,221,254,187,28,50,220,156,21,0,0,0,0,0,13,134,185,183,139,79,53,162,88,180,85,17,0,36,21,
0,0,0,0,0,0,0,0,0,0,31,228,255,255,255,255,255,255,255,255,255,255,255,255,255,255,255,255,255,255,255,255,253,254,219,167,220,49,5,0,0,12,1,0,56,114,83,125,222,48,143,174,143,188,99,52,77,57,7,0,
0,0,0,0,0,0,0,0,0,77,232,255,255,255,255,255,255,255,255,255,255,255,255,255,255,255,255,255,255,255,255,255,255,255,255,186,30,0,0,80,91,155,179,163,131,159,113,71,148,79,190,218,137,68,69,122,38,9,3,0,
0,0,0,0,0,0,0,8,137,253,255,255,255,255,255,255,255,255,255,255,255,255,255,255,255,255,255,255,255,255,255,255,255,255,255,205,2,16,98,180,112,50,155,102,60,95,77,70,163,215,228,178,128,135,136,39,17,3,0,0,
0,0,0,0,0,0,0,20,254,255,255,255,255,255,255,255,255,255,255,255,255,255,255,255,255,255,255,255,255,255,255,255,255,255,255,254,142,204,168,114,104,76,34,93,110,68,178,179,250,183,85,15,8,8,92,43,19,4,0,0,
0,0,0,0,0,0,0,105,254,255,255,255,255,255,255,255,255,255,255,255,255,255,255,255,255,255,255,255,255,255,255,255,255,255,255,255,254,111,29,66,48,62,0,126,115,199,216,190,41,0,0,0,0,0,13,0,0,0,0,0,
0,0,0,0,0,0,0,220,255,255,255,255,255,255,255,255,255,255,255,255,255,255,255,255,255,255,255,255,255,255,255,255,255,255,255,255,250,85,36,110,39,22,160,186,218,180,39,0,0,0,0,3,8,0,0,0,0,0,0,0,
0,0,0,0,0,0,57,254,255,255,255,255,255,255,255,255,255,255,255,255,255,255,255,255,255,255,255,255,255,255,255,255,255,255,255,255,255,106,0,63,183,192,73,122,128,2,0,17,26,3,0,11,15,0,0,0,0,7,33,0,
0,0,0,0,0,0,1,185,255,255,255,255,255,255,255,255,255,255,255,255,255,255,255,255,255,255,255,255,255,255,255,255,255,255,255,255,255,191,160,200,160,4,136,109,0,0,19,230,246,28,94,231,207,12,0,0,0,0,4,0,
2,4,0,62,94,9,0,92,254,255,255,255,255,255,255,255,255,255,255,255,255,255,255,255,255,255,255,255,255,255,255,255,255,255,255,253,255,242,75,83,106,159,154,0,0,0,47,252,254,49,187,255,254,99,0,0,0,0,0,0,
8,7,61,235,254,159,0,65,254,255,255,255,255,255,255,255,255,255,255,255,255,255,255,255,255,255,255,255,255,255,255,255,255,255,255,254,255,231,74,159,224,118,5,0,15,0,121,231,104,8,13,184,254,78,0,20,0,0,0,0,
0,0,18,224,255,168,0,0,203,255,255,255,255,255,255,255,255,255,255,255,255,255,255,255,255,255,255,255,255,255,255,255,255,255,240,255,255,211,173,126,21,105,22,0,0,17,54,20,0,0,0,175,255,158,0,0,0,0,0,0,
0,0,15,188,238,148,3,0,65,242,255,255,255,255,255,255,255,255,255,255,255,255,255,255,255,255,255,255,255,255,255,254,191,154,94,252,255,232,208,114,100,58,9,0,8,0,10,0,0,0,3,226,255,254,70,2,0,0,0,0,
0,0,110,254,252,13,0,0,0,38,229,255,255,255,255,255,254,255,255,255,255,255,255,255,255,255,255,255,255,255,215,98,164,224,171,255,255,88,92,110,12,16,20,11,9,8,1,0,0,0,4,222,255,254,225,43,0,0,0,0,
0,1,184,255,242,79,0,0,0,0,19,105,163,208,252,255,254,255,255,255,255,255,255,255,255,255,255,255,255,253,65,0,0,17,178,255,245,11,1,106,42,1,0,0,0,0,0,0,0,0,0,173,255,213,163,11,4,0,0,0,
44,199,255,254,244,84,0,5,0,0,0,0,0,0,53,217,249,237,243,123,112,97,154,238,254,201,133,110,135,98,0,0,0,0,186,255,211,0,0,0,0,0,0,0,0,0,0,0,0,0,1,206,255,248,163,8,0,0,0,0,
163,247,255,255,212,12,0,0,0,0,0,0,0,0,0,14,9,11,20,0,0,0,0,6,28,0,0,0,0,0,0,0,0,0,205,255,221,0,0,0,0,0,0,0,0,0,0,0,0,0,32,244,255,253,72,197,50,0,0,0,
71,155,255,255,110,0,0,0,0,0,0,0,0,0,0,0,0,0,0,0,0,0,3,0,0,0,0,0,0,0,0,0,0,13,244,255,250,12,0,0,0,0,0,0,0,0,0,0,0,0,110,254,255,255,106,15,37,0,0,0,
1,214,255,254,66,0,0,0,0,0,0,0,0,0,0,0,0,0,0,0,0,0,11,1,0,0,0,0,0,0,0,0,0,141,255,255,254,52,0,0,0,0,0,0,0,0,0,0,0,0,132,254,255,255,208,0,0,0,0,0,
4,216,255,252,14,0,0,0,0,0,0,0,0,0,0,0,0,0,0,0,0,0,0,0,0,0,0,0,0,0,0,0,0,230,255,255,255,67,0,0,0,0,0,0,0,0,0,0,0,0,36,161,255,227,189,5,0,0,0,0,
7,246,255,242,0,0,0,0,0,0,0,0,0,0,0,0,0,0,0,0,0,0,0,0,0,0,0,0,0,0,0,0,0,244,255,255,255,80,0,0,0,0,0,0,0,0,0,0,0,0,0,24,247,185,0,0,0,0,0,0,
55,255,255,251,40,0,0,0,0,0,0,0,0,0,0,0,0,0,0,0,0,0,0,0,0,0,0,0,0,0,0,0,22,254,255,255,254,51,0,0,0,0,0,0,0,0,0,0,0,0,0,2,229,250,9,0,0,0,0,0,
82,254,255,255,228,16,0,0,1,0,0,0,0,0,0,0,0,0,0,0,0,0,0,0,0,0,0,0,0,0,0,0,58,255,255,255,246,4,0,0,0,0,0,0,0,0,0,0,0,0,0,0,205,249,27,0,0,0,0,0,
87,223,243,253,71,0,0,0,0,0,0,0,0,0,0,0,0,0,0,0,0,0,0,0,0,0,0,0,0,0,0,0,93,255,255,255,253,18,0,0,0,0,0,0,0,0,0,0,0,0,0,0,208,239,117,14,0,0,0,0,
