0,0,0,0,0,0,0,0,0,0,0,0,0,0,0,0,0,0,0,0,0,0,0,0,0,43,82,14,0,0,0,0,0,15,0,0,0,0,0,0,0,0,0,0,0,0,0,0,0,0,0,0,0,0,0,0,0,0,0,0,
0,0,0,0,0,0,0,0,0,0,0,1,0,0,0,0,0,35,2,0,0,0,0,0,0,109,97,0,0,0,0,0,0,8,0,0,0,0,0,0,0,0,0,0,0,0,0,0,0,0,0,0,0,0,0,0,0,0,0,0,
0,0,0,0,0,0,0,0,0,0,0,17,3,0,0,0,0,27,0,0,0,0,0,0,0,0,0,0,0,0,0,0,0,0,0,0,0,0,0,0,0,0,0,0,0,0,0,0,0,0,0,0,0,0,0,16,6,0,0,0,
0,0,0,0,0,0,0,0,0,0,3,2,0,0,0,0,0,0,13,5,0,0,0,0,0,0,0,0,0,0,0,0,0,0,0,0,0,0,0,0,0,0,0,0,0,0,0,0,0,0,0,0,0,0,0,17,0,0,0,0,
0,0,0,0,0,0,0,0,0,0,2,3,0,0,0,3,0,11,10,3,0,0,0,0,10,29,38,29,23,74,68,1,0,0,0,0,0,0,0,0,0,0,0,0,31,0,0,0,0,0,0,0,0,0,0,0,0,0,0,0,
0,0,0,0,0,0,0,0,0,0,0,0,0,0,0,0,0,3,0,0,0,0,0,9,194,254,254,252,252,254,254,219,115,0,0,0,0,0,0,0,0,0,0,0,0,0,0,0,0,0,0,0,0,0,0,0,0,0,0,34,
0,0,0,0,0,0,0,0,0,0,0,0,0,0,0,0,0,0,0,0,0,0,0,85,254,255,255,255,255,255,255,255,254,58,0,0,0,0,0,0,0,9,5,0,0,0,0,0,0,0,0,0,0,0,0,0,0,0,0,0,
0,0,0,0,0,0,0,0,0,0,0,0,0,0,0,0,0,0,0,0,0,0,23,220,255,255,255,255,255,255,255,255,255,204,155,0,0,0,0,0,6,32,0,0,0,0,0,0,0,0,0,0,0,0,0,0,0,0,0,0,
0,0,0,0,0,0,0,0,0,0,0,0,0,0,0,0,0,2,0,0,0,20,215,255,255,255,255,255,255,255,255,255,255,255,255,54,0,0,0,0,0,0,0,0,0,0,0,0,0,14,7,0,0,0,0,0,0,0,0,0,
0,0,0,0,0,0,0,0,0,0,0,0,0,0,0,0,0,0,0,0,0,73,254,255,255,255,255,255,255,255,255,255,255,255,255,210,9,0,0,0,0,0,0,0,0,0,0,0,0,0,0,0,0,0,0,0,0,0,0,0,
0,0,0,0,0,0,0,0,0,0,0,0,0,0,0,0,0,0,0,0,0,109,254,255,255,255,255,255,255,255,255,255,255,255,255,230,5,0,0,43,0,0,0,1,2,0,0,0,0,0,0,0,0,0,0,0,0,0,12,3,
0,0,0,0,0,0,0,0,0,0,0,0,0,0,0,0,0,0,0,0,0,61,253,255,255,255,255,255,255,255,255,255,255,255,255,254,69,22,43,41,0,0,0,25,30,22,3,5,0,0,0,0,35,14,0,0,0,0,24,2,
0,0,0,0,0,0,0,0,0,0,0,0,0,0,0,0,0,0,2,76,144,193,254,255,255,255,255,255,255,255,255,255,255,255,255,254,92,38,89,26,13,11,0,17,94,8,27,22,13,0,0,0,18,0,0,0,0,0,3,0,
0,0,0,0,0,0,0,0,0,0,0,0,0,0,0,78,152,133,198,254,255,255,255,255,255,255,255,255,255,255,255,255,255,255,255,254,184,78,20,0,0,4,13,81,45,54,70,45,21,48,17,0,0,0,0,0,0,0,0,0,
0,0,0,0,0,0,0,0,0,0,0,0,0,2,103,251,254,254,255,255,255,255,255,255,255,255,255,255,255,255,255,255,255,255,255,255,237,6,44,11,8,14,50,99,82,99,51,85,45,5,0,0,4,15,16,2,0,0,0,0,
0,0,0,0,0,0,0,0,3,0,0,1,19,168,253,255,255,255,255,255,255,255,255,255,255,255,255,255,255,255,255,255,255,255,255,255,129,0,56,60,24,4,161,111,78,58,59,29,10,2,0,0,4,42,1,0,0,0,0,0,
0,0,0,0,0,0,0,0,0,0,9,153,250,254,255,255,255,255,255,255,255,255,255,255,255,255,255,255,255,255,255,255,255,255,255,254,91,31,136,24,2,109,70,43,56,101,76,89,44,22,0,0,0,0,0,0,0,0,0,0,
0,0,0,0,0,1,31,0,0,0,154,254,255,255,255,255,255,255,255,255,255,255,255,255,255,255,255,255,255,255,255,255,255,255,255,248,183,185,87,89,128,63,71,23,97,177,133,130,87,54,31,10,0,0,0,0,0,0,0,0,
0,0,0,0,0,3,35,0,0,44,241,255,255,255,255,255,255,255,255,255,255,255,255,255,255,255,255,255,255,255,255,255,255,255,255,253,203,97,176,193,104,38,0,0,101,149,93,35,30,24,2,0,10,17,0,0,0,0,0,0,
0,0,0,0,0,0,0,2,19,39,250,255,255,255,255,255,255,255,255,255,255,255,255,255,255,255,255,255,255,255,255,255,255,255,255,194,24,119,152,103,41,0,9,3,157,134,71,75,16,2,0,3,45,52,0,0,0,0,9,0,
1,10,0,0,0,0,0,1,9,19,238,255,255,255,255,255,255,255,255,255,255,255,255,255,255,255,255,255,255,255,255,255,255,255,255,212,154,170,30,100,16,0,5,116,112,20,20,5,27,0,0,43,58,59,0,0,0,0,58,6,
0,18,0,0,0,0,0,0,0,33,245,255,255,255,255,255,255,255,255,255,255,255,255,255,255,255,255,255,255,255,255,255,255,255,255,255,219,44,38,133,82,146,162,103,96,114,60,93,38,28,4,63,99,14,1,15,32,87,76,53,
0,0,0,0,0,0,0,0,0,37,242,255,255,255,255,255,255,255,255,255,255,255,255,255,255,255,255,255,255,255,255,255,255,255,255,255,254,117,114,187,159,22,0,0,0,0,37,144,90,51,61,15,153,11,53,69,121,156,112,25,
0,0,0,0,0,0,0,0,2,98,241,255,255,255,255,255,255,255,255,255,255,255,255,255,255,255,255,255,255,255,255,255,255,255,255,255,255,250,202,77,0,0,0,0,0,36,124,165,64,39,50,26,130,105,6,136,190,80,11,5,
0,0,0,0,0,0,0,27,179,254,255,255,255,255,255,255,255,255,255,255,255,255,255,255,255,255,255,255,255,255,255,255,255,255,255,255,255,254,120,3,0,49,18,40,87,87,102,96,40,2,2,162,109,124,159,187,105,30,47,22,
0,0,0,0,0,0,9,219,255,255,255,255,255,255,255,255,255,255,255,255,255,255,255,255,255,255,255,255,255,255,255,255,255,255,255,255,255,255,202,26,134,159,195,174,88,160,116,27,18,0,29,138,146,233,128,55,128,29,0,0,
0,0,0,0,0,0,117,252,255,255,255,255,255,255,255,255,255,255,255,255,255,255,255,255,255,255,255,255,255,255,255,255,255,255,255,255,255,255,251,223,160,77,145,122,47,70,56,0,0,36,114,226,247,200,184,85,1,0,2,75,
0,0,0,0,0,5,205,255,255,255,255,255,255,255,255,255,255,255,255,255,255,255,255,255,255,255,255,255,255,255,255,255,255,255,255,255,255,255,254,92,134,19,29,12,119,91,47,108,108,180,191,230,149,127,124,65,26,1,0,5,
0,0,0,0,0,70,254,255,255,255,255,255,255,255,255,255,255,255,255,255,255,255,255,255,255,255,255,255,255,255,255,255,255,255,255,255,255,255,255,163,62,71,33,1,120,93,149,20,149,214,114,36,3,0,24,1,0,0,0,0,
0,0,0,0,0,134,254,255,255,255,255,255,255,255,255,255,255,255,255,255,255,255,255,255,255,255,255,255,255,255,255,255,255,255,255,255,255,255,255,158,62,152,38,182,158,94,113,176,86,4,0,0,0,0,1,0,0,0,0,0,
0,0,0,0,0,103,254,255,255,255,255,255,255,255,255,255,255,255,255,255,255,255,255,255,255,255,255,255,255,255,255,255,255,255,255,255,255,255,255,229,71,208,177,49,7,148,97,1,13,4,0,0,15,3,0,0,0,0,0,0,
0,0,0,0,0,99,245,255,255,255,255,255,255,255,255,255,255,255,255,255,255,255,255,255,255,255,255,255,255,255,255,255,255,255,255,255,255,255,255,255,221,173,7,30,175,47,0,0,0,0,0,0,0,0,0,0,0,0,0,0,
0,0,0,0,0,14,222,254,255,255,255,255,255,255,255,255,255,255,255,255,255,255,255,255,255,255,255,255,255,255,255,255,255,255,255,255,255,255,255,254,193,130,75,209,33,3,0,0,0,0,0,0,0,0,0,1,77,135,29,0,
0,0,0,55,3,0,102,254,255,255,255,255,255,255,255,255,255,255,255,255,255,255,255,255,255,255,255,255,255,255,255,255,255,255,255,255,255,255,255,187,81,233,153,33,0,0,0,0,13,0,0,0,0,0,19,157,247,249,151,0,
0,0,0,0,0,0,39,249,255,255,255,255,255,255,255,255,255,255,255,255,255,255,255,255,255,255,255,255,255,255,255,255,255,255,255,255,255,255,246,190,156,20,0,0,0,0,0,0,0,13,0,0,0,0,103,252,254,128,2,0,
0,0,0,0,0,0,8,224,255,255,255,255,255,255,255,255,255,255,255,255,255,255,255,255,255,255,255,255,255,255,255,255,255,255,255,255,255,255,238,151,68,9,0,0,0,0,0,0,0,0,0,0,0,0,31,217,242,82,0,0,
14,4,0,0,0,0,70,254,255,255,255,255,255,255,255,255,255,255,255,255,255,255,255,255,255,255,255,255,255,255,255,255,255,252,252,253,255,255,189,33,6,23,6,0,0,0,0,0,0,0,0,0,0,0,0,5,23,1,0,0,
3,4,0,0,0,0,27,251,255,211,248,160,141,233,255,255,255,255,254,254,255,255,255,255,255,255,255,255,255,255,254,116,103,43,28,193,255,249,112,44,4,0,0,0,0,0,0,0,0,0,0,0,0,0,0,0,0,0,0,0,
0,0,0,0,0,106,209,250,255,252,254,82,0,42,195,205,205,226,87,57,106,89,119,205,253,228,161,118,126,149,106,0,0,0,0,189,255,218,0,0,0,0,0,0,0,0,0,0,0,0,0,0,0,0,0,0,0,0,0,0,
0,0,0,0,44,245,255,255,255,255,255,77,0,0,0,0,0,0,0,0,0,0,0,0,31,8,0,0,0,0,0,0,0,0,0,212,255,249,10,0,0,0,0,0,0,0,0,0,0,0,0,0,0,0,0,0,0,0,0,0,
0,0,0,0,129,255,255,255,255,255,143,14,0,0,0,0,0,0,0,0,0,0,0,0,0,0,0,0,0,0,0,0,0,0,4,241,255,254,51,0,0,0,0,0,0,0,0,0,0,0,0,0,0,0,0,0,0,0,0,0,
0,0,0,0,168,100,240,255,255,254,39,0,0,0,0,0,0,0,0,0,0,0,0,0,0,0,0,0,0,0,0,0,0,0,103,254,255,255,88,0,0,0,0,0,0,0,0,0,0,0,0,0,0,0,0,0,0,0,0,0,
0,0,0,0,147,23,254,255,255,251,7,0,0,0,0,0,0,0,0,0,0,0,0,0,0,0,0,0,0,0,0,0,0,0,214,255,255,255,111,0,0,0,0,0,0,0,0,0,0,0,0,0,0,0,0,0,0,0,0,0,
0,0,0,4,65,64,254,255,255,219,0,0,0,0,0,0,0,0,0,0,0,0,0,0,0,0,0,0,0,0,0,0,0,0,231,255,255,255,129,0,0,0,0,0,0,0,0,0,0,0,0,0,0,0,0,0,0,0,0,0,
0,0,0,0,0,107,254,255,255,169,0,0,0,0,0,0,0,0,0,0,0,0,0,0,0,0,0,0,0,0,0,0,0,2,242,255,255,255,139,6,0,0,0,0,0,0,0,0,0,0,0,0,0,0,0,0,0,0,0,0,
