0,0,0,0,0,0,0,0,0,0,0,0,0,0,0,0,0,0,0,0,0,0,0,0,0,0,0,0,0,0,0,0,0,0,0,0,0,0,0,0,0,0,0,0,0,0,0,0,0,0,0,0,0,0,0,0,0,0,0,0,
0,0,0,0,0,0,0,0,0,0,0,0,0,0,0,0,0,0,0,0,0,0,0,0,0,0,0,0,0,0,0,0,0,0,0,0,0,0,0,0,0,0,0,0,0,0,0,0,0,0,0,0,0,0,0,0,0,0,0,0,
0,0,0,0,0,0,0,0,0,0,0,0,0,0,0,0,0,0,0,8,15,4,0,0,0,0,0,0,0,0,0,0,0,0,0,0,0,0,0,0,0,0,0,0,0,0,0,0,0,0,0,0,0,0,0,0,0,0,0,0,
0,0,0,0,0,0,0,0,0,0,0,0,0,0,0,3,0,0,18,126,229,234,217,179,176,201,197,72,0,0,0,0,0,0,0,0,0,0,0,0,0,0,0,0,0,0,0,0,0,0,0,0,0,0,0,0,0,0,0,0,
0,0,0,0,0,0,0,0,0,0,0,0,0,0,0,1,0,0,84,225,254,255,255,255,255,255,255,254,220,64,0,0,0,0,0,0,0,0,0,0,0,0,0,0,0,0,8,2,0,0,0,0,6,18,0,0,0,0,0,0,
0,0,0,0,0,0,0,0,0,0,0,0,0,0,0,0,0,52,172,252,255,255,255,255,255,255,255,255,255,245,205,63,0,0,0,0,0,0,0,0,0,0,0,0,3,22,25,5,0,0,0,0,2,5,0,0,0,0,0,0,
0,0,0,0,0,0,0,0,0,0,0,0,0,0,0,0,55,174,248,255,255,255,255,255,255,255,255,255,255,255,255,212,150,26,0,0,0,0,0,0,0,0,0,2,121,17,3,0,0,0,0,0,0,0,0,0,0,0,0,0,
0,0,0,0,0,0,0,0,0,0,0,0,0,0,0,0,100,237,254,255,255,255,255,255,255,255,255,255,255,255,255,255,247,15,0,0,0,0,0,0,0,0,0,0,9,0,0,0,0,0,0,0,0,0,0,0,0,0,0,0,
0,0,0,0,0,2,0,0,0,0,0,0,0,0,0,18,143,252,255,255,255,255,255,255,255,255,255,255,255,255,255,255,255,184,7,3,0,0,0,0,0,0,0,0,0,7,0,0,0,0,0,0,0,0,0,0,0,0,0,0,
0,0,0,0,0,41,2,0,0,0,0,0,0,0,0,36,200,255,255,255,255,255,255,255,255,255,255,255,255,255,255,255,255,225,0,8,0,0,0,0,0,0,7,0,0,16,0,0,0,0,0,0,0,0,0,0,0,0,0,0,
0,0,0,0,0,94,24,0,0,0,0,0,0,15,31,58,178,254,255,255,255,255,255,255,255,255,255,255,255,255,255,255,255,253,125,39,11,0,0,0,0,0,0,0,0,0,0,0,0,0,0,0,0,0,0,0,0,0,0,0,
0,0,0,0,0,24,0,0,29,76,96,76,108,193,242,253,253,255,255,255,255,255,255,255,255,255,255,255,255,255,255,255,255,254,117,39,0,0,0,1,33,25,20,8,0,0,0,0,0,0,0,0,0,0,0,0,0,0,0,0,
0,0,0,0,0,0,2,47,148,237,254,254,254,255,255,255,255,255,255,255,255,255,255,255,255,255,255,255,255,255,255,255,255,255,117,26,10,0,0,1,50,81,11,11,19,0,0,0,4,0,0,0,0,9,0,0,0,0,0,0,
0,0,0,0,2,19,93,187,243,254,255,255,255,255,255,255,255,255,255,255,255,255,255,255,255,255,255,255,255,255,255,255,255,255,215,4,9,16,2,22,112,85,28,90,38,9,9,5,0,0,0,0,0,0,0,0,0,0,0,0,
0,0,2,43,137,203,231,254,255,255,255,255,255,255,255,255,255,255,255,255,255,255,255,255,255,255,255,255,255,255,255,255,255,255,219,3,29,50,25,111,105,109,92,30,66,68,39,13,0,0,0,0,0,0,0,0,0,0,0,0,
0,1,69,168,240,254,254,254,255,255,255,255,255,255,255,255,255,255,255,255,255,255,255,255,255,255,255,255,255,255,255,255,255,253,75,5,78,64,111,195,167,114,96,103,48,0,1,0,0,0,0,0,0,0,0,0,0,0,0,0,
0,39,137,233,255,255,255,255,255,255,255,255,255,255,255,255,255,255,255,255,255,255,255,255,255,255,255,255,255,255,255,255,255,253,40,47,141,94,170,41,11,3,17,30,8,12,11,0,0,0,0,0,0,0,0,0,0,0,0,0,
0,60,186,255,255,255,255,255,255,255,255,255,255,255,255,255,255,255,255,255,255,255,255,255,255,255,255,255,255,255,255,255,255,250,67,139,125,157,93,71,93,94,90,115,53,13,0,0,17,9,0,0,0,0,0,0,0,0,0,0,
0,52,174,255,255,255,255,255,255,255,255,255,255,255,255,255,255,255,255,255,255,255,255,255,255,255,255,255,255,255,255,255,255,250,224,236,194,84,33,33,130,164,160,115,72,41,8,0,0,0,0,0,0,0,0,0,0,0,0,0,
0,46,159,252,255,255,255,255,255,255,255,255,255,255,255,255,255,255,255,255,255,255,255,255,255,255,255,255,255,255,255,255,255,234,227,146,41,4,0,39,146,176,60,26,28,16,0,0,0,1,19,19,0,0,0,0,0,0,0,0,
0,71,188,255,255,255,255,255,255,255,255,255,255,255,255,255,255,255,255,255,255,255,255,255,255,255,255,255,255,255,255,255,255,252,185,68,0,0,0,81,191,90,91,68,23,1,0,0,0,9,74,49,0,0,0,0,0,0,0,0,
0,53,179,254,255,255,255,255,255,255,255,255,255,255,255,255,255,255,255,255,255,255,255,255,255,255,255,255,255,255,255,255,255,255,255,169,27,44,132,174,70,42,33,12,28,0,0,0,16,53,104,32,0,0,4,7,24,1,0,0,
14,78,179,252,255,255,255,255,255,255,255,255,255,255,255,255,255,255,255,255,255,255,255,255,255,255,255,255,255,255,255,255,255,255,255,232,215,158,115,78,106,134,107,91,36,27,0,1,25,94,121,15,4,17,18,90,49,0,0,0,
137,223,254,255,255,255,255,255,255,255,255,255,255,255,255,255,255,255,255,255,255,255,255,255,255,255,255,255,255,255,255,255,255,255,255,255,227,32,0,0,3,27,106,130,80,35,21,14,50,129,84,13,73,126,124,56,18,0,0,0,
248,255,255,255,255,255,255,255,255,255,255,255,255,255,255,255,255,255,255,255,255,255,255,255,255,255,255,255,255,255,255,255,255,255,255,255,255,62,0,9,66,149,162,62,45,1,0,24,80,149,108,108,160,188,97,47,7,0,0,0,
255,255,255,255,255,255,255,255,255,255,255,255,255,255,255,255,255,255,255,255,255,255,255,255,255,255,255,255,255,255,255,255,255,255,255,255,255,108,75,123,115,121,92,37,1,0,0,27,151,178,144,221,194,74,31,18,5,27,6,0,
255,255,255,255,255,255,255,255,255,255,255,255,255,255,255,255,255,255,255,255,255,255,255,255,255,255,255,255,255,255,255,255,255,255,255,255,255,212,162,106,133,95,56,21,0,0,0,32,181,220,229,199,100,30,8,0,0,6,0,0,
255,255,255,255,255,255,255,255,255,255,255,255,255,255,255,255,255,255,255,255,255,255,255,255,255,255,255,255,255,255,255,255,255,255,255,255,255,214,139,63,56,110,30,93,27,2,67,199,245,208,206,133,64,22,2,0,2,0,0,0,
255,255,255,255,255,255,255,255,255,255,255,255,255,255,255,255,255,255,255,255,255,255,255,255,255,255,255,255,255,255,255,255,255,255,255,255,255,185,43,87,128,55,35,84,114,155,200,224,246,223,171,88,16,0,0,0,0,0,5,0,
255,255,255,255,255,255,255,255,255,255,255,255,255,255,255,255,255,255,255,255,255,255,255,255,255,255,255,255,255,255,255,255,255,255,255,255,255,224,44,70,142,146,174,36,23,137,224,194,122,78,26,36,0,0,0,0,0,0,0,0,
255,255,255,255,255,255,255,255,255,255,255,255,255,255,255,255,255,255,255,255,255,255,255,255,255,255,255,255,255,255,255,255,255,255,255,255,255,245,104,201,172,102,43,136,200,130,34,0,0,0,0,4,0,0,0,0,0,0,0,0,
255,255,255,255,255,255,255,255,255,255,255,255,255,255,255,255,255,255,255,255,255,255,255,255,255,255,255,255,255,255,255,255,255,255,255,255,255,254,187,57,12,133,198,73,2,0,0,0,0,0,0,0,0,0,0,0,0,0,0,0,
255,255,255,255,255,255,255,255,255,255,255,255,255,255,255,255,255,255,255,255,255,255,255,255,255,255,255,255,255,255,255,255,255,255,255,255,255,255,148,53,185,136,7,0,0,0,0,0,2,0,0,0,0,0,0,0,0,0,0,0,
255,255,255,255,255,255,255,255,255,255,255,255,255,255,255,255,255,255,255,255,255,255,255,255,255,255,255,255,255,255,255,255,255,255,255,255,255,255,248,224,72,0,0,0,0,0,0,0,0,0,16,0,0,0,0,0,0,0,0,0,
255,255,255,255,255,255,255,255,255,255,255,255,255,255,255,255,255,255,255,255,255,255,255,255,255,255,255,255,255,255,255,255,255,255,255,255,255,254,218,80,0,0,0,0,0,0,0,0,0,0,19,0,0,0,0,0,0,0,0,0,
254,255,255,255,255,255,255,255,255,255,255,255,255,255,255,255,255,255,255,255,255,255,255,255,255,255,255,255,255,255,255,255,255,255,255,255,255,129,2,0,4,0,0,0,0,0,0,0,0,0,0,0,0,0,0,0,0,0,0,0,
201,251,255,255,255,255,255,255,255,255,255,255,255,255,255,255,255,255,255,255,255,255,255,255,255,255,255,255,255,255,255,255,255,255,254,235,176,2,0,0,0,0,0,0,0,0,0,0,0,0,0,0,0,0,0,0,0,0,0,0,
68,173,244,254,255,255,255,255,255,255,255,255,255,255,255,255,255,255,255,255,255,255,255,255,255,255,255,255,255,255,255,255,255,248,97,43,18,0,0,0,0,0,0,0,0,0,0,0,0,0,0,0,0,0,0,0,0,0,0,0,
0,7,44,102,178,250,255,255,255,255,255,255,254,255,255,255,255,255,255,255,255,255,255,255,255,255,255,255,254,254,254,255,255,166,11,0,0,0,0,0,0,0,0,0,0,0,0,0,0,0,0,0,0,0,0,0,0,0,0,0,
0,0,0,0,33,254,255,255,255,255,255,205,126,193,210,207,235,254,255,255,254,254,252,253,253,237,254,199,57,96,206,255,254,78,0,0,0,0,0,0,0,0,0,0,0,0,0,0,0,0,0,0,0,0,0,0,0,0,0,0,
0,0,0,0,8,240,255,255,255,255,255,177,0,0,0,1,30,105,156,152,75,39,13,17,10,42,82,24,0,58,210,255,255,96,0,0,0,0,0,0,0,0,0,0,0,0,0,0,0,0,0,0,0,0,0,0,0,0,0,0,
0,0,0,0,0,134,255,255,255,255,255,252,11,0,0,0,0,0,0,0,0,0,0,0,0,0,0,0,0,77,221,255,255,142,0,0,0,0,0,0,0,0,0,0,0,0,0,0,0,0,0,0,0,0,0,0,0,0,0,0,
0,0,0,9,124,206,255,255,255,255,255,242,5,0,0,0,0,0,0,0,0,0,0,0,0,0,0,0,1,108,242,255,255,189,0,0,0,0,0,0,0,0,0,0,0,0,0,0,0,0,0,0,0,0,0,0,0,0,0,0,
0,65,185,249,255,255,255,255,255,255,255,114,0,0,0,0,0,0,0,0,0,0,0,0,0,0,0,0,34,182,254,255,255,224,0,0,0,0,0,0,0,0,0,0,0,0,0,0,0,0,0,0,0,0,0,0,0,0,0,0,
30,252,254,255,255,255,255,255,255,255,254,80,0,0,0,0,0,0,0,0,0,0,0,0,0,0,0,0,91,230,255,255,255,242,0,0,0,0,0,0,0,0,0,0,0,0,0,0,0,0,0,0,0,0,0,0,0,0,0,0,
