0,0,0,0,0,0,0,0,0,0,0,0,0,0,0,0,0,0,0,0,0,0,0,0,0,0,0,0,0,0,0,0,0,0,0,0,0,0,0,0,0,0,0,0,0,0,0,0,0,0,0,0,0,0,0,0,0,0,0,0,
0,0,0,0,0,0,0,0,0,0,0,0,0,0,0,0,0,0,43,42,0,0,0,0,0,0,0,0,0,0,0,0,0,0,0,0,0,0,0,0,0,0,0,0,0,0,0,0,0,0,0,0,0,0,0,0,0,0,0,0,
0,0,0,0,0,0,0,0,0,0,0,0,0,0,0,0,0,26,226,225,21,0,0,0,0,0,0,0,0,0,0,0,0,0,0,0,0,0,0,0,0,0,0,0,0,0,0,0,0,0,0,0,0,0,0,0,0,0,0,0,
0,0,0,0,0,0,0,0,0,0,0,0,0,0,0,0,8,187,255,255,169,13,0,0,0,0,0,0,0,0,0,0,0,0,0,0,0,0,0,0,0,0,0,0,0,0,0,0,0,0,0,0,0,0,0,0,0,0,0,0,
0,0,0,0,0,0,0,0,0,0,0,0,13,110,188,237,252,255,255,255,255,254,234,169,70,0,0,0,0,0,0,0,0,0,0,0,0,0,0,0,0,0,0,0,0,0,0,0,0,0,0,0,0,0,0,0,0,0,0,0,
0,0,0,0,0,0,0,0,0,0,0,46,223,254,255,255,255,255,255,255,255,255,255,255,254,179,20,0,0,0,0,0,0,0,0,0,0,0,0,0,0,0,0,0,0,0,0,0,0,0,0,0,0,0,0,0,0,0,0,0,
0,0,0,0,0,0,0,0,0,0,22,230,255,255,255,255,255,255,255,255,255,255,255,255,255,255,218,21,0,0,0,0,0,0,0,0,0,0,0,0,0,0,0,0,0,0,0,0,0,0,0,0,0,0,0,0,0,0,0,0,
0,0,0,0,0,0,0,0,0,0,156,255,255,255,255,255,255,255,255,255,255,255,255,255,255,255,255,196,3,0,0,0,0,0,0,0,0,0,0,0,0,0,0,0,0,0,0,0,0,0,0,0,0,0,0,0,0,0,0,0,
0,0,0,0,0,0,0,0,0,17,247,255,255,255,255,255,255,255,255,255,255,255,255,255,255,255,255,255,103,0,0,0,0,0,0,0,0,0,0,0,0,0,0,0,0,0,0,0,0,0,0,0,0,0,0,0,0,0,0,0,
0,0,0,0,0,0,0,0,0,84,255,255,255,255,255,255,255,255,255,255,255,255,255,255,255,255,255,255,214,0,0,0,0,0,0,0,0,0,0,0,0,0,0,0,0,0,0,0,0,7,37,0,0,0,0,0,0,0,0,0,
0,0,0,0,0,0,0,0,0,137,255,255,255,255,255,255,255,255,255,255,255,255,255,255,255,255,255,255,254,37,0,0,0,0,0,0,0,0,0,0,0,1,0,0,0,0,0,0,0,0,0,0,0,0,0,0,0,0,0,0,
0,0,0,0,0,0,0,0,0,159,255,255,255,255,255,255,255,255,255,255,255,255,255,255,255,255,255,255,255,79,0,0,0,0,0,0,0,0,0,0,0,0,0,0,0,0,0,0,0,0,0,0,0,0,0,0,0,0,0,0,
0,0,0,0,0,0,0,0,0,158,255,255,255,255,255,255,255,255,255,255,255,255,255,255,255,255,255,255,255,77,0,0,0,0,0,0,1,2,0,0,0,0,0,0,0,0,0,0,0,0,0,0,0,0,0,0,0,0,0,0,
0,0,0,0,0,0,0,0,3,162,255,255,255,255,255,255,255,255,255,255,255,255,255,255,255,255,255,255,243,19,0,0,0,0,0,0,0,2,0,0,0,0,0,0,0,0,0,0,0,0,0,0,0,0,0,0,0,0,0,0,
0,0,0,0,0,16,22,130,226,255,255,255,255,255,255,255,255,255,255,255,255,255,255,255,255,255,255,255,244,15,0,0,0,0,0,0,0,0,0,0,0,0,0,0,0,0,0,0,0,0,0,0,0,0,0,0,0,0,0,0,
0,0,0,0,0,149,254,254,255,255,255,255,255,255,255,255,255,255,255,255,255,255,255,255,255,255,255,255,255,122,0,0,0,0,0,0,0,0,0,3,0,0,0,0,0,0,0,0,0,0,0,0,0,0,0,0,0,0,0,0,
0,0,0,0,0,34,254,255,255,255,255,255,255,255,255,255,255,255,255,255,255,255,255,255,255,255,255,255,255,245,28,0,0,0,0,0,0,0,0,0,0,0,0,0,0,0,0,0,0,0,0,0,0,0,0,0,0,0,0,0,
0,0,0,0,0,11,174,242,255,255,255,255,255,255,255,255,255,255,255,255,255,255,255,255,255,255,255,255,254,147,3,0,0,0,0,0,0,0,0,0,0,12,0,0,0,0,0,0,0,0,0,0,0,0,0,0,0,0,0,0,
0,0,0,0,0,0,0,15,107,196,254,255,255,255,255,255,255,255,255,255,255,255,255,255,255,255,255,255,254,64,0,0,3,5,0,0,0,0,0,0,13,242,69,0,0,0,0,0,0,0,0,0,0,0,0,0,0,0,0,0,
0,0,0,0,0,0,0,0,0,8,250,255,255,255,255,255,255,255,255,255,255,255,255,255,255,255,255,255,255,93,0,0,0,0,0,0,0,0,0,0,0,116,123,0,0,0,0,0,0,0,0,0,0,0,0,0,0,0,0,0,
0,0,0,0,0,0,0,0,0,44,254,255,255,255,255,255,255,255,255,255,255,255,255,255,255,255,255,255,255,123,0,0,0,0,0,0,0,0,0,0,0,4,72,0,0,0,0,0,0,0,0,0,0,0,0,0,0,0,0,0,
0,0,0,0,0,0,0,0,0,84,254,255,255,255,255,255,255,255,255,255,255,255,255,255,255,255,255,255,255,200,2,0,0,0,0,0,0,0,0,0,0,0,0,0,0,0,0,0,0,0,0,0,0,0,0,0,0,0,0,0,
0,0,0,0,0,0,0,0,0,128,255,255,255,255,255,255,255,255,255,255,255,255,255,255,255,255,255,255,255,255,119,0,0,0,0,0,0,0,0,0,0,0,0,0,0,0,0,0,0,0,0,0,0,0,0,0,0,0,0,0,
0,0,0,0,0,0,0,0,0,187,255,255,255,255,255,255,255,255,255,255,255,255,255,255,255,255,255,255,255,254,161,2,0,0,0,0,0,0,0,0,0,0,0,0,0,0,0,0,0,0,0,0,0,0,0,0,0,0,0,0,
0,0,0,0,0,0,0,0,6,242,255,255,255,255,255,255,255,255,255,255,255,255,255,255,255,255,255,255,255,254,63,4,0,0,0,0,0,0,0,0,0,0,0,0,0,0,0,0,0,0,0,0,0,0,0,0,0,0,0,0,
0,0,0,0,0,0,0,0,66,254,255,255,255,255,255,255,255,255,255,255,255,255,255,255,255,255,255,255,255,254,62,0,0,0,0,0,0,0,0,0,0,0,0,0,0,0,0,0,0,0,0,0,0,0,0,0,0,0,0,0,
0,0,0,0,0,0,0,0,143,255,255,255,255,255,255,255,255,255,255,255,255,255,255,255,255,255,255,255,255,255,93,0,0,0,0,0,0,0,0,0,0,0,0,0,6,1,0,0,0,0,0,0,0,0,0,0,0,0,0,0,
0,0,0,0,0,0,0,15,189,92,212,254,248,200,170,148,215,255,255,255,255,255,255,255,255,255,247,254,252,169,157,5,0,0,0,0,0,0,0,0,0,0,0,0,1,0,0,0,0,0,0,0,0,0,0,0,0,0,0,3,
0,0,0,0,0,0,0,76,16,0,5,91,183,187,244,254,255,255,255,255,255,255,255,255,255,255,254,252,109,1,65,70,0,0,0,0,0,0,0,0,0,0,0,0,0,0,0,0,0,11,0,0,0,0,0,0,0,0,0,6,
0,0,0,0,0,0,0,0,0,0,9,205,255,255,255,255,255,255,255,255,255,255,255,255,255,255,255,255,254,195,34,4,0,0,0,0,0,0,0,0,0,0,0,0,0,0,0,0,0,0,0,0,0,0,0,0,0,0,0,0,
0,0,0,0,0,0,0,0,0,0,52,254,255,255,255,255,255,255,255,255,255,255,255,255,255,255,255,255,255,254,103,0,0,0,0,0,0,0,0,0,0,0,0,0,0,0,0,0,0,0,0,0,0,0,0,0,0,0,0,0,
6,0,0,0,0,0,0,0,0,0,58,254,255,255,255,255,255,255,255,255,255,255,255,255,255,255,255,255,255,254,76,0,0,0,0,0,0,0,0,0,0,0,0,0,0,0,0,0,0,0,0,0,0,0,0,0,0,0,0,0,
0,0,0,0,0,0,0,0,0,0,84,254,255,255,255,255,255,255,255,255,255,255,255,255,255,255,255,255,255,255,188,7,35,48,63,46,18,0,0,0,0,0,0,0,0,0,0,0,0,0,0,0,0,0,0,0,0,0,0,0,
0,0,0,0,0,0,0,0,0,0,150,255,255,255,255,255,255,255,255,255,255,255,255,255,255,255,255,255,255,255,254,247,254,254,254,255,254,240,183,123,41,0,0,0,0,0,0,0,0,0,0,0,0,0,0,0,0,0,0,0,
0,0,0,0,0,0,0,0,0,70,240,255,255,255,255,255,255,255,255,255,255,255,255,255,255,255,255,255,255,255,255,255,255,255,255,255,255,255,255,255,254,193,85,1,0,0,0,0,0,0,0,0,0,0,0,0,0,0,0,0,
0,0,0,0,0,0,0,0,0,114,255,255,255,255,255,255,255,255,255,255,255,255,255,255,255,255,255,255,255,255,255,255,255,255,255,255,255,255,255,255,255,255,254,199,57,0,0,0,0,0,0,1,46,0,0,0,0,0,0,0,
0,0,0,0,0,0,0,0,0,199,255,255,255,255,255,255,255,255,255,255,255,255,255,255,255,255,255,255,255,255,255,255,255,255,255,255,255,255,255,255,255,255,255,255,252,134,3,0,0,0,0,0,0,0,0,0,0,0,0,0,
0,0,0,0,0,0,0,0,0,176,255,255,255,255,255,255,255,255,255,255,255,255,255,255,255,255,255,255,255,255,255,255,255,255,255,255,255,255,255,255,255,255,255,255,255,254,188,20,0,0,0,0,0,0,0,0,0,0,0,0,
0,0,0,0,0,0,0,0,0,145,255,255,255,255,255,255,255,255,255,255,255,255,255,255,255,255,255,255,255,255,255,255,255,255,255,255,255,255,255,255,255,255,255,255,255,255,254,212,23,0,0,0,0,0,0,0,0,0,0,0,
0,0,0,0,0,0,0,0,0,192,255,255,255,255,255,255,255,255,255,255,255,255,255,255,255,255,255,255,255,255,255,255,255,255,255,255,255,255,255,255,255,255,255,255,255,255,255,255,213,14,0,0,0,0,0,0,0,0,0,0,
0,0,0,0,0,0,0,0,0,198,255,255,255,255,255,255,255,255,255,255,255,255,255,255,255,255,255,255,255,255,255,255,255,255,255,255,255,255,255,255,255,255,255,255,255,255,255,255,255,178,2,0,0,0,0,0,0,0,0,0,
0,0,0,0,0,0,0,0,0,41,250,255,255,255,255,255,255,255,255,255,255,255,255,255,255,255,255,255,255,255,255,255,255,255,255,255,255,255,255,255,255,255,255,255,255,255,255,255,255,255,121,0,0,0,0,0,0,0,0,0,
0,0,0,0,0,0,0,0,0,49,254,255,255,255,255,255,255,255,255,255,255,255,255,255,255,255,255,255,255,255,255,255,255,255,255,255,255,255,255,255,255,255,255,255,255,255,255,255,255,255,247,37,0,0,0,0,0,0,0,0,
0,0,0,0,0,0,0,0,20,223,255,255,255,255,255,255,255,255,255,255,255,255,255,255,255,255,255,255,255,255,255,255,255,255,255,255,255,255,255,255,255,255,255,255,255,255,255,255,255,255,255,182,0,0,0,0,0,0,0,0,
0,0,0,0,0,0,0,4,192,255,255,255,255,255,255,255,255,255,255,255,255,255,255,255,255,255,255,255,255,255,255,255,255,255,255,255,255,255,255,255,255,255,255,255,255,255,255,255,255,255,255,254,65,0,0,0,0,0,0,0,
