0,0,0,0,0,0,0,0,0,0,0,0,0,0,0,0,0,0,0,0,4,149,35,0,0,0,0,0,0,0,0,0,0,0,0,0,0,0,0,0,0,0,0,0,0,0,0,0,0,0,0,0,0,0,0,0,0,0,0,0,
4,0,0,0,0,0,0,0,0,0,0,0,0,0,0,0,0,0,0,0,157,254,153,0,0,0,0,0,0,0,0,0,0,0,0,0,0,0,0,0,10,8,0,0,0,0,0,0,0,0,0,0,0,0,0,0,0,0,0,0,
0,0,0,0,0,0,0,0,0,0,0,0,0,0,0,0,0,0,0,118,254,255,241,12,0,0,0,0,0,0,0,0,0,0,0,0,0,0,0,0,29,9,0,0,0,0,0,0,0,0,0,0,0,0,0,0,0,0,0,0,
0,0,0,0,0,0,0,0,0,0,0,6,69,125,152,168,179,187,206,252,255,255,254,92,0,0,0,0,0,0,0,0,0,0,0,0,0,0,0,0,0,0,0,0,0,0,0,0,0,0,0,0,0,0,0,0,0,0,0,0,
0,0,0,0,0,0,0,0,0,0,97,228,254,255,255,255,255,255,255,255,255,255,255,201,9,0,0,0,0,0,0,0,0,0,0,0,0,0,0,0,0,0,0,0,0,0,0,0,0,0,0,0,0,0,0,0,0,0,0,0,
0,0,0,0,0,0,0,0,3,160,254,255,255,255,255,255,255,255,255,255,255,255,255,255,188,7,0,0,0,0,0,0,0,0,0,0,0,0,0,0,0,0,0,0,0,0,0,0,0,0,0,0,0,0,0,0,0,0,0,0,
0,0,0,0,0,0,0,0,151,254,255,255,255,255,255,255,255,255,255,255,255,255,255,255,254,142,0,0,0,0,0,0,0,0,0,0,0,0,0,0,0,0,0,0,0,0,0,0,0,0,0,0,0,0,0,0,0,0,0,0,
0,0,0,0,0,0,0,62,254,255,255,255,255,255,255,255,255,255,255,255,255,255,255,255,255,251,34,0,0,0,0,0,0,0,0,0,0,0,0,0,0,0,0,0,0,0,0,0,0,0,0,0,0,0,0,0,0,0,0,0,
0,0,0,0,0,0,0,173,255,255,255,255,255,255,255,255,255,255,255,255,255,255,255,255,255,255,131,0,0,0,0,0,0,0,0,0,0,0,0,0,0,0,0,0,0,0,0,0,0,0,0,0,0,0,0,0,0,0,0,0,
0,0,0,0,0,0,3,241,255,255,255,255,255,255,255,255,255,255,255,255,255,255,255,255,255,255,206,0,0,0,0,0,0,0,0,0,0,0,0,0,0,0,0,0,0,0,0,0,0,0,0,0,0,0,0,0,0,0,0,0,
0,0,0,0,0,0,35,254,255,255,255,255,255,255,255,255,255,255,255,255,255,255,255,255,255,255,233,0,0,0,0,0,0,0,0,0,0,0,0,0,0,0,0,0,0,0,0,0,0,0,0,0,0,0,0,0,0,0,0,0,
0,0,0,0,0,0,42,254,255,255,255,255,255,255,255,255,255,255,255,255,255,255,255,255,255,255,245,29,6,0,0,0,0,0,0,0,0,0,0,0,0,0,0,0,0,0,0,0,0,0,0,0,0,0,0,0,0,0,0,0,
0,0,0,0,0,0,40,254,255,255,255,255,255,255,255,255,255,255,255,255,255,255,255,255,255,255,254,254,69,0,0,0,0,0,0,0,0,0,0,0,0,0,0,0,0,6,19,0,0,0,0,0,0,0,0,0,0,10,0,0,
0,0,0,0,3,6,6,236,255,255,255,255,255,255,255,255,255,255,255,255,255,255,255,255,255,255,255,255,122,0,0,0,0,0,0,0,0,0,0,0,0,0,0,0,0,2,11,0,0,0,0,0,0,0,0,0,3,87,0,0,
0,0,0,0,5,8,0,144,254,255,255,255,255,255,255,255,255,255,255,255,255,255,255,255,255,255,255,255,175,0,0,0,0,0,0,0,0,0,0,0,0,0,0,0,0,0,0,0,0,0,0,0,0,0,0,0,0,0,0,0,
0,0,0,0,0,86,221,246,255,255,255,255,255,255,255,255,255,255,255,255,255,255,255,255,255,255,255,216,211,0,0,0,0,0,0,0,0,0,0,0,0,0,0,0,0,0,8,0,0,0,0,0,0,0,0,0,0,0,0,0,
0,0,0,0,3,172,255,255,255,255,255,255,255,255,255,255,255,255,255,255,255,255,255,255,255,255,255,123,67,0,0,0,0,0,0,0,0,0,0,0,32,17,0,0,0,0,1,0,0,0,0,0,0,0,0,0,0,0,0,0,
0,0,0,0,122,254,255,255,255,255,255,255,255,255,255,255,255,255,255,255,255,255,255,255,255,255,255,170,0,0,0,0,0,0,0,0,0,0,0,0,9,0,0,0,0,0,0,0,0,0,0,0,0,0,0,0,0,0,0,0,
0,0,0,0,0,75,200,203,254,255,255,255,255,255,255,255,255,255,255,255,255,255,255,255,255,255,254,162,7,0,0,0,0,0,0,0,0,0,0,45,78,0,0,0,0,0,0,0,0,0,0,0,0,0,0,0,0,0,0,0,
0,0,0,0,0,0,0,67,254,255,255,255,255,255,255,255,255,255,255,255,255,255,255,255,255,255,255,145,9,0,0,0,0,0,0,0,0,0,21,200,10,0,0,0,0,0,0,0,0,0,0,0,0,0,0,0,0,0,0,0,
0,0,0,0,0,0,0,61,253,255,255,255,255,255,255,255,255,255,255,255,255,255,255,255,255,255,255,240,21,0,0,0,0,0,0,0,0,0,51,76,0,0,0,0,0,0,0,0,0,0,0,0,0,0,0,0,0,0,0,0,
0,0,0,0,0,0,0,55,254,255,255,255,255,255,255,255,255,255,255,255,255,255,255,255,255,255,255,255,145,0,0,0,0,0,0,0,0,0,0,0,0,0,0,0,0,0,0,0,0,0,0,0,0,0,0,0,0,0,0,0,
0,0,0,0,0,0,0,46,254,255,255,255,255,255,255,255,255,255,255,255,255,255,255,255,255,255,255,255,251,55,0,0,0,0,0,0,0,0,0,0,0,0,0,0,0,0,0,0,0,0,0,0,0,0,0,0,0,0,0,0,
0,0,0,0,0,0,0,23,254,255,255,255,255,255,255,255,255,255,255,255,255,255,255,255,255,255,255,255,249,215,21,0,0,0,0,0,0,0,0,0,0,0,0,0,0,0,0,0,0,0,0,0,0,0,0,0,0,0,0,0,
0,0,0,0,0,0,0,30,254,255,255,255,255,255,255,255,255,255,255,255,255,255,228,217,241,254,255,250,74,34,119,21,0,0,0,0,0,0,0,0,0,0,0,0,0,0,0,0,0,0,0,0,0,0,0,0,0,0,0,0,
0,0,0,0,0,0,0,33,224,255,255,255,255,255,255,255,255,255,255,255,254,221,37,8,17,103,127,66,0,0,0,0,17,0,0,0,0,0,0,0,0,0,0,0,0,0,0,0,0,0,0,0,0,0,0,0,0,0,0,0,
0,0,0,0,0,0,0,0,199,255,255,255,255,255,255,255,255,255,255,255,236,125,16,0,0,0,0,0,0,0,0,0,0,0,0,0,0,0,0,0,0,0,0,0,0,0,0,0,0,0,0,0,0,0,0,0,0,0,0,0,
0,0,0,0,0,0,0,0,149,255,255,255,255,255,255,255,255,255,255,255,255,255,249,177,91,11,0,0,0,0,0,0,0,0,0,0,0,0,0,0,0,0,0,0,0,0,0,0,0,0,0,0,0,0,0,0,0,0,0,0,
0,0,0,0,0,0,0,0,111,254,255,255,255,255,255,255,255,255,255,255,255,255,255,255,255,242,181,43,0,0,0,0,0,0,0,0,0,0,0,0,0,0,0,0,0,0,0,0,0,0,0,0,0,0,0,0,0,0,0,0,
0,0,0,0,0,0,0,16,192,235,255,255,255,255,255,255,255,255,255,255,255,255,255,255,255,255,255,244,26,0,0,0,0,0,0,0,0,0,0,0,0,0,0,0,0,0,0,0,1,0,0,0,0,0,0,0,0,0,0,0,
0,0,0,0,0,0,0,10,151,211,255,255,255,255,255,255,255,255,255,255,255,255,255,255,255,255,255,255,61,0,0,0,0,0,0,0,0,0,0,0,0,0,0,0,0,0,0,19,28,0,0,0,0,0,2,0,0,0,0,0,
0,0,0,0,0,0,0,0,74,254,255,255,255,255,255,255,255,255,255,255,255,255,255,255,255,255,255,254,71,0,0,0,0,0,0,0,0,0,0,0,0,0,0,0,0,0,0,0,0,0,0,0,0,1,3,0,0,0,0,0,
0,0,0,0,0,0,0,0,159,255,255,255,255,255,255,255,255,255,255,255,255,255,255,255,255,255,255,255,190,0,0,15,22,42,73,40,9,18,0,0,0,0,0,0,0,0,0,0,0,0,0,0,0,0,0,0,0,0,0,0,
0,0,0,0,0,0,0,43,228,255,255,255,255,255,255,255,255,255,255,255,255,255,255,255,255,255,255,255,252,162,203,253,254,254,255,254,252,252,207,141,109,14,0,0,0,0,0,0,0,0,0,0,0,0,0,0,0,0,0,0,
0,0,0,0,0,0,0,190,254,255,255,255,255,255,255,255,255,255,255,255,255,255,255,255,255,255,255,255,255,255,255,255,255,255,255,255,255,255,255,255,255,243,168,78,0,0,0,0,0,0,0,0,0,0,0,0,0,0,0,0,
0,0,0,0,0,0,11,228,255,255,255,255,255,255,255,255,255,255,255,255,255,255,255,255,255,255,255,255,255,255,255,255,255,255,255,255,255,255,255,255,255,255,255,255,185,69,0,0,0,0,0,0,0,0,0,0,0,0,0,0,
0,0,0,0,0,0,0,191,255,255,255,255,255,255,255,255,255,255,255,255,255,255,255,255,255,255,255,255,255,255,255,255,255,255,255,255,255,255,255,255,255,255,255,255,255,254,154,8,0,0,0,0,0,0,0,0,0,0,0,0,
0,0,0,0,0,0,19,219,255,255,255,255,255,255,255,255,255,255,255,255,255,255,255,255,255,255,255,255,255,255,255,255,255,255,255,255,255,255,255,255,255,255,255,255,255,255,255,215,52,0,0,0,0,0,0,0,0,0,0,0,
0,0,0,0,0,0,145,254,255,255,255,255,255,255,255,255,255,255,255,255,255,255,255,255,255,255,255,255,255,255,255,255,255,255,255,255,255,255,255,255,255,255,255,255,255,255,255,255,239,54,0,0,0,0,0,0,0,0,0,70,
0,0,0,0,0,0,184,255,255,255,255,255,255,255,255,255,255,255,255,255,255,255,255,255,255,255,255,255,255,255,255,255,255,255,255,255,255,255,255,255,255,255,255,255,255,255,255,255,255,242,60,0,0,0,0,0,0,0,0,2,
0,0,0,0,0,0,101,254,255,255,255,255,255,255,255,255,255,255,255,255,255,255,255,255,255,255,255,255,255,255,255,255,255,255,255,255,255,255,255,255,255,255,255,255,255,255,255,255,255,255,230,26,0,0,0,0,0,0,0,0,
0,0,0,0,0,0,86,254,255,255,255,255,255,255,255,255,255,255,255,255,255,255,255,255,255,255,255,255,255,255,255,255,255,255,255,255,255,255,255,255,255,255,255,255,255,255,255,255,255,255,255,196,2,0,0,0,0,0,0,0,
0,0,0,0,0,0,159,255,255,255,255,255,255,255,255,255,255,255,255,255,255,255,255,255,242,255,255,255,255,255,255,255,255,255,255,255,255,255,255,255,255,255,255,255,255,255,255,255,255,255,255,255,106,0,0,0,0,0,0,0,
0,0,0,0,0,14,237,255,255,255,255,255,255,255,255,255,255,255,255,255,255,255,255,254,78,151,254,255,255,255,255,255,255,255,255,255,255,255,255,255,255,255,255,255,255,255,255,255,255,255,255,255,235,15,0,0,0,0,0,0,
0,0,0,0,0,153,255,255,255,255,255,255,255,255,255,255,255,255,255,255,255,255,255,254,22,0,221,255,255,255,255,255,255,255,255,255,255,255,255,255,255,255,255,255,255,255,255,255,255,255,255,255,255,114,0,0,0,0,0,0,
