0,0,0,0,77,254,255,255,255,255,161,0,0,0,0,0,0,0,0,0,0,0,50,189,254,255,255,255,255,255,255,255,255,207,12,0,0,0,0,0,0,0,0,0,0,0,0,0,0,0,0,0,0,0,0,0,0,0,0,0,
0,0,0,0,143,255,255,255,255,254,59,0,0,0,0,0,0,0,0,0,0,0,0,60,183,254,255,255,254,255,255,255,246,99,32,8,0,0,0,0,0,0,0,0,0,0,0,0,0,0,0,0,0,0,0,0,0,0,0,0,
0,0,0,0,201,255,255,255,255,218,1,0,0,0,0,0,0,0,0,0,0,0,0,9,173,254,255,249,183,254,255,255,254,253,236,199,150,93,46,18,2,0,0,0,0,0,0,0,0,0,0,0,0,0,0,0,0,0,0,0,
0,0,0,2,245,255,255,255,255,142,0,0,0,0,0,0,0,0,0,0,0,0,0,0,87,148,196,83,233,255,255,255,255,255,219,171,230,254,245,217,180,127,78,80,123,50,4,0,0,0,0,0,0,0,0,0,0,0,0,0,
0,0,0,30,254,255,255,255,254,77,0,0,0,0,0,0,0,0,0,0,0,0,0,0,0,0,24,73,254,255,255,255,255,255,230,25,0,33,93,149,205,248,252,253,254,241,177,86,50,26,8,0,0,0,0,0,0,0,0,0,
0,0,0,62,254,255,255,255,254,29,0,0,0,0,0,0,0,0,0,0,0,0,0,0,0,0,0,100,254,255,255,255,255,255,254,99,0,0,0,0,0,10,80,254,255,255,254,254,247,226,200,167,128,90,57,35,19,6,0,0,
0,0,0,87,255,255,255,255,239,1,0,0,0,0,0,0,0,0,0,0,0,0,0,0,0,0,0,132,255,255,255,255,255,255,255,170,5,0,0,9,40,91,170,254,255,254,89,74,128,188,242,254,255,254,249,235,214,191,164,128,
0,0,0,107,255,255,255,255,202,0,0,0,0,0,0,0,0,0,0,0,0,0,0,0,0,0,1,244,255,255,255,255,255,255,255,254,113,60,133,197,236,254,254,255,249,103,0,0,0,0,4,54,112,175,238,254,255,255,254,254,
0,0,0,115,255,255,255,255,172,0,0,0,0,0,0,0,0,0,0,0,0,0,0,0,0,0,9,238,255,255,255,255,255,255,255,255,246,246,254,254,254,255,245,161,42,0,0,0,0,0,0,0,0,0,4,52,119,185,245,254,
0,0,0,115,255,255,255,255,146,0,0,0,0,0,0,0,0,0,0,0,0,0,0,0,0,0,127,254,255,255,255,255,255,255,255,255,255,255,255,254,211,110,18,0,0,0,0,0,0,0,0,0,0,0,0,0,0,0,10,65,
0,0,0,108,255,255,255,255,131,0,0,0,0,0,0,0,0,0,0,0,0,0,0,0,0,29,244,255,254,255,255,255,255,255,254,200,216,221,148,54,0,0,0,0,0,0,0,0,0,0,0,0,0,0,0,0,0,0,0,0,
0,0,0,86,255,255,255,255,130,0,0,0,0,0,0,0,0,0,0,0,0,0,0,0,0,115,254,241,150,255,255,255,255,255,229,10,0,0,0,0,0,0,0,0,0,0,0,0,0,0,0,0,0,0,0,0,0,0,0,0,
0,0,0,59,254,255,255,255,145,0,0,0,0,0,0,0,0,0,0,0,0,0,0,0,0,134,255,243,186,254,255,255,255,255,254,39,0,0,0,0,0,0,0,0,0,0,0,0,0,0,0,0,0,0,0,0,0,0,0,0,
0,0,0,20,254,255,255,255,180,0,0,0,0,0,0,0,0,0,0,0,0,0,0,0,0,41,240,255,254,255,255,255,255,255,253,12,0,0,0,0,0,0,0,0,0,0,0,0,0,0,0,0,0,0,0,0,0,0,0,0,
0,0,0,0,226,255,255,255,229,3,0,0,0,0,0,0,0,0,0,0,0,0,0,0,0,0,43,221,255,255,255,255,255,255,254,33,0,0,0,0,0,0,0,0,0,0,0,0,0,0,0,0,0,0,0,0,0,0,0,0,
0,0,0,0,154,255,255,255,253,42,0,0,0,0,0,0,0,0,0,0,0,0,0,0,0,0,0,18,191,255,255,255,255,255,254,191,0,0,0,0,0,0,0,0,0,0,0,0,0,0,0,0,0,0,0,0,0,0,0,0,
0,0,0,0,72,254,255,255,254,112,0,0,0,0,0,0,0,0,0,0,0,0,0,0,0,0,0,16,204,255,255,255,255,255,255,228,1,0,0,0,0,0,0,0,0,0,0,0,0,0,0,0,0,0,0,0,0,0,0,0,
0,0,0,0,3,224,255,255,255,188,0,0,0,0,0,0,0,0,0,0,0,0,0,0,0,0,10,176,255,255,255,255,255,255,255,253,59,0,0,0,0,0,0,0,0,0,0,0,0,0,0,0,0,0,0,0,0,0,0,0,
0,0,0,0,0,117,255,255,255,244,22,0,0,0,0,0,0,0,0,0,0,0,0,0,0,25,179,254,255,255,255,255,255,255,255,255,201,9,0,0,0,0,0,0,0,0,0,0,0,0,0,0,0,0,0,0,0,0,0,0,
0,0,0,0,0,17,244,255,255,254,90,0,0,0,0,0,0,0,0,0,0,0,0,7,93,223,254,255,255,255,255,255,255,255,255,255,254,145,1,0,0,0,0,0,0,0,0,0,0,0,0,0,0,0,0,0,0,0,0,0,
0,0,0,0,0,0,161,255,255,255,146,0,0,0,0,0,0,0,0,0,0,3,76,200,253,255,255,255,255,255,255,255,255,255,255,255,255,251,74,0,0,0,0,0,0,0,0,0,0,0,0,0,0,0,0,0,0,0,0,0,
0,0,0,0,0,0,96,255,255,255,114,0,0,0,0,0,0,0,0,0,59,196,253,255,255,255,255,255,255,255,255,255,255,255,255,255,255,250,205,1,0,0,0,0,0,0,0,0,0,0,0,0,0,0,0,0,0,0,0,0,
0,0,0,0,0,0,86,255,255,246,21,0,0,0,0,0,0,0,10,155,250,255,255,255,255,255,255,255,255,255,255,255,255,255,255,255,255,173,60,4,0,0,0,0,0,0,0,0,0,0,0,0,0,0,0,0,0,0,0,0,
0,0,0,0,0,0,123,255,254,150,0,0,0,0,0,0,0,15,200,254,255,255,255,255,255,255,255,255,255,255,255,255,255,255,255,255,255,197,0,0,0,0,0,0,0,0,0,0,0,0,0,0,0,0,0,0,0,0,0,0,
0,0,0,0,0,0,157,255,254,46,0,0,0,0,0,0,0,179,254,255,255,255,255,255,255,255,255,255,255,255,255,255,255,255,255,255,255,230,0,0,0,0,0,0,0,0,0,0,0,0,0,0,0,0,0,0,0,0,0,0,
0,0,0,0,0,0,161,255,239,0,0,0,0,0,0,0,90,254,255,255,255,255,255,255,255,255,255,255,255,255,255,255,255,255,255,255,255,252,6,0,0,0,0,0,0,0,0,0,0,0,0,0,0,0,0,0,0,0,0,0,
0,0,0,0,0,0,138,255,225,0,0,0,0,0,0,3,216,255,255,255,255,255,255,255,255,255,255,255,255,255,255,255,255,255,255,255,255,254,23,0,0,0,0,0,0,0,0,0,0,0,0,0,0,0,0,0,0,0,0,0,
0,0,0,0,0,0,84,255,238,3,0,0,0,0,0,69,254,255,255,255,255,255,255,255,255,255,255,255,255,255,255,255,255,255,255,255,255,254,41,0,0,0,0,0,0,0,0,0,0,0,0,0,0,0,0,0,0,0,0,0,
0,0,0,0,0,0,14,245,253,35,0,0,0,0,0,79,254,255,255,255,255,255,255,255,255,255,255,255,255,255,255,255,255,255,255,255,255,254,31,0,0,0,0,0,0,0,0,0,0,0,0,0,0,0,0,0,0,0,0,0,
0,0,0,0,0,0,0,154,254,119,0,0,0,0,0,84,254,255,254,255,255,255,255,255,255,255,255,255,255,255,255,255,255,255,255,255,255,255,22,0,0,0,0,0,0,0,0,0,0,0,0,0,0,0,0,0,0,0,13,49,
0,0,0,0,0,0,0,22,229,228,51,0,0,0,0,118,254,255,255,255,255,255,255,255,255,255,255,255,255,255,255,255,255,255,255,255,255,255,15,0,0,0,0,0,0,0,0,0,0,0,0,0,0,0,1,26,73,145,207,243,
0,0,0,0,0,0,0,0,45,218,220,85,17,0,0,195,254,255,255,255,255,255,255,255,255,255,255,255,255,255,255,255,255,255,255,255,255,231,3,0,0,0,0,0,0,0,0,0,0,0,0,10,42,99,172,223,251,254,255,255,
0,0,0,0,0,0,0,0,0,8,96,129,47,0,7,249,255,255,255,255,255,255,255,255,255,255,255,255,255,254,255,255,255,255,255,255,244,42,0,0,0,0,0,0,0,0,0,5,31,73,138,199,237,254,255,255,255,255,255,255,
0,0,0,0,0,0,0,0,0,0,0,0,0,0,53,254,255,255,255,255,255,255,255,255,255,255,255,255,255,254,255,255,255,255,255,190,90,0,0,0,0,0,0,5,30,72,132,190,228,252,255,255,255,255,255,255,255,255,255,255,
0,0,0,0,0,0,0,0,0,0,0,0,0,0,41,215,255,255,255,255,255,255,255,255,255,255,255,255,255,254,255,255,255,255,255,66,0,0,0,3,29,71,134,193,230,253,254,255,255,255,255,255,255,255,255,255,255,255,255,255,
0,0,0,0,0,0,0,0,0,0,0,0,0,0,18,241,244,255,255,255,255,255,255,255,255,255,255,255,255,254,255,255,255,255,254,41,35,73,132,188,229,252,254,255,255,255,255,255,255,255,255,255,255,255,255,255,255,255,255,255,
0,0,0,0,0,0,0,0,0,0,0,0,0,0,4,80,34,145,168,193,226,255,255,255,255,255,255,255,255,254,255,255,255,255,253,205,236,253,254,255,255,255,255,255,255,255,255,255,255,255,255,255,255,255,255,255,255,255,255,255,
0,0,0,0,0,0,0,0,0,0,0,0,0,0,0,0,0,0,0,0,39,148,224,254,254,255,255,255,255,255,255,255,255,255,255,255,255,255,255,255,255,255,255,255,255,255,255,255,255,255,255,255,255,255,255,255,255,255,255,255,
0,0,0,0,0,0,0,0,0,0,0,4,13,22,36,50,72,97,125,151,178,199,218,242,248,255,255,255,255,255,255,255,255,255,255,255,255,255,255,255,255,255,255,255,255,255,255,255,255,255,255,255,255,255,255,255,255,255,255,255,
16,23,32,44,58,76,94,114,136,158,181,199,214,227,239,249,254,255,255,255,255,255,255,255,255,255,255,255,255,255,255,255,255,255,255,255,255,255,255,255,255,255,255,255,255,255,255,255,255,255,255,255,255,255,255,255,255,255,255,255,
216,228,239,246,252,254,254,255,255,255,255,255,255,255,255,255,255,255,255,255,255,255,255,255,255,255,255,255,255,255,255,255,255,255,255,255,255,255,255,255,255,255,255,255,255,255,255,255,255,255,255,255,255,255,255,255,255,255,255,255,
255,255,255,255,255,255,255,255,255,255,255,255,255,255,255,255,255,255,255,255,255,255,255,255,255,255,255,255,255,255,255,255,255,255,255,255,255,255,255,255,255,255,255,255,255,255,255,255,255,255,255,255,255,255,255,255,255,255,255,255,
255,255,255,255,255,255,255,255,255,255,255,255,255,255,255,255,255,255,255,255,255,255,255,255,255,255,255,255,255,255,255,255,255,255,255,255,255,255,255,255,255,255,255,255,255,255,255,255,255,255,255,255,255,255,255,255,255,255,255,255,
255,255,255,255,255,255,255,255,255,255,255,255,255,255,255,255,255,255,255,255,255,255,255,255,255,255,255,255,255,255,255,255,255,255,255,255,255,255,255,255,255,255,255,255,255,255,255,255,255,255,255,255,255,255,255,255,255,255,255,255,
255,255,255,255,255,255,255,255,255,255,255,255,255,255,255,255,255,255,255,255,255,255,255,255,255,255,255,255,255,255,255,255,255,255,255,255,255,255,255,255,255,255,255,255,255,255,255,255,255,255,255,255,255,255,255,255,255,255,255,255,
