0,0,0,0,0,0,0,0,0,0,0,0,0,0,0,0,0,0,0,0,0,0,0,0,0,0,0,0,0,0,0,0,0,0,0,0,0,0,0,0,0,0,0,0,0,0,0,0,0,0,0,0,0,0,0,0,0,0,0,0,
0,0,0,0,0,0,0,0,0,0,0,0,0,0,0,0,0,0,0,0,0,0,0,0,0,0,0,0,0,0,0,0,0,0,0,0,0,0,0,0,0,0,0,0,0,0,0,0,0,0,0,0,0,0,0,0,0,0,0,0,
0,0,0,0,0,0,0,0,0,0,0,0,0,0,0,0,0,0,0,0,0,0,0,0,0,0,0,0,0,0,0,0,0,0,0,0,0,0,0,0,0,0,0,0,0,0,0,0,0,0,0,0,0,0,0,0,0,0,0,0,
0,0,0,0,0,0,0,0,0,0,0,0,0,0,0,0,0,0,0,0,0,0,0,0,0,0,0,0,0,0,0,0,0,0,0,0,0,0,0,0,0,0,0,0,0,0,0,0,0,0,0,0,0,0,0,0,0,0,0,0,
0,0,0,0,0,0,0,0,0,0,0,0,0,0,0,0,0,0,0,0,0,0,0,0,0,0,0,0,0,7,38,1,0,0,0,0,0,0,0,0,0,0,0,0,0,0,0,0,0,0,0,0,0,0,0,0,0,0,0,0,
0,0,0,4,1,0,0,0,0,0,0,0,0,0,0,0,0,0,0,0,0,0,0,0,0,0,0,4,95,227,252,206,89,23,0,0,0,0,0,0,0,0,0,0,0,0,0,0,0,0,0,0,0,0,0,0,0,0,0,0,
0,0,41,239,219,132,33,0,0,0,0,0,0,0,0,0,0,0,0,0,0,0,0,0,0,0,23,197,254,255,255,255,254,252,183,39,0,0,0,0,0,0,0,0,0,0,0,0,0,0,0,0,0,0,0,0,0,0,0,0,
0,0,3,188,255,255,251,178,65,0,0,0,0,0,0,0,0,0,0,0,0,0,0,0,0,21,216,255,255,255,255,255,255,255,255,241,49,0,0,0,0,0,0,0,0,0,0,0,0,0,0,0,0,0,0,0,0,0,0,0,
0,0,0,192,255,255,255,255,254,199,66,0,0,0,0,0,0,0,0,0,0,0,0,0,14,205,255,255,255,255,255,255,255,255,255,255,184,0,0,0,0,0,0,0,0,0,0,0,0,0,0,0,0,0,0,0,0,0,0,0,
0,0,36,253,255,255,255,255,255,255,253,124,20,0,0,0,0,0,0,0,0,0,0,19,192,255,255,255,255,255,255,255,255,255,255,255,252,22,0,0,0,0,0,0,0,0,0,0,0,0,0,0,0,0,0,0,0,0,0,0,
0,0,127,255,255,255,255,255,255,196,168,211,246,167,70,3,0,0,0,0,0,0,44,215,251,255,255,255,255,255,255,255,255,255,255,255,254,75,0,0,0,0,0,0,0,0,0,0,0,0,0,0,0,0,0,0,0,0,0,0,
0,0,214,255,255,255,255,255,253,44,0,0,57,157,243,223,130,35,0,0,0,0,47,137,215,248,255,255,255,255,255,255,255,255,255,255,254,104,0,0,0,0,0,0,0,0,0,0,0,0,0,0,0,0,0,0,0,0,0,0,
0,39,254,255,255,255,255,255,186,0,0,0,0,0,13,100,198,252,192,100,16,0,0,0,105,246,255,255,255,255,255,255,255,255,254,250,182,0,0,0,0,0,0,0,0,0,0,0,0,0,0,0,0,0,0,0,0,0,0,0,
0,113,255,255,255,255,255,255,77,0,0,0,0,0,0,0,0,43,137,229,245,172,82,8,193,255,255,255,255,255,255,255,255,255,232,57,8,0,0,0,0,0,0,0,0,0,0,0,0,0,0,0,0,0,0,0,0,0,0,0,
0,178,255,255,255,255,255,226,3,0,0,0,0,0,0,0,0,0,0,3,71,164,242,241,226,255,255,255,255,254,255,255,255,254,182,13,0,0,0,0,0,0,0,0,0,0,0,0,0,0,0,0,0,0,0,0,0,0,0,0,
0,233,255,255,255,255,255,131,0,0,0,0,0,0,0,0,0,0,0,0,0,0,11,108,234,255,255,255,254,227,255,255,244,156,8,0,0,0,0,0,0,0,0,0,0,0,0,0,0,0,0,0,0,0,0,0,0,0,0,0,
30,254,255,255,255,255,254,41,0,0,0,0,0,0,0,0,0,0,0,0,0,0,0,10,120,244,254,247,251,254,255,255,225,81,9,0,0,0,0,0,0,0,0,0,0,0,0,0,0,0,0,0,0,0,0,0,0,0,0,0,
70,255,255,255,255,255,220,0,0,0,0,0,0,0,0,0,0,0,0,0,0,0,0,0,2,94,62,91,226,255,255,255,255,254,223,59,1,0,0,0,0,0,0,0,0,0,0,0,0,0,0,0,0,0,0,0,0,0,0,0,
102,254,255,255,255,255,160,0,0,0,0,0,0,0,0,0,0,0,0,0,0,0,0,0,0,0,0,56,254,255,255,255,255,255,255,254,222,151,79,13,0,0,0,0,0,0,0,0,0,0,0,0,0,0,0,0,0,0,0,0,
131,255,255,255,255,255,109,0,0,0,0,0,0,0,0,0,0,0,0,0,0,0,0,0,0,0,0,49,254,255,255,255,255,255,255,233,131,204,253,249,192,122,55,4,0,0,6,0,0,0,0,0,0,0,0,0,0,0,0,0,
155,255,255,255,255,255,69,0,0,0,0,0,0,0,0,0,0,0,0,0,0,0,0,0,0,0,0,108,254,255,255,255,255,255,255,240,31,0,24,96,168,235,254,236,205,191,215,147,33,0,0,0,0,0,0,0,0,0,0,0,
166,255,255,255,255,254,31,0,0,0,0,0,0,0,0,0,0,0,0,0,0,0,0,0,0,0,0,228,255,255,255,255,255,255,255,255,137,0,0,0,0,3,55,122,221,255,255,254,243,121,50,3,0,0,0,0,0,0,0,0,
165,255,255,255,255,249,2,0,0,0,0,0,0,0,0,0,0,0,0,0,0,0,0,0,0,0,3,214,255,255,255,255,255,255,255,255,248,39,0,0,0,0,0,0,124,254,255,255,250,254,254,241,187,129,73,20,0,0,0,0,
166,255,255,255,255,225,0,0,0,0,0,0,0,0,0,0,0,0,0,0,0,0,0,0,0,0,116,254,255,255,255,255,255,255,255,255,255,129,0,0,0,0,5,53,178,255,255,255,111,30,98,170,239,254,254,253,220,167,116,62,
166,255,255,255,255,207,0,0,0,0,0,0,0,0,0,0,0,0,0,0,0,0,0,0,0,29,244,255,254,255,255,255,255,255,255,255,254,152,3,52,120,183,241,254,255,255,254,156,0,0,0,0,5,63,141,217,254,255,255,254,
164,255,255,255,255,190,0,0,0,0,0,0,0,0,0,0,0,0,0,0,0,0,0,0,0,126,255,252,143,255,255,255,255,255,255,254,255,238,230,254,255,255,255,255,254,233,105,0,0,0,0,0,0,0,0,0,42,120,203,253,
137,255,255,255,255,189,0,0,0,0,0,0,0,0,0,0,0,0,0,0,0,0,0,0,0,145,255,250,125,255,255,255,255,255,255,255,255,255,255,255,255,255,250,181,89,8,0,0,0,0,0,0,0,0,0,0,0,0,0,27,
109,255,255,255,255,193,0,0,0,0,0,0,0,0,0,0,0,0,0,0,0,0,0,0,0,47,242,255,254,255,255,255,255,255,255,255,235,254,254,253,198,107,22,0,0,0,0,0,0,0,0,0,0,0,0,0,0,0,0,0,
71,254,255,255,255,222,0,0,0,0,0,0,0,0,0,0,0,0,0,0,0,0,0,0,0,0,51,227,255,255,255,255,255,255,255,254,76,64,79,23,0,0,0,0,0,0,0,0,0,0,0,0,0,0,0,0,0,0,0,0,
26,254,255,255,255,251,11,0,0,0,0,0,0,0,0,0,0,0,0,0,0,0,0,0,0,0,0,23,194,255,255,255,255,255,255,254,50,0,0,0,0,0,0,0,0,0,0,0,0,0,0,0,0,0,0,0,0,0,0,0,
0,218,255,255,255,254,63,0,0,0,0,0,0,0,0,0,0,0,0,0,0,0,0,0,0,0,0,0,5,244,255,255,255,255,255,254,59,0,0,0,0,0,0,0,0,0,0,0,0,0,0,0,0,0,0,0,0,0,0,0,
0,144,255,255,255,255,124,0,0,0,0,0,0,0,0,0,0,0,0,0,0,0,0,0,0,0,0,0,15,235,255,255,255,255,255,255,227,21,0,0,0,0,0,0,0,0,0,0,0,0,0,0,0,0,0,0,0,0,0,0,
0,60,254,255,255,255,194,0,0,0,0,0,0,0,0,0,0,0,0,0,0,0,0,0,0,0,0,0,171,255,255,255,255,255,255,255,254,36,0,0,0,0,0,0,0,0,0,0,0,0,0,0,0,0,0,0,0,0,0,0,
0,0,218,255,255,255,250,16,0,0,0,0,0,0,0,0,0,0,0,0,0,0,0,0,0,0,0,105,254,255,255,255,255,255,255,255,255,97,0,0,0,0,0,0,0,0,0,0,0,0,0,0,0,0,0,0,0,0,0,0,
0,0,114,254,255,255,255,88,0,0,0,0,0,0,0,0,0,0,0,0,0,0,0,0,0,0,58,246,255,255,255,255,255,255,255,255,255,226,16,0,0,0,0,0,0,0,0,0,0,0,0,0,0,0,0,0,0,0,0,0,
0,0,16,245,255,255,255,166,0,0,0,0,0,0,0,0,0,0,0,0,0,0,0,0,0,53,236,255,255,254,255,255,255,255,255,255,255,255,184,3,0,0,0,0,0,0,0,0,0,0,0,0,0,0,0,0,0,0,0,0,
0,0,0,156,255,255,255,237,3,0,0,0,0,0,0,0,0,0,0,0,0,0,0,0,76,243,255,255,255,254,255,255,255,255,255,255,255,255,254,129,0,0,0,0,0,0,0,0,0,0,0,0,0,0,0,0,0,0,0,0,
0,0,0,81,255,255,255,254,42,0,0,0,0,0,0,0,0,0,0,0,0,0,0,114,252,255,255,255,255,255,255,255,255,255,255,255,255,255,255,249,38,0,0,0,0,0,0,0,0,0,0,0,0,0,0,0,0,0,0,0,
0,0,0,37,254,255,255,247,16,0,0,0,0,0,0,0,0,0,0,0,0,6,156,254,255,255,255,255,255,255,255,255,255,255,255,255,255,255,254,208,136,0,0,0,0,0,0,0,0,0,0,0,0,0,0,0,0,0,0,0,
0,0,0,39,254,255,255,161,0,0,0,0,0,0,0,0,0,0,0,0,20,194,255,255,255,255,255,255,255,255,255,255,255,255,255,255,255,255,255,87,0,0,0,0,0,0,0,0,0,0,0,0,0,0,0,0,0,0,0,0,
0,0,0,71,255,255,254,45,0,0,0,0,0,0,0,0,0,0,0,43,220,254,255,255,255,255,255,255,255,255,255,255,255,255,255,255,255,255,255,147,0,0,0,0,0,0,0,0,0,0,0,0,0,0,0,0,0,0,0,0,
0,0,0,103,255,255,195,0,0,0,0,0,0,0,0,0,0,0,71,240,255,255,255,255,255,255,255,255,255,255,255,255,255,255,255,255,255,255,255,198,0,0,0,0,0,0,0,0,0,0,0,0,0,0,0,0,0,0,0,0,
0,0,0,111,255,255,123,0,0,0,0,0,0,0,0,0,0,108,250,255,255,255,255,255,255,255,255,255,255,255,255,255,255,255,255,255,255,255,255,245,2,0,0,0,0,0,0,0,0,0,0,0,0,0,0,0,0,0,0,0,
0,0,0,87,255,255,93,0,0,0,0,0,0,0,0,3,159,254,255,255,255,255,255,255,255,255,255,255,255,255,255,255,255,255,255,255,255,255,255,254,32,0,0,0,0,0,0,0,0,0,0,0,0,0,0,0,0,0,0,0,
0,0,0,43,254,255,93,0,0,0,0,0,0,0,0,140,255,255,255,255,255,255,255,255,255,255,255,255,255,255,255,255,255,255,255,255,255,255,255,255,68,0,0,0,0,0,0,0,0,0,0,0,0,0,0,0,0,0,0,0,
