0,0,0,0,0,0,0,0,0,0,0,0,0,0,0,0,0,0,0,0,0,0,0,0,0,0,0,0,0,0,0,0,0,0,0,0,0,0,0,0,0,0,0,0,0,0,0,0,0,0,0,0,0,0,0,0,0,0,0,0,
0,0,0,0,0,0,0,0,0,0,0,0,0,0,0,0,0,0,0,0,0,0,0,0,0,0,0,0,0,0,0,0,0,0,0,0,0,0,0,0,0,0,0,0,0,0,0,0,0,0,0,0,0,0,0,0,0,0,0,0,
0,0,0,0,0,0,0,0,0,0,0,0,0,0,0,0,0,0,0,0,0,0,0,0,0,0,0,0,0,0,0,0,0,0,0,0,0,0,0,0,0,0,0,0,0,0,0,0,0,0,0,0,0,0,0,0,0,0,0,0,
0,0,0,0,0,0,0,0,0,0,0,0,0,0,0,0,0,0,0,0,0,0,0,0,0,0,0,0,0,0,0,0,0,0,0,0,0,0,0,0,0,0,0,0,0,0,0,0,0,0,0,0,0,0,0,0,0,0,0,0,
0,0,0,0,0,0,0,0,0,0,0,0,0,0,0,0,0,0,0,0,0,0,0,0,0,0,0,0,0,0,0,0,0,0,0,0,0,0,0,0,0,0,0,0,0,0,0,0,0,0,0,0,0,0,0,0,0,0,0,0,
0,0,0,0,0,0,0,0,0,0,0,0,0,0,0,0,0,0,0,0,0,0,0,0,0,0,0,0,55,137,165,134,33,0,0,0,0,0,0,0,0,0,0,0,0,0,0,0,0,0,0,0,0,0,0,0,0,0,0,0,
0,0,0,0,0,0,0,0,0,0,0,0,0,0,0,0,0,0,0,0,0,0,0,0,0,15,59,171,254,255,255,255,249,127,3,0,0,0,0,0,0,0,0,0,0,0,0,0,0,0,0,0,0,0,0,0,0,0,0,0,
0,0,0,0,0,0,0,0,0,0,0,0,0,0,0,0,0,0,0,0,0,0,0,0,76,238,254,255,255,255,255,255,255,255,158,3,0,0,0,0,0,0,0,0,0,0,0,0,0,0,0,0,0,0,0,0,0,0,0,0,
0,0,6,61,22,0,0,0,0,0,0,0,0,0,0,0,0,0,0,0,0,0,0,25,237,255,255,255,255,255,255,255,255,255,197,0,0,0,0,0,0,0,0,0,0,0,0,0,0,0,0,0,0,0,0,0,0,0,0,0,
0,0,117,254,253,210,133,54,0,0,0,0,0,0,0,0,0,0,0,0,0,0,2,196,255,255,255,255,255,255,255,255,255,255,162,0,0,0,0,0,0,0,0,0,0,0,0,0,0,0,0,0,0,0,0,0,0,0,0,0,
0,0,6,209,255,255,255,255,223,129,29,0,0,0,0,0,0,0,0,0,0,0,97,255,255,255,255,255,255,255,255,255,255,252,63,0,0,0,0,0,0,0,0,0,0,0,0,0,0,0,0,0,0,0,0,0,0,0,0,0,
0,0,3,239,255,255,255,255,255,255,246,114,32,0,0,0,0,0,0,0,0,5,221,255,255,255,255,255,255,255,255,255,255,255,182,0,0,0,0,0,0,0,0,0,0,0,0,0,0,0,0,0,0,0,0,0,0,0,0,0,
0,0,56,255,255,255,255,255,255,224,190,198,251,214,145,74,10,0,0,0,0,103,255,255,255,255,255,255,255,255,255,255,255,255,167,0,0,0,0,0,0,0,0,0,0,0,0,0,0,0,0,0,0,0,0,0,0,0,0,0,
0,0,121,255,255,255,255,255,255,102,0,0,20,90,161,230,248,189,123,53,36,225,255,255,255,255,255,255,255,255,255,255,255,254,133,0,0,0,0,0,0,0,0,0,0,0,0,0,0,0,0,0,0,0,0,0,0,0,0,0,
0,0,184,255,255,255,255,255,249,17,0,0,0,0,0,2,50,120,191,246,252,254,255,255,255,255,255,255,255,255,255,255,254,102,7,0,0,0,0,0,0,0,0,0,0,0,0,0,0,0,0,0,0,0,0,0,0,0,0,0,
0,0,235,255,255,255,255,255,188,0,0,0,0,0,0,0,0,0,0,30,80,136,214,254,254,255,255,255,255,255,255,255,255,127,5,0,0,0,0,0,0,0,0,0,0,0,0,0,0,0,0,0,0,0,0,0,0,0,0,0,
0,31,254,255,255,255,255,255,108,0,0,0,0,0,0,0,0,0,0,0,0,0,89,189,157,254,255,255,255,252,255,255,255,255,245,193,60,0,0,0,0,0,0,0,0,0,0,0,0,0,0,0,0,0,0,0,0,0,0,0,
0,71,254,255,255,255,255,254,37,0,0,0,0,0,0,0,0,0,0,0,0,0,16,8,160,254,255,255,255,255,255,255,255,255,255,255,246,73,12,0,0,0,0,0,0,0,0,0,0,0,0,0,0,0,0,0,0,0,0,0,
0,100,255,255,255,255,255,223,0,0,0,0,0,0,0,0,0,0,0,0,0,0,0,2,129,246,255,255,255,255,255,255,255,255,255,255,255,254,252,221,171,129,86,41,5,1,6,59,16,0,0,0,0,0,0,0,0,0,0,0,
0,124,255,255,255,255,255,169,0,0,0,0,0,0,0,0,0,0,0,0,0,0,0,20,71,193,252,210,248,255,255,255,255,255,255,255,254,113,73,121,167,215,250,254,250,225,234,251,242,167,73,0,0,0,0,0,0,0,0,0,
0,142,255,255,255,255,255,126,0,0,0,0,0,0,0,0,0,0,0,0,0,0,0,0,10,32,109,13,236,255,255,255,255,255,255,255,255,205,1,0,0,0,7,50,92,156,254,255,255,255,254,239,204,170,140,107,75,48,20,1,
0,148,255,255,255,255,255,97,0,0,0,0,0,0,0,0,0,0,0,0,0,0,0,0,0,0,0,37,255,255,255,255,255,255,255,255,255,254,115,0,0,0,0,0,0,17,251,255,255,254,121,142,189,234,254,254,254,254,255,242,
0,148,254,255,255,255,255,77,0,0,0,0,0,0,0,0,0,0,0,0,0,0,0,0,0,0,0,53,254,255,255,255,255,255,255,255,255,255,243,8,0,0,0,0,30,110,250,255,255,161,0,0,0,0,29,77,127,180,231,254,
0,148,254,255,255,255,254,64,0,0,0,0,0,0,0,0,0,0,0,0,0,0,0,0,0,0,4,209,255,255,255,255,255,255,255,255,255,255,254,33,0,52,131,207,254,255,255,255,194,12,0,0,0,0,0,0,0,0,0,32,
0,142,255,255,255,255,255,54,0,0,0,0,0,0,0,0,0,0,0,0,0,0,0,0,0,0,101,255,255,213,254,255,255,255,255,255,255,255,255,172,221,254,255,255,255,255,243,134,8,0,0,0,0,0,0,0,0,0,0,0,
0,125,255,255,255,255,254,39,0,0,0,0,0,0,0,0,0,0,0,0,0,0,0,0,0,0,186,255,221,18,235,255,255,255,255,255,255,255,255,255,255,255,255,254,220,117,18,0,0,0,0,0,0,0,0,0,0,0,0,0,
0,102,255,255,255,255,254,42,0,0,0,0,0,0,0,0,0,0,0,0,0,0,0,0,0,0,179,255,254,124,196,255,255,255,255,255,255,245,254,255,254,250,178,75,2,0,0,0,0,0,0,0,0,0,0,0,0,0,0,0,
0,75,255,255,255,255,254,58,0,0,0,0,0,0,0,0,0,0,0,0,0,0,0,0,0,0,45,231,255,254,250,255,255,255,255,255,255,231,67,135,106,24,0,0,0,0,0,0,0,0,0,0,0,0,0,0,0,0,0,0,
0,39,254,255,255,255,254,72,0,0,0,0,0,0,0,0,0,0,0,0,0,0,0,0,0,0,0,30,203,255,255,255,255,255,255,255,255,185,0,0,0,0,0,0,0,0,0,0,0,0,0,0,0,0,0,0,0,0,0,0,
0,2,244,255,255,255,254,95,0,0,0,0,0,0,0,0,0,0,0,0,0,0,0,0,0,0,0,0,7,154,255,255,255,255,255,255,255,178,0,0,0,0,0,0,0,0,0,0,0,0,0,0,0,0,0,0,0,0,0,0,
0,0,199,255,255,255,254,137,0,0,0,0,0,0,0,0,0,0,0,0,0,0,0,0,0,0,0,0,0,0,151,255,255,255,255,255,255,205,16,0,0,0,0,0,0,0,0,0,0,0,0,0,0,0,0,0,0,0,0,0,
0,0,134,255,255,255,255,192,0,0,0,0,0,0,0,0,0,0,0,0,0,0,0,0,0,0,0,0,0,0,174,255,255,255,255,255,255,255,167,0,0,0,0,0,0,0,0,0,0,0,0,0,0,0,0,0,0,0,0,0,
0,0,62,254,255,255,255,249,18,0,0,0,0,0,0,0,0,0,0,0,0,0,0,0,0,0,0,0,0,111,255,255,255,255,255,255,255,255,161,0,0,0,0,0,0,0,0,0,0,0,0,0,0,0,0,0,0,0,0,0,
0,0,2,228,255,255,255,254,94,0,0,0,0,0,0,0,0,0,0,0,0,0,0,0,0,0,0,0,48,247,255,255,255,255,255,255,255,255,242,20,0,0,0,0,0,0,0,0,0,0,0,0,0,0,0,0,0,0,0,0,
0,0,0,129,255,255,255,255,188,0,0,0,0,0,0,0,0,0,0,0,0,0,0,0,0,0,0,18,219,255,255,255,255,255,255,255,255,255,255,159,0,0,0,0,0,0,0,0,0,0,0,0,0,0,0,0,0,0,0,0,
0,0,0,22,245,255,255,255,252,34,0,0,0,0,0,0,0,0,0,0,0,0,0,0,0,0,14,200,254,255,255,255,255,255,255,255,255,255,255,254,112,0,0,0,0,0,0,0,0,0,0,0,0,0,0,0,0,0,0,0,
0,0,0,0,142,255,255,255,255,136,0,0,0,0,0,0,0,0,0,0,0,0,0,0,0,23,207,255,255,255,255,255,255,255,255,255,255,255,255,255,250,50,0,0,0,0,0,0,0,0,0,0,0,0,0,0,0,0,0,0,
0,0,0,0,20,240,255,255,255,231,6,0,0,0,0,0,0,0,0,0,0,0,0,0,34,218,255,255,255,255,255,255,255,255,255,255,255,255,255,255,255,198,0,0,0,0,0,0,0,0,0,0,0,0,0,0,0,0,0,0,
0,0,0,0,0,123,255,255,255,255,89,0,0,0,0,0,0,0,0,0,0,0,0,47,229,255,255,255,255,255,255,255,255,255,255,255,255,255,255,255,249,154,32,0,0,0,0,0,0,0,0,0,0,0,0,0,0,0,0,0,
0,0,0,0,0,13,239,255,255,255,185,0,0,0,0,0,0,0,0,0,0,0,61,236,255,255,255,255,255,255,255,255,255,255,255,255,255,255,255,255,254,48,0,0,0,0,0,0,0,0,0,0,0,0,0,0,0,0,0,0,
0,0,0,0,0,0,156,255,255,255,214,0,0,0,0,0,0,0,0,0,0,65,244,255,255,255,255,255,255,255,255,255,255,255,255,255,255,255,255,255,255,117,0,0,0,0,0,0,0,0,0,0,0,0,0,0,0,0,0,0,
0,0,0,0,0,0,100,255,255,255,141,0,0,0,0,0,0,0,0,0,65,244,255,255,255,255,255,255,255,255,255,255,255,255,255,255,255,255,255,255,255,178,0,0,0,0,0,0,0,0,0,0,0,0,0,0,0,0,0,0,
0,0,0,0,0,0,84,255,255,255,55,0,0,0,0,0,0,0,0,48,243,255,255,255,255,255,255,255,255,255,255,255,255,255,255,255,255,255,255,255,255,236,0,0,0,0,0,0,0,0,0,0,0,0,0,0,0,0,0,0,
0,0,0,0,0,0,98,254,255,226,1,0,0,0,0,0,0,0,35,232,255,255,255,255,255,255,255,255,255,255,255,255,255,255,255,255,255,255,255,255,255,254,31,0,0,0,0,0,0,0,0,0,0,0,0,0,0,0,0,0,
0,0,0,0,0,0,95,255,255,162,0,0,0,0,0,0,0,15,213,255,255,255,255,255,255,255,255,255,255,255,255,255,255,255,255,255,255,255,255,255,255,254,75,0,0,0,0,0,0,0,0,0,0,0,0,0,0,0,0,0,
