255,255,255,255,255,255,255,255,255,255,255,255,255,255,255,255,255,255,255,255,255,255,255,255,255,255,255,255,255,255,255,255,255,255,255,255,255,254,255,255,255,255,255,255,255,255,255,255,255,255,255,255,255,255,255,255,255,255,255,255,
255,255,255,255,255,255,255,255,255,255,255,255,255,255,255,255,255,255,255,255,255,255,255,255,255,255,255,255,255,255,255,255,255,255,248,140,82,94,232,255,255,255,255,255,255,255,255,255,255,255,255,255,255,255,255,255,255,255,255,255,
255,255,255,255,255,255,255,255,255,255,255,255,255,255,255,255,255,255,255,255,255,254,255,255,255,255,255,255,255,255,255,255,255,255,136,0,0,0,21,185,255,255,255,255,255,255,255,255,255,255,255,255,255,255,255,255,255,255,255,255,
255,255,255,255,255,255,255,255,255,255,255,255,255,255,254,255,255,255,255,255,255,255,255,255,255,255,255,255,255,255,255,255,255,254,86,0,0,0,0,5,162,254,254,254,254,255,255,255,254,255,255,255,255,255,255,255,255,255,255,255,
255,255,255,255,255,255,255,255,255,255,255,255,255,255,255,255,255,255,255,255,255,255,255,255,255,255,255,255,255,255,255,255,255,255,104,0,0,0,0,0,1,73,107,55,77,169,254,255,255,255,255,255,255,255,255,255,255,255,255,255,
255,255,255,255,255,255,255,255,255,255,255,255,255,255,255,255,255,255,255,255,255,255,255,255,255,255,255,255,255,255,255,255,254,255,182,0,0,0,0,0,0,0,0,0,0,0,127,254,255,255,255,255,255,255,255,255,255,255,255,255,
255,255,255,255,255,255,255,255,255,255,255,255,255,255,255,255,255,255,255,255,255,255,255,255,255,255,255,255,255,255,255,255,255,244,142,2,0,0,0,0,0,0,0,0,0,0,0,172,255,255,255,255,255,255,255,255,255,255,255,255,
255,255,255,255,255,255,255,255,255,255,255,255,255,255,255,255,255,255,255,255,255,255,255,255,255,255,255,255,255,255,255,255,186,31,0,0,0,0,0,0,0,0,0,0,0,0,0,27,244,255,255,255,255,255,255,255,255,255,255,255,
255,255,255,255,255,255,255,255,255,255,255,255,255,255,255,255,255,255,255,255,255,255,255,255,255,255,255,255,255,255,254,149,3,0,0,0,0,0,0,0,0,0,0,0,0,0,0,0,172,255,255,255,255,255,255,255,255,255,255,255,
255,255,255,255,255,255,255,255,255,255,255,255,255,255,255,255,255,255,255,255,255,255,255,255,255,255,255,255,255,255,172,1,0,0,0,0,0,0,0,0,0,0,0,0,0,0,0,0,138,255,255,255,255,255,255,255,255,255,255,255,
255,255,255,255,255,255,255,255,255,255,255,255,255,255,255,255,255,255,255,255,255,255,255,255,255,255,255,255,255,237,23,0,0,0,0,0,0,0,0,0,0,0,0,0,0,0,0,0,41,253,255,255,255,255,255,255,255,255,255,255,
255,255,255,255,255,255,255,255,255,255,255,255,255,255,255,255,255,255,255,255,255,255,255,255,255,255,255,255,255,131,0,0,0,0,0,0,0,0,0,0,0,0,0,0,0,0,0,0,0,180,255,255,255,255,255,255,255,255,255,255,
255,255,255,255,255,255,255,255,255,255,255,255,255,255,255,255,255,255,255,255,255,255,255,255,255,255,255,255,254,66,0,0,0,0,0,0,0,0,0,0,0,0,0,0,0,0,0,0,0,88,255,255,255,255,255,255,255,255,255,255,
255,255,255,255,255,255,255,255,255,255,255,255,255,255,255,255,255,255,255,255,255,255,255,255,255,255,255,255,254,30,0,0,0,0,0,0,0,0,0,0,0,0,0,0,0,0,0,0,0,12,247,255,255,255,255,255,255,255,255,255,
255,255,255,255,255,255,255,255,255,255,255,255,255,255,255,255,255,255,255,255,255,255,255,255,255,255,255,255,208,3,0,0,0,0,0,0,0,0,0,0,0,0,0,0,0,0,0,0,0,0,191,255,255,255,255,255,255,255,255,255,
255,255,255,255,255,255,255,255,255,255,255,255,255,255,255,255,255,255,255,255,255,255,255,255,255,255,255,254,222,33,0,0,0,0,0,0,0,0,0,0,0,0,0,0,0,0,0,0,0,0,133,255,255,255,255,255,255,255,255,255,
255,255,255,255,255,255,255,255,255,255,255,255,255,255,255,255,255,255,255,255,255,255,255,255,255,255,255,255,254,82,0,0,0,0,0,0,0,0,0,0,0,0,0,0,0,0,0,0,0,0,77,254,255,255,255,255,255,255,255,255,
255,255,255,255,255,255,255,255,255,255,255,255,255,255,255,255,255,255,255,255,255,255,255,255,255,255,255,255,254,207,48,9,0,0,0,0,0,0,0,0,0,0,0,0,0,0,0,0,0,0,37,254,255,255,255,255,255,255,255,255,
255,255,255,255,255,255,255,255,255,255,255,255,255,255,255,255,255,255,255,255,255,255,255,255,255,254,255,255,255,255,245,144,58,0,0,0,0,0,0,0,0,0,0,0,0,0,0,0,0,0,5,250,255,255,255,255,255,255,255,255,
255,255,255,255,255,255,255,255,255,255,255,255,255,255,255,255,255,255,255,255,255,255,255,255,255,255,254,255,255,255,255,254,115,0,0,0,0,0,0,0,0,0,0,0,0,0,0,0,0,0,0,230,255,255,255,255,255,255,255,255,
255,255,255,255,255,255,255,255,255,255,255,255,255,255,255,255,255,255,255,255,255,255,255,254,255,255,255,255,255,255,255,217,11,0,0,0,0,0,0,0,0,0,0,0,0,0,0,0,0,0,0,209,255,255,255,255,255,255,255,255,
255,255,255,255,255,255,255,255,255,255,255,255,255,255,255,255,255,255,255,255,255,255,255,255,255,255,255,255,255,255,255,253,155,0,0,0,0,0,0,0,0,0,0,0,0,0,0,0,0,0,0,194,255,255,254,255,255,255,255,255,
255,255,255,255,255,255,255,255,255,255,255,255,255,255,255,255,255,255,255,255,255,255,255,255,255,255,255,255,255,255,255,255,254,82,0,0,0,0,0,0,0,0,0,0,0,0,0,0,0,0,0,184,255,255,255,255,255,255,255,255,
255,255,255,255,255,255,255,255,255,255,255,255,255,255,255,255,255,255,255,255,255,255,255,255,255,255,255,255,255,255,255,255,255,250,59,0,0,0,0,0,0,0,0,0,0,0,0,0,0,0,0,172,255,255,255,255,255,255,255,255,
255,255,255,255,255,255,255,255,255,255,255,255,255,255,255,255,255,255,255,255,255,255,255,255,255,255,255,255,255,255,255,255,255,255,169,0,0,65,7,0,0,0,0,0,0,0,0,0,0,0,0,165,255,255,255,255,255,255,255,255,
255,255,255,255,255,255,255,255,255,255,255,255,255,255,255,254,255,255,255,255,251,254,255,255,255,255,255,255,255,255,255,255,255,255,161,0,0,78,34,0,0,0,0,0,0,0,0,0,12,0,0,154,255,255,255,255,255,255,255,255,
255,255,255,255,255,255,255,255,255,255,255,255,255,255,255,255,255,254,255,255,172,240,216,225,254,255,255,255,255,255,255,255,255,255,235,0,0,0,0,0,0,0,0,0,0,0,0,0,60,11,0,142,255,255,255,255,255,255,255,255,
255,255,255,255,255,255,255,255,255,255,255,255,255,255,255,255,255,255,244,151,57,1,0,1,136,254,255,255,255,255,255,255,255,255,248,52,0,0,0,0,0,0,0,0,0,0,0,0,31,82,55,124,255,255,255,255,255,255,255,255,
255,255,255,255,255,255,255,255,255,255,255,255,255,255,255,255,255,245,37,0,0,0,0,0,8,243,255,255,255,255,255,255,255,255,254,104,0,0,0,0,0,0,0,0,0,0,0,0,65,159,146,116,255,255,255,255,255,255,255,255,
255,255,255,255,255,255,255,255,255,255,255,255,255,255,255,255,255,186,0,0,0,0,0,0,0,200,255,255,255,255,255,255,255,255,255,116,0,0,0,0,0,0,0,0,0,0,0,0,152,199,150,219,254,255,255,255,255,255,255,255,
255,255,255,255,255,255,255,255,255,255,255,255,255,255,255,255,255,126,0,0,0,0,0,0,0,184,255,255,255,255,255,255,255,255,251,26,0,0,0,0,0,0,0,0,0,0,0,0,202,229,215,254,255,255,255,255,255,255,255,255,
255,255,255,255,255,255,255,255,255,255,255,255,255,255,255,255,255,181,0,0,0,0,0,0,0,157,255,255,255,255,255,255,230,218,182,0,0,0,0,0,0,0,0,0,0,0,42,40,184,255,255,255,255,255,255,255,255,255,255,255,
255,255,255,255,255,255,255,255,255,255,255,255,255,255,255,255,255,217,0,0,0,0,0,0,0,15,161,251,255,255,255,254,20,0,15,0,0,0,0,0,0,0,0,0,0,0,37,170,140,255,255,255,255,255,255,255,255,255,255,255,
255,255,255,255,255,255,255,255,255,255,255,255,255,255,255,255,254,254,62,0,0,0,0,0,0,0,0,64,228,255,255,254,22,0,0,0,0,0,0,0,0,0,0,0,0,0,5,235,234,255,255,255,255,255,255,255,255,255,255,255,
255,255,255,255,255,255,255,255,255,255,255,255,255,255,255,255,255,255,232,29,0,0,0,0,0,0,0,0,22,189,254,245,20,0,0,0,0,0,0,0,0,0,0,0,0,0,0,190,255,255,255,255,255,255,255,255,255,255,255,255,
255,255,255,255,255,255,255,255,255,255,255,255,255,255,255,255,255,255,255,231,127,49,4,0,0,0,0,0,0,3,140,83,0,0,0,0,0,0,0,0,0,0,0,0,0,0,0,136,255,255,255,255,254,255,255,255,255,255,255,255,
255,255,255,255,255,255,255,255,255,255,255,255,255,255,255,255,255,255,255,255,255,254,96,0,0,0,0,0,0,0,0,0,0,0,0,0,0,0,0,0,0,0,0,0,0,0,0,106,254,255,255,255,255,255,255,255,255,255,255,255,
255,255,255,255,255,255,255,255,255,255,255,255,255,255,255,255,255,255,255,255,255,252,19,0,0,0,0,0,0,0,0,0,0,0,0,0,0,0,0,0,0,0,0,0,0,0,0,51,254,255,255,255,255,255,255,255,255,255,255,255,
255,255,255,255,255,255,255,255,255,255,255,255,255,254,255,255,255,255,255,255,255,209,0,0,0,0,0,0,0,0,0,0,0,0,0,0,0,0,0,0,0,0,0,0,0,0,0,27,254,255,255,255,255,255,254,255,255,255,255,255,
255,255,255,255,255,255,255,255,255,255,255,255,255,255,255,255,255,255,255,255,255,177,0,0,0,0,0,0,0,0,0,0,0,0,0,0,0,0,0,0,0,0,0,0,0,0,0,0,231,251,173,95,192,255,255,255,255,255,255,255,
255,255,255,255,255,255,255,255,255,255,255,255,255,255,255,255,255,255,255,255,255,165,0,0,0,0,0,0,0,0,0,0,0,0,0,0,0,0,0,0,0,0,0,0,0,0,0,0,102,32,0,51,250,255,255,255,255,255,255,255,
255,255,255,255,255,255,255,255,255,255,255,255,255,255,255,255,255,255,255,255,255,158,0,0,0,0,0,0,0,0,0,0,0,0,0,0,0,0,0,0,0,0,0,0,0,0,0,0,0,94,210,252,255,255,255,255,255,255,255,255,
255,255,255,255,255,255,255,255,255,255,255,255,255,255,255,255,255,255,255,255,255,116,0,0,0,0,0,0,0,0,0,0,0,0,15,0,0,0,0,0,0,0,0,0,0,0,0,0,0,150,255,255,255,254,255,255,255,255,255,255,
255,255,255,255,255,255,255,255,255,255,255,255,255,255,255,255,255,255,255,255,254,54,0,0,0,0,0,0,0,0,0,0,0,0,75,0,0,0,0,0,0,0,0,0,0,0,0,0,0,130,255,255,255,255,255,255,255,255,255,255,
255,255,255,255,255,255,255,255,255,255,255,255,255,255,255,255,255,255,255,255,253,15,0,0,0,0,0,0,0,0,0,0,0,25,66,0,0,0,0,0,0,0,0,0,0,0,0,0,0,35,246,255,255,255,255,255,255,255,255,255,
