0,0,0,0,0,0,0,0,0,0,0,0,0,0,0,0,0,0,0,0,0,0,0,0,0,0,0,0,0,0,0,0,0,0,0,0,0,0,0,0,0,0,0,0,0,0,0,0,0,0,0,0,0,0,0,0,0,0,0,0,
0,0,0,0,0,0,0,0,0,0,0,0,0,0,0,0,0,0,0,0,0,0,0,0,0,0,0,0,0,0,0,0,0,0,0,0,0,0,0,0,0,0,0,0,0,0,0,0,0,0,0,0,0,0,0,0,0,0,0,0,
0,0,0,0,0,0,0,0,0,0,0,0,0,0,0,0,0,0,0,0,0,0,0,0,30,0,0,0,0,0,0,0,0,0,0,0,0,0,0,0,0,0,0,0,0,0,0,0,0,0,0,0,0,0,0,0,0,0,0,0,
0,0,0,0,0,0,0,0,0,0,0,0,0,0,0,0,2,1,0,0,0,0,0,43,254,217,140,41,0,0,0,0,0,0,0,0,5,14,0,0,0,0,0,0,0,0,0,0,0,0,0,0,0,0,0,0,0,0,0,0,
0,0,0,0,0,0,0,0,0,0,0,0,0,0,0,0,15,8,0,0,0,0,0,132,255,255,255,251,160,24,0,0,6,79,162,225,252,186,0,0,0,0,0,0,0,0,0,0,0,0,0,0,0,0,0,0,0,0,0,0,
0,0,0,0,0,0,0,0,0,0,0,0,0,0,0,2,52,20,0,0,0,0,0,213,255,255,255,255,255,237,227,212,231,254,255,255,255,148,0,0,0,0,0,0,0,0,0,0,0,0,0,0,0,0,0,0,0,0,0,0,
0,0,0,0,0,0,0,0,0,0,0,0,0,0,0,8,93,35,0,0,0,0,15,254,255,255,255,255,255,255,255,255,255,255,255,255,255,96,0,0,0,0,0,0,0,0,0,0,0,0,0,0,0,0,0,0,0,0,0,0,
0,0,0,0,0,0,0,0,0,0,0,0,0,0,0,19,112,49,1,0,0,0,10,197,203,238,255,255,255,255,255,255,255,255,255,255,254,35,0,0,0,0,0,0,0,0,0,0,0,0,0,0,0,0,0,0,0,0,0,0,
0,0,0,0,0,0,0,0,0,0,0,0,0,0,1,30,78,43,5,6,0,0,0,0,0,97,250,255,255,255,255,255,255,255,237,202,199,1,0,0,0,0,0,0,0,0,0,0,0,0,0,0,0,0,0,0,0,0,0,0,
0,0,0,0,0,0,0,0,0,0,0,0,1,4,6,31,48,56,19,27,0,0,0,0,0,152,255,255,255,255,255,255,255,255,255,110,1,0,0,0,0,0,0,0,1,0,0,0,0,0,0,0,0,0,0,0,0,0,0,0,
0,0,0,0,0,0,0,0,0,0,0,0,10,27,9,29,41,84,42,57,2,0,0,0,6,241,255,255,255,255,255,255,255,255,255,203,0,0,0,0,0,0,0,1,9,7,0,0,0,0,0,0,0,0,0,0,0,0,0,0,
0,0,0,0,0,0,0,0,0,0,0,0,23,47,29,54,65,97,82,101,4,0,0,0,55,251,255,255,255,255,255,255,255,255,255,225,0,0,0,0,0,0,1,16,37,24,0,0,0,0,0,0,0,0,0,0,0,0,0,0,
0,0,0,0,0,0,0,0,0,0,0,0,15,58,108,151,158,134,132,149,7,0,0,0,92,255,255,255,255,255,255,255,255,255,255,193,0,0,0,0,0,0,8,46,97,46,2,6,0,0,0,0,0,0,0,0,0,0,0,0,
0,0,0,0,0,0,0,0,0,0,0,0,7,97,205,240,242,200,153,147,12,0,0,0,114,255,255,255,255,255,255,255,255,255,255,101,0,0,0,0,0,0,25,100,153,74,24,42,4,0,0,0,0,0,0,0,0,0,0,0,
0,0,0,0,0,0,0,0,0,0,0,0,10,148,236,252,250,242,182,110,16,0,0,0,141,255,255,255,255,255,255,255,255,255,254,52,0,0,0,0,0,2,56,128,159,115,58,78,11,0,0,0,0,0,0,0,0,0,0,0,
0,0,0,0,0,0,0,0,0,0,0,0,7,111,203,250,234,252,210,154,57,2,0,0,187,255,255,255,255,255,255,255,255,255,255,68,0,0,0,0,0,11,52,99,162,179,87,90,26,0,0,0,0,0,0,0,0,0,0,0,
0,0,0,0,0,0,0,0,0,0,0,0,31,97,170,251,249,254,246,219,88,1,0,0,227,255,255,255,255,255,255,255,255,255,255,78,0,0,0,0,5,28,46,103,227,233,129,97,51,0,0,0,0,0,0,0,0,0,0,0,
0,0,0,0,0,0,0,0,0,0,0,0,29,112,162,254,255,255,254,238,65,0,0,12,253,255,255,255,255,255,255,255,255,255,254,87,0,0,0,0,7,53,98,198,251,252,211,118,52,0,0,0,0,0,0,0,0,0,0,0,
0,0,0,0,0,0,0,0,0,0,0,0,2,32,184,254,255,255,252,146,42,0,17,71,254,255,255,255,255,255,255,255,255,255,254,99,0,0,0,1,8,83,138,251,254,252,235,185,28,0,0,0,0,0,0,0,0,0,0,0,
0,0,0,0,0,0,0,0,0,0,0,0,0,15,181,252,255,255,236,77,10,0,165,254,254,255,255,255,255,255,255,255,255,255,255,213,241,51,0,1,26,63,209,252,255,254,254,234,35,0,0,0,0,0,0,0,0,0,0,0,
0,0,0,0,0,0,0,0,0,0,0,0,0,4,89,172,252,254,142,8,0,0,182,254,255,255,255,255,255,255,255,255,255,255,255,255,254,52,0,0,12,24,211,254,255,255,255,227,34,0,0,0,0,0,0,0,0,0,0,0,
0,0,0,0,0,0,0,0,0,0,0,0,38,106,89,130,202,149,19,0,0,0,78,251,255,255,255,255,255,255,255,255,255,255,255,255,208,4,0,0,0,2,145,254,255,255,254,159,10,0,0,0,0,0,0,0,0,0,0,0,
0,0,0,0,0,0,0,0,0,0,0,33,247,254,254,254,234,125,113,0,0,44,241,255,255,255,255,255,255,255,255,255,255,255,255,255,254,118,0,0,0,1,119,254,255,255,238,65,1,0,0,0,0,0,0,0,0,0,0,0,
0,0,0,0,0,0,0,0,0,0,0,0,76,218,254,255,255,254,253,142,0,123,255,255,255,255,255,255,255,255,255,255,255,255,255,255,255,246,22,0,0,0,34,212,239,226,166,12,0,0,0,0,0,0,0,0,0,0,0,0,
0,0,0,0,0,0,0,0,0,0,0,0,0,2,54,114,253,255,255,247,11,194,255,255,255,255,255,255,255,255,255,255,255,255,255,255,255,252,24,0,0,0,1,47,113,103,94,15,0,0,0,0,0,0,0,0,0,0,0,0,
0,0,0,0,0,0,0,0,0,0,0,0,0,0,0,25,254,255,255,254,173,254,255,255,255,255,255,255,255,255,255,255,255,255,255,255,255,254,61,0,62,167,159,203,254,253,225,129,0,0,0,0,0,0,0,0,0,0,0,0,
0,0,0,0,0,0,0,0,0,0,0,0,0,0,0,0,144,254,255,255,254,255,255,255,255,255,255,255,255,255,255,255,255,255,232,255,255,255,147,60,244,255,255,255,255,254,203,213,67,0,0,0,0,0,0,0,0,0,0,0,
0,0,0,0,0,0,0,0,0,0,0,0,0,0,0,0,2,176,255,255,255,255,255,254,255,255,255,255,255,255,255,255,255,255,226,250,255,255,235,241,255,255,255,254,241,199,143,81,14,0,0,0,0,0,0,0,0,0,0,0,
0,0,0,0,0,0,0,0,0,0,0,0,0,0,0,0,0,26,241,255,255,255,189,249,255,255,255,255,255,255,255,255,255,255,217,162,254,255,255,255,255,255,255,178,31,3,0,0,0,0,0,0,0,0,0,0,0,0,0,0,
0,0,0,0,0,0,0,0,0,0,0,0,0,0,0,0,0,0,126,255,255,224,22,233,255,255,255,255,255,255,255,255,255,255,223,66,188,255,255,255,254,225,141,30,0,0,0,0,0,0,0,0,0,0,0,0,0,0,0,0,
0,0,0,0,0,0,0,0,0,0,0,0,0,0,0,0,0,0,9,150,157,31,96,217,255,255,255,255,255,255,255,255,255,255,247,200,190,248,255,244,110,4,0,0,0,0,0,0,0,0,0,0,0,0,0,0,0,0,0,0,
0,0,0,0,0,0,0,0,0,0,0,0,0,0,0,0,0,0,0,0,0,0,208,254,255,255,255,255,255,255,255,255,255,255,231,149,84,54,133,42,0,0,0,0,0,0,0,0,0,0,0,0,0,0,0,0,0,0,0,0,
0,0,0,0,0,0,0,0,0,0,0,0,0,0,0,0,0,0,0,0,0,0,84,73,247,254,255,255,255,255,255,255,255,255,244,0,0,0,0,0,0,0,0,0,0,0,0,0,0,0,0,0,0,0,0,0,0,0,0,0,
0,0,0,0,0,0,0,0,0,0,0,0,0,0,0,0,0,0,0,0,0,0,0,4,213,244,255,255,255,255,255,255,255,255,226,0,0,0,0,0,0,0,0,0,0,0,0,0,0,0,0,0,0,0,0,0,0,0,0,0,
0,0,0,0,0,0,0,0,0,0,0,0,0,0,0,0,0,0,0,0,0,0,0,0,129,238,255,255,255,255,255,255,255,255,223,0,0,0,0,0,0,0,0,0,0,0,0,0,0,0,0,0,0,0,0,0,0,0,0,0,
0,0,0,0,0,0,0,0,0,0,0,0,0,0,0,0,0,0,0,0,0,0,0,0,118,254,255,255,255,255,255,255,255,255,254,53,0,0,0,0,0,0,0,0,0,0,0,0,0,0,0,0,0,0,0,0,0,0,0,0,
0,0,0,0,0,0,0,0,0,0,0,0,0,0,0,0,0,0,0,0,0,0,0,0,163,255,255,255,255,255,255,255,255,255,255,143,0,0,0,0,0,0,0,0,0,0,0,0,0,0,0,0,0,0,0,0,0,0,0,0,
0,0,0,0,0,0,0,0,0,0,0,0,0,0,0,0,0,0,0,0,0,0,0,22,246,255,255,255,255,255,255,255,255,255,255,241,19,0,0,0,0,0,0,0,0,0,0,0,0,0,0,0,0,0,0,0,0,0,0,0,
0,0,0,0,0,0,0,0,0,0,0,0,0,0,0,0,0,0,0,0,0,0,0,118,255,255,255,255,255,255,255,255,255,255,255,255,114,0,0,0,0,0,0,0,0,0,0,0,0,0,0,0,0,0,0,0,0,0,0,0,
0,0,0,0,0,0,0,0,0,0,0,0,0,0,0,0,0,0,0,0,0,0,0,204,255,255,255,255,255,255,255,255,255,255,255,255,204,0,0,0,0,0,0,0,0,0,0,0,0,0,0,0,0,0,0,0,0,0,0,0,
0,0,0,0,0,0,0,0,0,0,0,0,0,0,0,0,0,0,0,0,0,0,28,254,255,255,255,255,255,255,255,255,255,255,255,255,254,40,0,0,0,0,0,0,0,0,0,0,0,0,0,0,0,0,0,0,0,0,0,0,
0,0,0,0,0,0,0,0,0,0,0,0,0,0,0,0,0,0,0,0,0,0,101,254,255,255,255,255,255,255,255,255,255,255,255,255,255,125,0,0,0,0,0,0,0,0,0,0,0,0,0,0,0,0,0,0,0,0,0,0,
0,0,0,0,0,0,0,0,0,0,0,0,0,0,0,0,0,0,0,0,0,0,183,255,255,255,255,255,255,255,255,255,255,255,255,255,255,211,0,0,0,0,0,0,0,0,0,0,0,0,0,0,0,0,0,0,0,0,0,0,
0,0,0,0,0,0,0,0,0,0,0,0,0,0,0,0,0,0,0,0,0,5,243,255,255,255,255,255,255,255,255,255,255,255,255,255,255,254,39,0,0,0,0,0,0,0,0,0,0,0,0,0,0,0,0,0,0,0,0,0,
0,0,0,0,0,0,0,0,0,0,0,0,0,0,0,0,0,0,0,0,0,45,255,255,255,255,255,255,255,255,255,255,255,255,255,255,255,255,109,0,0,0,0,0,0,0,0,0,0,0,0,0,0,0,0,0,0,0,0,0,
