4,21,53,68,110,140,139,151,160,156,168,246,255,255,254,196,125,105,96,80,76,100,141,163,153,96,73,98,88,72,87,128,141,120,75,44,33,57,125,199,251,255,255,255,255,250,242,226,241,254,254,225,145,83,75,108,115,73,28,4,
2,24,58,69,96,139,112,115,121,128,145,235,255,255,255,220,139,121,112,98,106,115,153,184,160,83,61,94,94,88,108,151,158,129,89,64,47,67,125,194,252,255,255,255,255,255,254,238,246,255,254,236,158,85,85,124,127,82,31,4,
1,23,62,74,97,140,102,88,96,102,128,234,255,255,255,240,180,164,141,137,144,148,173,206,153,83,77,114,119,104,123,160,158,144,108,86,64,72,120,185,250,255,255,255,255,255,255,247,251,255,255,237,161,89,95,129,128,78,29,3,
1,22,68,95,120,136,96,74,86,86,126,235,255,255,255,252,217,205,189,190,193,198,204,210,144,97,116,145,143,113,134,167,144,170,141,120,88,83,124,188,253,255,255,255,255,255,255,254,254,255,255,236,169,117,114,138,121,71,25,5,
0,19,65,106,142,144,90,65,73,75,143,246,255,255,255,254,234,241,238,240,246,246,235,207,151,117,157,174,162,121,135,174,144,180,164,151,111,104,138,204,253,255,255,255,255,255,255,255,255,255,255,237,180,157,123,140,110,60,18,5,
0,13,56,123,166,153,112,80,87,95,185,254,255,255,255,255,253,254,255,255,255,254,250,198,164,146,184,197,166,111,133,163,170,183,181,182,145,136,166,230,254,255,255,255,255,255,255,255,255,255,254,250,208,189,147,143,97,48,15,3,
0,8,45,108,148,153,137,115,122,141,222,254,255,255,255,255,255,255,255,255,255,255,244,182,154,147,202,194,149,111,134,155,179,193,205,219,191,185,215,251,255,255,255,255,255,255,255,255,255,255,255,254,252,237,186,161,102,44,17,13,
0,7,38,78,95,128,146,133,157,201,247,255,255,255,255,255,255,255,255,255,255,255,239,168,144,164,200,182,123,88,103,126,144,178,211,244,239,234,250,255,255,255,255,255,255,255,255,255,255,255,255,255,255,251,206,171,100,39,26,38,
1,11,37,69,68,100,141,137,157,239,254,255,255,255,255,255,255,255,255,255,255,255,244,174,152,170,212,195,111,60,70,88,102,155,218,251,254,254,254,255,255,255,255,255,255,255,254,254,255,255,255,255,255,245,204,168,91,41,36,59,
3,21,51,80,77,89,140,156,178,249,255,255,255,255,255,255,255,255,255,255,255,255,252,192,164,181,227,193,98,43,41,58,75,125,213,253,255,255,255,255,255,255,255,255,255,255,252,250,255,255,255,255,255,248,208,156,84,44,40,68,
9,28,72,112,123,109,158,191,229,254,255,255,255,255,255,255,255,255,255,255,255,255,253,216,177,200,233,169,83,35,26,33,45,106,195,252,255,255,255,255,255,255,255,255,255,255,253,253,255,255,255,255,255,249,215,151,81,44,43,60,
28,39,92,145,174,169,196,230,252,255,255,255,255,255,255,255,255,255,255,255,255,255,255,249,234,249,239,161,78,32,17,19,38,110,208,253,255,255,255,255,255,255,255,255,255,255,255,255,255,255,255,255,255,248,217,150,77,42,39,46,
60,60,113,172,205,218,234,251,254,255,255,255,255,255,255,255,255,255,255,255,255,255,255,255,255,254,236,157,86,36,14,19,51,123,225,254,255,255,255,255,255,255,255,255,255,255,255,255,255,255,255,255,255,254,229,148,72,37,31,31,
85,82,110,164,203,219,252,255,255,255,255,255,255,255,255,255,255,255,255,255,255,255,255,255,255,255,229,166,111,42,15,29,69,126,205,254,255,255,255,255,255,255,255,255,255,255,255,255,255,255,255,255,254,254,238,148,66,31,21,16,
104,104,103,144,190,211,253,255,255,255,255,255,255,255,255,255,255,255,255,255,255,254,255,255,255,254,235,198,134,47,12,31,72,110,156,250,255,255,255,255,255,255,255,255,255,255,255,255,255,254,252,238,209,239,225,132,54,21,10,6,
96,106,107,132,188,213,249,254,255,255,255,255,255,255,255,255,255,255,255,255,254,255,255,255,255,255,250,237,145,40,8,31,69,111,148,242,255,255,255,255,255,255,255,255,255,255,255,255,255,253,216,174,168,211,170,99,37,10,3,1,
68,87,102,126,179,220,233,252,255,255,255,255,255,255,255,255,255,255,255,255,255,254,255,255,255,255,254,241,134,29,4,25,76,175,238,254,255,255,255,255,255,255,255,255,255,255,255,255,255,246,179,135,123,175,123,53,17,2,1,0,
66,68,78,115,158,205,227,253,255,255,255,255,255,255,255,255,255,254,255,255,255,255,255,255,255,255,255,251,199,185,152,120,228,254,255,255,255,255,255,255,255,255,255,255,255,255,255,255,254,245,166,130,105,143,94,26,6,0,0,0,
38,39,45,78,108,140,207,253,255,255,255,255,255,255,255,255,255,255,255,255,255,254,255,255,255,255,255,255,255,255,254,254,255,255,255,255,255,255,255,255,255,255,255,255,255,255,255,255,255,253,182,157,137,137,80,16,2,0,0,0,
11,16,24,47,65,75,159,250,255,255,255,255,255,255,255,255,255,255,255,255,255,255,255,255,255,255,255,255,255,255,255,255,255,255,255,255,255,255,255,255,255,255,255,255,255,255,255,255,255,255,245,210,157,123,59,9,0,0,0,0,
1,5,18,41,59,61,124,239,255,255,255,255,255,255,255,255,255,255,255,255,255,255,255,255,255,255,255,255,255,255,255,255,255,255,255,255,255,255,255,255,255,255,255,255,255,255,255,254,255,255,254,217,153,107,41,4,0,0,0,0,
0,9,31,59,87,102,131,219,254,255,255,255,255,255,255,255,255,255,255,255,255,255,255,255,255,255,255,255,255,255,255,255,255,255,255,255,255,254,254,255,255,255,255,255,255,255,255,255,255,255,254,244,179,93,26,1,0,0,0,0,
0,13,45,89,128,157,167,198,253,255,255,255,255,255,255,255,255,255,255,255,255,255,253,255,255,255,255,255,255,255,255,255,255,255,255,255,250,253,255,255,255,255,255,255,255,255,255,255,255,255,254,248,175,72,13,0,0,0,0,0,
1,8,40,96,142,169,175,194,251,255,255,255,255,255,255,255,255,255,255,255,255,255,252,255,255,255,255,255,255,255,255,255,255,255,255,255,250,225,254,255,255,255,255,255,255,255,255,255,255,254,243,191,96,29,3,0,0,0,0,0,
0,3,22,65,113,150,171,181,238,255,255,255,255,255,255,255,255,255,255,255,255,254,254,255,255,255,255,255,255,255,255,255,255,255,255,255,254,196,246,255,255,255,255,255,255,255,255,255,254,225,150,72,25,3,0,0,0,0,0,0,
0,0,5,25,58,90,111,151,251,255,255,255,255,255,255,255,255,255,255,255,255,250,253,255,255,255,255,255,255,255,255,255,255,255,255,255,255,218,250,255,255,255,255,255,255,255,255,242,194,129,60,15,1,0,0,0,0,0,0,0,
0,0,0,4,14,27,36,96,252,255,255,255,255,255,255,255,255,255,255,254,254,231,247,255,255,255,255,255,255,255,255,255,255,255,255,255,255,196,250,255,255,255,255,255,255,255,254,237,235,238,215,37,0,0,0,0,0,0,0,0,
0,0,0,0,0,1,3,10,61,221,255,255,255,255,255,255,254,255,247,241,224,165,208,255,255,255,255,255,255,255,255,255,255,255,255,255,254,142,231,254,255,255,255,255,255,255,255,255,255,255,254,82,0,0,0,0,0,0,0,0,
0,0,0,0,0,0,0,0,4,124,255,255,255,255,255,254,244,254,184,163,136,84,195,255,255,255,255,255,255,255,255,255,255,255,255,255,255,145,184,245,255,255,255,255,255,255,254,254,255,222,49,0,0,0,0,0,0,0,0,0,
0,0,0,0,0,0,0,0,0,23,244,255,255,255,255,255,255,254,148,121,86,41,219,255,255,255,255,255,255,255,255,255,255,255,255,255,255,153,144,220,255,255,255,255,255,255,255,255,254,80,4,0,0,0,0,0,0,0,0,0,
0,0,0,0,0,0,0,0,0,0,92,248,255,255,255,255,255,255,226,102,64,26,249,255,255,255,255,255,255,255,255,255,255,255,255,255,255,162,107,222,255,255,255,255,255,255,255,254,147,12,1,0,0,0,0,0,0,0,0,0,
0,0,0,0,0,0,0,0,0,0,0,34,157,251,255,255,255,255,254,161,36,38,254,255,255,255,255,255,255,255,255,255,255,255,255,255,255,175,71,247,255,255,255,255,255,255,223,134,26,2,0,0,0,0,0,0,0,0,0,0,
0,0,0,0,0,0,0,0,0,0,0,0,29,245,255,255,255,255,255,224,11,51,254,255,255,255,255,255,255,255,255,255,255,255,255,255,255,187,96,255,255,255,255,255,255,167,50,29,7,0,0,0,0,0,0,0,0,0,0,0,
0,0,0,0,0,0,0,0,0,0,0,0,105,254,255,255,255,255,255,248,2,71,254,255,255,255,255,255,255,255,255,255,255,255,255,255,255,207,118,255,255,255,255,255,255,245,22,5,0,0,0,0,0,0,0,0,0,0,0,0,
0,0,0,0,0,0,0,0,0,0,0,0,137,255,255,255,255,255,255,254,14,91,254,255,255,255,255,255,255,255,255,255,255,255,255,255,255,221,133,255,255,255,255,255,255,254,25,0,0,0,0,0,0,0,0,0,0,0,0,0,
0,0,0,0,0,0,0,0,0,0,0,0,79,255,255,255,255,255,255,255,87,169,255,255,255,255,255,255,255,255,255,255,255,255,255,255,255,244,145,255,255,255,255,255,255,216,0,0,0,0,0,0,0,0,0,0,0,0,0,0,
0,0,0,0,0,0,0,0,0,0,0,0,3,209,255,255,255,255,255,255,253,255,255,255,255,255,255,255,255,255,255,255,255,255,255,255,255,254,212,255,255,255,255,255,255,114,0,0,0,0,0,0,0,0,0,0,0,0,0,0,
0,0,0,0,0,0,0,0,0,0,0,0,0,66,254,255,255,255,255,255,255,255,255,255,255,255,255,255,255,255,255,255,255,255,255,255,255,255,255,255,255,255,255,255,240,11,0,0,0,0,0,0,0,0,0,0,0,0,0,0,
0,0,0,0,0,0,0,0,0,0,0,0,0,0,205,255,255,255,255,255,255,255,255,255,255,255,255,255,255,255,255,255,255,255,255,255,255,255,255,255,255,255,255,255,160,0,0,0,0,0,0,0,0,0,0,0,0,0,0,0,
0,0,0,0,0,0,0,0,0,0,0,0,0,0,115,254,255,255,255,255,255,255,255,255,255,255,255,255,255,255,255,255,255,255,255,255,255,255,255,255,255,255,255,255,82,0,0,0,0,0,0,0,0,0,0,0,0,0,0,0,
0,0,0,0,0,0,0,0,0,0,0,0,0,0,45,254,255,255,255,255,255,255,255,255,255,255,255,255,255,255,255,255,255,255,255,255,255,255,255,255,255,255,255,253,22,0,0,0,0,0,0,0,0,0,0,0,0,0,0,0,
0,0,0,0,0,0,0,0,0,0,0,0,0,0,0,233,255,255,255,255,255,255,255,255,255,255,255,255,255,255,255,255,255,255,255,255,255,255,255,255,255,255,255,219,0,0,0,0,0,0,0,0,0,0,0,0,0,0,0,0,
0,0,0,0,0,0,0,0,0,0,0,0,0,0,0,168,255,255,255,255,255,255,255,255,255,255,255,255,255,255,255,255,255,255,255,255,255,255,255,255,255,255,255,168,0,0,0,0,0,0,0,0,0,0,0,0,0,0,0,0,
0,0,0,0,0,0,0,0,0,0,0,0,0,0,0,82,254,255,255,255,255,255,255,255,255,255,255,255,255,255,255,255,255,255,255,255,255,255,255,255,255,255,254,116,0,0,0,0,0,0,0,0,0,0,0,0,0,0,0,0,
0,0,0,0,0,0,0,0,0,0,0,0,0,0,0,0,139,254,255,254,224,254,255,255,255,255,255,255,255,255,255,255,255,255,255,255,255,255,255,255,255,255,254,61,0,0,0,0,0,0,0,0,0,0,0,0,0,0,0,0,
