0,1,1,2,7,12,20,28,36,43,43,42,38,37,42,45,54,65,78,96,122,159,205,247,255,255,255,255,255,255,255,255,255,255,251,235,233,253,255,255,255,255,255,255,255,255,255,255,254,245,253,255,255,255,255,255,255,255,245,232,
1,1,1,2,8,13,22,31,37,44,45,43,40,41,46,47,57,68,82,103,129,163,205,247,255,255,255,255,255,255,255,255,255,255,249,229,219,240,254,255,255,255,255,255,255,255,255,255,255,254,255,255,255,255,255,255,255,254,238,222,
1,1,2,4,9,15,25,34,39,45,46,45,42,42,48,52,58,70,89,112,136,168,207,247,255,255,255,255,255,255,255,255,255,254,239,216,198,215,253,255,255,255,255,255,255,255,255,255,255,255,255,255,255,255,255,255,255,251,229,216,
1,1,23,64,86,60,160,119,39,45,48,47,43,42,48,56,62,75,97,119,140,169,209,247,255,255,255,255,255,255,255,255,255,254,234,200,183,200,251,255,255,255,255,255,255,255,255,255,255,255,255,255,255,255,255,255,254,242,223,216,
0,54,137,198,227,254,255,178,61,53,47,50,47,42,46,58,69,82,105,127,144,172,210,245,255,255,255,255,255,255,255,255,255,254,230,189,177,201,248,255,255,255,255,255,255,255,255,255,255,255,255,255,255,255,255,255,254,239,218,215,
0,3,33,96,252,255,255,238,254,252,206,75,48,44,47,59,73,88,109,129,146,174,207,242,255,255,255,255,255,255,255,255,255,254,224,185,180,213,251,255,255,255,255,255,255,255,255,255,255,255,255,255,255,255,255,255,254,235,210,205,
1,3,2,208,254,254,255,255,255,255,255,155,49,46,49,58,74,90,107,123,146,173,202,234,254,255,255,255,255,255,255,255,255,253,218,183,185,224,253,255,255,255,255,255,255,255,255,255,255,255,255,255,255,255,255,255,253,233,208,200,
2,4,4,23,41,240,255,255,255,255,255,169,49,46,48,58,73,89,104,117,144,171,199,229,253,255,255,255,255,255,255,255,255,250,208,181,191,230,254,255,255,255,255,255,255,255,255,255,255,255,255,255,255,255,255,255,251,232,210,205,
3,5,6,10,47,254,255,255,255,255,255,251,54,46,49,56,71,85,97,112,139,167,193,221,249,255,255,255,255,255,255,255,255,247,205,183,197,231,254,255,255,255,255,255,255,255,255,255,255,255,255,255,255,255,255,255,246,228,215,215,
2,5,6,10,57,254,255,255,255,255,255,254,82,46,49,56,70,82,95,111,136,163,187,213,242,254,255,255,255,255,255,255,255,247,212,189,202,234,254,255,255,255,255,255,255,255,255,255,255,255,255,255,255,255,255,254,240,226,222,226,
3,5,6,9,15,239,255,255,255,255,255,174,48,45,48,54,67,77,90,110,133,156,181,208,234,251,254,255,255,255,255,255,255,249,220,192,201,234,254,255,255,255,255,255,255,255,255,255,255,255,255,255,255,255,255,255,249,233,225,223,
3,4,5,6,10,164,254,255,255,255,255,227,67,46,47,49,60,70,86,107,128,148,176,202,225,238,248,255,255,255,255,255,255,250,222,194,202,235,254,255,255,255,255,255,255,255,255,255,255,255,255,255,255,255,255,255,254,241,223,221,
4,5,3,3,14,92,254,255,255,255,255,255,241,114,42,43,50,62,81,104,123,140,169,195,215,228,236,253,255,255,255,255,255,251,226,201,212,240,254,255,255,255,255,255,255,255,255,255,255,255,255,255,255,255,255,255,254,246,229,226,
4,5,2,3,14,41,243,255,255,255,255,255,255,252,76,39,44,57,76,97,117,136,163,187,205,218,228,247,254,255,255,255,255,253,237,218,225,246,255,255,255,255,255,255,255,255,255,255,255,255,255,255,255,255,255,255,255,250,237,230,
5,7,5,5,15,39,185,255,255,255,255,255,255,255,231,78,42,54,69,88,111,130,155,177,193,206,222,238,253,254,255,255,255,253,244,238,243,252,255,255,255,255,255,255,255,255,255,255,255,255,255,255,255,255,255,255,255,251,244,239,
5,10,14,12,19,36,123,255,255,255,255,255,255,255,255,248,106,50,57,75,100,121,146,166,180,193,212,227,239,247,255,255,255,253,246,252,254,255,255,255,255,255,255,255,255,255,255,255,255,255,255,255,255,255,255,255,255,254,249,247,
5,11,17,18,23,35,120,254,255,255,255,255,255,255,255,255,187,44,42,56,82,108,132,149,161,178,198,209,230,243,253,255,255,253,250,254,255,255,255,255,255,255,255,255,255,255,255,255,255,255,255,255,255,255,255,255,255,255,251,252,
4,9,16,23,26,36,146,255,255,255,255,255,255,255,255,255,123,38,31,41,64,90,115,129,141,159,176,197,227,230,248,255,255,255,254,255,255,255,255,255,255,255,255,255,255,255,255,255,255,255,255,255,255,255,255,255,255,255,254,254,
2,8,17,27,30,43,170,255,255,255,255,255,255,255,255,255,110,36,27,33,50,72,96,108,121,136,150,181,218,220,247,255,255,255,255,255,255,255,255,255,255,255,255,255,255,255,255,255,255,255,255,255,255,255,255,255,255,255,255,255,
2,8,17,26,34,45,174,255,255,255,255,255,255,255,255,255,213,58,26,28,42,59,79,85,97,110,121,155,202,219,250,255,255,255,255,255,255,255,255,255,255,255,255,255,255,255,255,255,255,255,255,255,255,255,255,255,255,255,255,255,
2,7,12,22,34,45,152,255,255,255,255,255,255,255,255,255,171,118,33,26,36,50,66,66,77,80,95,127,176,212,251,255,255,255,255,255,255,255,255,255,255,255,255,255,255,255,255,255,255,255,255,255,255,255,255,255,255,255,255,255,
2,5,10,19,33,46,110,255,255,255,255,255,255,255,255,255,171,71,39,28,31,42,55,52,59,65,85,107,148,202,248,255,255,255,255,255,255,255,255,255,255,255,255,255,255,255,255,255,255,255,255,255,255,255,255,255,255,255,255,255,
1,2,5,13,28,42,59,251,255,255,255,255,255,255,255,255,182,68,44,31,29,35,48,47,49,62,83,106,142,198,247,255,255,255,255,255,255,255,255,255,255,255,255,255,255,255,255,255,255,255,255,255,255,255,255,255,255,255,255,255,
1,2,4,10,22,36,67,254,255,255,255,255,255,255,255,255,216,71,47,31,26,28,38,45,48,64,84,111,148,194,246,255,255,255,255,255,255,255,255,255,255,255,255,255,255,255,255,255,255,255,255,255,255,255,255,255,255,255,255,255,
0,0,3,8,16,29,82,254,248,253,255,255,255,255,255,255,253,83,52,33,25,24,33,45,50,67,81,110,155,200,247,255,255,255,255,255,255,255,255,255,255,255,255,255,255,255,255,255,255,255,255,255,255,255,255,255,255,255,255,255,
1,1,1,5,13,51,193,253,128,252,255,255,255,255,255,255,254,127,54,36,25,23,32,42,50,65,81,107,155,208,253,255,255,255,255,255,255,255,255,255,255,255,255,255,255,255,255,255,255,255,255,255,255,255,255,255,255,255,255,255,
0,0,0,3,34,244,241,235,137,254,255,255,255,255,255,255,255,179,52,35,26,25,32,42,51,61,79,115,162,216,254,255,255,255,255,255,255,255,255,255,255,255,255,255,255,255,255,255,255,255,255,255,255,255,255,255,255,255,255,255,
1,0,1,2,63,254,96,45,198,255,255,255,255,255,255,255,255,233,49,34,27,27,34,45,59,68,85,134,189,237,254,255,255,255,255,255,255,255,255,255,255,255,255,255,255,255,255,255,255,255,255,255,255,255,255,255,255,255,255,255,
0,0,0,1,26,148,15,86,254,255,255,255,255,255,255,255,255,254,84,32,27,28,37,53,75,95,115,158,220,252,255,255,255,255,255,255,255,255,255,255,255,255,255,255,255,255,255,255,255,255,255,255,255,255,255,255,255,255,255,255,
0,0,0,1,2,4,21,222,255,255,255,255,255,255,255,255,255,255,145,31,26,30,41,62,93,126,154,198,246,255,255,255,255,255,255,255,255,255,255,255,255,255,255,255,255,255,255,255,255,255,255,255,255,255,255,255,255,255,255,255,
0,0,0,0,1,3,162,254,255,255,255,255,255,255,255,255,255,255,215,29,30,37,53,79,110,147,181,222,253,255,255,255,255,255,255,255,255,255,255,255,255,255,255,255,255,255,255,255,255,255,255,255,255,255,255,255,255,255,255,255,
0,0,0,0,0,91,254,255,255,255,255,255,255,255,255,255,255,255,254,50,35,46,66,96,130,166,206,242,254,255,255,255,255,255,255,255,255,255,255,255,255,255,255,255,255,255,255,255,255,255,255,255,255,255,255,255,255,255,255,255,
0,0,0,1,18,194,255,255,255,255,255,255,255,255,255,255,255,255,254,111,36,54,77,110,148,189,224,252,255,255,255,255,255,255,255,255,255,255,255,255,255,255,255,255,255,255,255,255,255,255,255,255,255,255,255,255,255,255,255,255,
0,0,1,9,202,254,255,255,255,255,255,255,255,255,255,255,255,255,255,184,32,55,84,119,159,205,241,254,255,255,255,255,255,255,255,255,255,255,255,255,255,255,255,255,255,255,255,255,255,255,255,255,255,255,255,255,255,255,255,255,
0,0,1,105,254,255,255,255,255,255,255,255,255,255,255,255,255,255,255,228,25,46,82,123,164,206,245,255,255,255,255,255,255,255,255,255,255,255,255,255,255,255,255,255,255,255,255,255,255,255,255,255,255,255,255,255,255,255,255,255,
0,0,19,236,255,255,255,255,255,255,255,255,255,255,255,255,255,255,255,254,40,38,74,123,167,202,241,255,255,255,255,255,255,255,255,255,255,255,255,255,255,255,255,255,255,255,255,255,255,255,255,255,255,255,255,255,255,255,255,255,
0,0,161,254,255,255,255,255,255,255,255,255,255,255,255,255,255,255,255,254,66,36,71,120,165,197,238,254,255,255,255,255,255,255,255,255,255,255,255,255,255,255,255,255,255,255,255,255,255,255,255,255,255,255,255,255,255,255,255,255,
1,0,200,255,255,255,255,255,255,255,255,255,255,255,255,255,255,255,255,254,57,38,66,109,153,190,233,255,255,255,255,255,255,255,255,255,255,255,255,255,255,255,255,255,255,255,255,255,255,255,255,255,255,255,255,255,255,255,255,255,
1,5,221,241,255,255,255,255,255,255,255,255,255,255,255,255,255,255,255,254,62,30,51,87,128,170,219,254,255,255,255,255,255,255,255,255,255,255,255,255,255,255,255,255,255,255,255,255,255,255,255,255,255,255,255,255,255,255,255,255,
1,1,5,44,75,101,238,255,255,255,255,255,255,255,255,255,255,255,254,254,53,18,36,70,107,142,201,249,255,255,255,255,255,255,255,255,255,255,255,255,255,255,255,255,255,255,255,255,255,255,255,255,255,255,255,255,255,255,255,255,
1,2,5,8,10,14,145,230,239,254,255,255,255,255,255,255,255,254,154,19,1,10,26,58,91,123,180,232,253,255,255,255,255,255,255,255,255,255,255,255,255,255,255,255,255,255,255,255,255,255,255,255,255,255,255,255,255,255,255,255,
1,3,5,9,12,15,17,18,17,116,255,251,193,254,228,49,85,105,7,0,0,5,16,40,77,105,153,205,245,254,255,255,255,255,255,255,255,255,255,255,255,255,255,255,255,255,255,255,255,255,255,255,255,255,255,255,255,255,255,255,
1,3,6,9,13,16,17,19,18,99,254,184,12,253,201,2,1,1,0,0,0,2,8,23,49,85,126,175,224,252,255,255,255,255,255,255,255,255,255,255,255,255,255,255,255,255,255,255,255,255,255,255,255,255,255,255,255,255,255,255,
1,3,5,9,12,14,17,19,18,126,255,119,10,252,185,3,1,1,0,0,0,0,3,12,28,58,103,150,198,241,254,255,255,255,255,255,255,255,255,255,255,255,255,255,255,255,255,255,255,255,255,255,255,255,255,255,255,255,255,255,
1,3,5,7,11,14,15,17,17,167,254,55,48,253,160,5,3,0,0,1,0,0,1,6,22,45,92,138,180,226,254,255,255,255,255,255,255,255,255,255,255,255,255,255,255,255,255,255,255,255,255,255,255,255,255,255,255,255,255,255,
