0,0,0,0,0,2,6,15,27,39,52,62,65,65,67,66,66,78,93,112,139,169,205,247,255,255,255,255,255,255,255,255,255,255,255,255,255,255,255,255,255,255,255,255,255,255,255,255,255,255,255,255,255,255,255,255,255,255,253,234,
0,0,0,0,0,2,6,15,26,38,53,65,71,70,70,70,70,79,93,114,145,178,214,250,255,255,255,255,255,255,255,255,255,255,255,255,255,255,255,255,255,255,255,255,255,255,255,255,255,255,255,255,255,255,255,255,255,255,254,241,
0,0,0,0,0,1,6,15,25,37,51,66,75,74,73,71,71,79,93,115,148,182,218,252,255,255,255,255,255,255,255,255,255,255,255,255,255,255,255,255,255,255,255,255,255,255,255,255,255,255,255,255,255,255,255,255,255,255,255,249,
0,0,0,0,0,1,5,12,22,34,49,64,75,79,74,71,71,75,88,112,147,181,220,252,255,255,255,255,255,255,255,255,255,255,255,255,255,255,255,255,255,255,255,255,255,255,255,255,255,255,255,255,255,255,255,255,255,255,255,253,
0,0,0,0,0,1,4,10,19,33,47,61,72,78,73,69,70,72,84,109,144,180,223,253,255,255,255,255,255,255,255,255,255,255,255,255,255,255,255,255,255,255,255,255,255,255,255,255,255,255,255,255,255,255,255,255,255,255,255,255,
43,15,0,0,70,104,5,10,18,33,47,60,71,75,72,66,66,71,81,108,141,181,227,254,255,255,255,255,255,255,255,255,255,255,255,255,255,255,255,255,255,255,255,255,255,255,255,255,255,255,255,255,255,255,255,255,255,255,255,255,
61,143,180,179,253,252,57,89,91,66,46,59,70,73,69,63,64,69,78,104,136,181,225,254,255,255,255,255,255,255,255,255,255,255,255,255,255,255,255,255,255,255,255,255,255,255,255,255,255,255,255,255,255,255,255,255,255,255,255,255,
0,0,80,254,255,244,242,254,254,230,67,57,65,72,68,62,62,68,76,97,132,176,222,253,255,255,255,255,255,255,255,255,255,255,255,255,255,255,255,255,255,255,255,255,255,255,255,255,255,255,255,255,255,255,255,255,255,255,255,255,
0,0,205,255,255,255,255,255,255,254,104,53,61,70,68,62,64,68,73,91,125,168,214,249,255,255,255,255,255,255,255,255,255,255,255,255,255,255,255,255,255,255,255,255,255,255,255,255,255,255,255,255,255,255,255,255,255,255,255,255,
0,1,165,175,237,255,255,255,255,255,237,57,56,67,69,63,65,69,73,89,120,161,204,243,255,255,255,255,255,255,255,255,255,255,255,255,255,255,255,255,255,255,255,255,255,255,255,255,255,255,255,255,255,255,255,255,255,255,255,255,
0,0,0,0,232,255,255,255,255,255,255,122,51,64,70,66,66,73,77,89,117,154,197,236,255,255,255,255,255,255,255,255,255,255,255,255,255,255,255,255,255,255,255,255,255,255,255,255,255,255,255,255,255,255,255,255,255,255,255,255,
0,0,0,0,241,255,255,255,255,255,245,63,49,61,68,66,64,74,83,89,115,149,189,229,254,255,255,255,255,255,255,255,255,255,255,255,255,255,255,255,255,255,255,255,255,255,255,255,255,255,255,255,255,255,255,255,255,255,255,255,
0,0,0,0,185,255,255,255,255,255,253,103,46,58,67,67,60,69,88,94,112,147,183,220,252,255,255,255,255,255,255,255,255,255,255,255,255,255,255,255,255,255,255,255,255,255,255,255,255,255,255,255,255,255,255,255,255,255,255,255,
0,0,0,0,120,255,255,255,255,255,255,247,150,61,65,70,64,69,94,103,115,149,185,222,252,255,255,255,255,255,255,255,255,255,255,255,255,255,255,255,255,255,255,255,255,255,255,255,255,255,255,255,255,255,255,255,255,255,255,255,
0,0,1,2,86,254,255,255,255,255,255,255,254,184,62,72,73,74,100,115,124,155,195,228,252,255,255,255,255,255,255,255,255,255,255,255,255,255,255,255,255,255,255,255,255,255,255,255,255,255,255,255,255,255,255,255,255,255,255,255,
0,0,2,4,124,254,255,255,255,255,255,255,255,254,163,74,81,89,112,129,140,169,206,235,253,255,255,255,255,255,255,255,255,255,255,255,255,255,255,255,255,255,255,255,255,255,255,255,255,255,255,255,255,255,255,255,255,255,255,255,
0,1,3,6,215,255,255,255,255,255,255,255,255,255,254,212,94,96,121,144,159,183,213,238,254,255,255,255,255,255,255,255,255,255,255,255,255,255,255,255,255,255,255,255,255,255,255,255,255,255,255,255,255,255,255,255,255,255,255,255,
0,2,5,99,254,255,255,255,255,255,255,255,255,255,255,255,157,104,129,160,179,200,221,239,254,255,255,255,255,255,255,255,255,255,255,255,255,255,255,255,255,255,255,255,255,255,255,255,255,255,255,255,255,255,255,255,255,255,255,255,
0,4,19,227,255,255,255,255,255,254,255,255,255,255,255,254,135,124,146,175,196,216,233,246,254,255,255,255,255,255,255,255,255,255,255,255,255,255,255,255,255,255,255,255,255,255,255,255,255,255,255,255,255,255,255,255,255,255,255,255,
1,4,129,249,255,255,255,255,255,247,255,255,255,255,255,246,120,142,163,190,210,226,247,254,255,255,255,255,255,255,255,255,255,255,255,255,255,255,255,255,255,255,255,255,255,255,255,255,255,255,255,255,255,255,255,255,255,255,255,255,
1,14,240,255,255,255,255,255,255,192,254,236,255,255,255,245,126,154,178,205,223,239,253,255,255,255,255,255,255,255,255,255,255,255,255,255,255,255,255,255,255,255,255,255,255,255,255,255,255,255,255,255,255,255,255,255,255,255,255,255,
2,97,254,255,255,255,255,255,247,155,254,185,255,255,255,253,134,162,189,212,230,249,254,255,255,255,255,255,255,255,255,255,255,255,255,255,255,255,255,255,255,255,255,255,255,255,255,255,255,255,255,255,255,255,255,255,255,255,255,255,
3,137,255,255,255,255,255,255,174,135,254,188,255,255,255,255,144,157,193,216,235,253,255,255,255,255,255,255,255,255,255,255,255,255,255,255,255,255,255,255,255,255,255,255,255,255,255,255,255,255,255,255,255,255,255,255,255,255,255,255,
3,145,254,255,255,255,255,254,90,118,254,248,255,255,255,255,160,142,179,212,237,254,255,255,255,255,255,255,255,255,255,255,255,255,255,255,255,255,255,255,255,255,255,255,255,255,255,255,255,255,255,255,255,255,255,255,255,255,255,255,
2,142,254,255,255,255,255,211,69,126,255,255,255,255,255,255,190,126,161,203,240,255,255,255,255,255,255,255,255,255,255,255,255,255,255,255,255,255,255,255,255,255,255,255,255,255,255,255,255,255,255,255,255,255,255,255,255,255,255,255,
0,160,252,255,252,244,254,145,73,174,255,255,255,255,255,255,226,110,147,191,237,255,255,255,255,255,255,255,255,255,254,255,255,255,255,255,255,255,255,255,255,255,255,255,255,255,255,255,255,255,255,255,255,255,255,255,255,255,255,255,
0,142,250,253,245,172,254,107,81,194,255,255,255,255,255,255,254,118,136,179,230,254,255,255,255,255,255,255,255,254,254,255,255,255,255,255,255,255,255,255,255,255,255,255,255,255,255,255,255,255,255,255,255,255,255,255,255,255,255,255,
0,101,239,189,99,238,254,150,94,250,255,255,255,255,255,255,254,167,127,170,222,254,255,255,255,255,255,255,255,255,255,255,255,255,255,255,255,255,255,255,255,255,255,255,255,255,255,255,255,255,255,255,255,255,255,255,255,255,255,255,
0,12,110,38,148,250,122,111,161,255,255,255,255,255,255,255,255,219,123,167,214,252,255,255,255,255,255,255,255,255,255,255,255,255,255,255,255,255,255,255,255,255,255,255,255,255,255,255,255,255,255,255,255,255,255,255,255,255,255,255,
0,1,6,17,126,189,57,69,235,255,255,255,255,255,255,255,255,254,133,162,207,247,255,255,255,255,255,255,255,255,255,255,255,255,255,255,255,255,255,255,255,255,255,255,255,255,255,255,255,255,255,255,255,255,255,255,255,255,255,255,
0,0,4,11,60,133,47,139,254,255,255,255,255,255,255,255,255,255,183,158,198,237,254,255,255,255,255,254,255,255,255,255,255,255,255,255,255,255,255,255,255,255,255,255,255,255,255,255,255,255,255,255,255,255,255,255,255,255,255,255,
0,0,1,7,17,30,52,238,255,255,255,255,255,255,255,255,255,255,227,150,185,220,251,255,255,255,255,255,255,255,255,255,255,255,255,255,255,255,255,255,255,255,255,255,255,255,255,255,255,255,255,255,255,255,255,255,255,255,255,255,
0,0,1,5,14,25,157,255,255,255,255,255,255,255,255,255,255,255,254,155,174,202,238,254,255,255,255,255,255,255,255,255,255,255,255,255,255,255,255,255,255,255,255,255,255,255,255,255,255,255,255,255,255,255,255,255,255,255,255,255,
0,0,0,3,10,46,250,255,255,255,255,255,255,255,255,255,255,255,254,189,160,184,220,251,254,255,255,255,255,255,255,255,255,255,255,255,255,255,255,255,255,255,255,255,255,255,255,255,255,255,255,255,255,255,255,255,255,255,255,255,
0,0,0,1,7,171,254,255,255,255,255,255,255,255,255,255,255,255,255,235,151,167,199,237,254,255,255,255,255,255,255,255,255,255,255,255,255,255,255,255,255,255,255,255,255,255,255,255,255,255,255,255,255,255,255,255,255,255,255,255,
0,0,0,0,90,243,255,255,255,255,255,255,255,255,255,255,255,255,255,252,161,153,180,220,250,255,255,255,255,255,255,255,255,255,255,255,255,255,255,255,255,255,255,255,255,255,255,255,255,255,255,255,255,255,255,255,255,255,255,255,
0,0,0,12,218,254,255,255,255,255,255,255,255,255,255,255,255,255,255,255,178,141,165,207,241,254,255,255,255,255,255,255,255,255,255,255,255,255,255,255,255,255,255,255,255,255,255,255,255,255,255,255,255,255,255,255,255,255,255,255,
0,0,0,83,254,255,255,255,255,255,255,255,255,255,255,255,255,255,255,255,195,131,157,192,222,249,254,255,255,255,255,255,255,255,255,255,255,255,255,255,255,255,255,255,255,255,255,255,255,255,255,255,255,255,255,255,255,255,255,255,
0,0,0,203,255,255,255,255,255,255,255,255,255,255,255,255,255,255,255,255,191,109,139,174,207,241,254,255,255,255,255,255,255,255,255,255,255,255,255,255,255,255,255,255,255,255,255,255,255,255,255,255,255,255,255,255,255,255,255,255,
0,0,0,231,255,255,255,255,255,255,255,255,255,255,255,255,255,255,255,255,198,86,115,150,183,220,250,255,255,255,255,255,255,254,255,255,255,255,255,255,255,255,255,255,255,255,255,255,255,255,255,255,255,255,255,255,255,255,255,255,
0,0,4,212,247,238,252,255,255,255,255,255,255,255,255,255,255,255,255,254,188,64,87,121,155,193,239,255,255,255,255,255,255,255,255,255,255,255,255,255,255,255,255,255,255,255,255,255,255,255,255,255,255,255,255,255,255,255,255,255,
0,0,0,0,9,0,83,254,254,255,255,255,255,255,255,255,254,255,249,68,30,47,65,90,125,170,226,254,255,255,255,255,255,255,255,255,255,255,255,255,255,255,255,255,255,255,255,255,255,255,255,255,255,255,255,255,255,255,255,255,
0,0,0,0,0,0,4,109,84,160,255,254,254,255,217,103,100,118,71,9,18,35,54,75,103,150,205,249,255,255,255,255,255,255,255,255,255,255,255,255,255,255,255,255,255,255,255,255,255,255,255,255,255,255,255,255,255,255,255,252,
0,0,0,0,0,0,0,0,0,113,255,175,75,254,164,0,2,2,1,4,12,24,44,67,94,133,178,224,253,255,255,255,255,255,255,255,255,255,255,255,255,255,255,255,255,255,255,255,255,255,255,255,255,255,255,255,255,254,254,229,
0,0,0,0,0,0,0,0,0,141,254,94,23,254,142,0,1,1,0,1,6,17,34,56,83,110,140,183,230,254,255,255,255,255,255,255,255,255,255,255,255,255,255,255,255,255,255,255,255,255,255,255,255,255,255,255,255,254,241,189,
