0,0,0,0,0,0,0,1,3,5,8,11,13,15,17,23,32,45,72,108,149,179,213,251,255,255,255,255,255,254,245,240,246,254,254,255,255,255,255,255,255,255,255,255,255,255,255,255,255,255,255,255,255,255,255,255,255,255,255,255,
0,0,0,0,0,0,1,1,2,5,8,12,15,18,22,29,38,50,74,107,144,169,203,246,255,255,255,255,255,254,246,236,236,247,247,249,253,255,255,255,255,255,255,255,255,255,255,255,255,255,255,255,255,255,255,255,255,255,255,255,
0,0,0,0,0,1,1,1,1,5,8,12,17,21,28,37,46,59,81,111,141,163,196,240,255,255,255,255,255,255,251,235,229,240,243,243,250,255,255,255,255,255,255,255,255,255,255,255,255,255,255,255,255,255,255,255,255,255,255,255,
0,0,0,1,0,1,1,1,1,4,7,13,18,25,33,45,56,70,90,117,144,168,197,237,255,255,255,255,255,255,254,237,227,239,245,246,252,255,255,255,255,255,255,255,255,255,255,255,255,255,255,255,255,255,255,255,255,255,255,255,
0,0,1,1,1,1,1,0,1,4,8,14,22,31,43,55,70,85,104,128,153,178,203,237,255,255,255,255,255,255,254,239,227,238,246,253,254,255,255,255,255,255,255,255,255,255,255,255,255,255,255,255,255,255,255,255,255,255,255,255,
48,26,1,2,50,114,9,1,1,4,9,16,27,40,53,67,84,103,119,139,164,190,216,244,255,255,255,255,255,255,255,243,229,236,248,254,255,255,255,255,255,255,255,255,255,255,255,255,255,255,255,255,255,255,255,255,255,255,255,255,
42,125,179,178,247,254,76,76,70,34,10,19,31,48,64,79,98,119,136,153,174,201,232,251,255,255,255,255,255,255,255,245,232,238,252,255,255,255,255,255,255,255,255,255,255,255,255,255,255,255,255,255,255,255,255,255,255,255,255,255,
4,1,48,254,255,254,231,254,254,241,52,21,36,55,75,91,110,132,152,168,186,210,243,254,255,255,255,255,254,255,254,246,237,241,254,255,255,255,255,255,255,255,255,255,255,255,255,255,255,255,255,255,255,255,255,255,255,255,255,255,
3,4,181,254,255,255,255,255,255,255,115,23,40,62,85,106,125,146,164,181,198,222,252,255,255,255,255,255,255,255,255,250,243,247,255,255,255,255,255,255,255,255,255,255,255,255,255,255,255,255,255,255,255,255,255,255,255,255,255,255,
4,5,138,175,222,255,255,255,255,255,236,43,46,69,95,119,138,157,173,190,210,236,254,255,255,255,255,255,255,255,255,252,247,249,254,255,255,255,255,255,255,255,255,255,255,255,255,255,255,255,255,255,255,255,255,255,255,255,255,255,
4,2,4,7,207,255,255,255,255,255,255,129,51,77,104,129,151,165,176,190,217,244,255,255,255,255,255,255,255,255,255,254,247,247,254,255,255,255,255,255,255,255,255,255,255,255,255,255,255,255,255,255,255,255,255,255,255,255,255,255,
4,3,5,10,226,255,255,255,255,255,252,85,55,84,113,142,164,177,186,196,225,251,255,255,255,255,255,255,255,255,255,255,252,250,254,255,255,255,255,255,255,255,255,255,255,255,255,255,255,255,255,255,255,255,255,255,255,255,255,255,
9,5,8,10,171,255,255,255,255,255,254,104,64,92,123,153,176,194,203,214,238,254,255,255,255,255,255,255,255,255,255,255,254,254,255,255,255,255,255,255,255,255,255,255,255,255,255,255,255,255,255,255,255,255,255,255,255,255,255,255,
16,12,11,14,111,254,255,255,255,255,255,240,150,103,133,162,188,208,222,233,251,255,255,255,255,255,255,255,255,255,255,255,252,249,254,255,255,255,255,255,255,255,255,255,255,255,255,255,255,255,255,255,255,255,255,255,255,255,255,255,
21,25,18,17,90,254,255,255,255,255,255,255,254,202,140,165,191,218,236,249,254,255,255,255,255,255,255,255,255,255,255,254,247,245,254,255,255,255,255,255,255,255,255,255,255,255,255,255,255,255,255,255,255,255,255,255,255,255,255,255,
24,33,33,24,120,255,255,255,255,255,255,255,255,254,194,169,195,223,242,254,255,255,255,255,255,255,255,255,255,255,255,255,250,248,254,255,255,255,255,255,255,255,255,255,255,255,255,255,255,255,255,255,255,255,255,255,255,255,255,255,
26,36,42,36,207,255,255,255,255,255,255,255,255,255,255,230,200,220,234,253,255,255,255,255,255,255,255,255,255,255,255,255,254,252,255,255,255,255,255,255,255,255,255,255,255,255,255,255,255,255,255,255,255,255,255,255,255,255,255,255,
24,38,47,112,254,255,255,255,255,255,255,255,255,255,255,255,224,212,226,250,255,255,255,255,255,255,255,255,255,255,255,255,255,255,255,255,255,255,255,255,255,255,255,255,255,255,255,255,255,255,255,255,255,255,255,255,255,255,255,255,
19,34,50,227,255,255,255,255,255,255,255,255,255,255,255,254,212,212,225,249,255,255,255,255,255,255,254,249,253,254,255,255,255,255,255,255,255,255,255,255,255,255,255,255,255,255,255,255,255,255,255,255,255,255,255,255,255,255,255,255,
15,30,137,251,255,255,255,255,255,254,255,255,255,255,255,252,192,216,229,250,254,255,255,255,254,252,246,233,237,249,254,255,255,255,255,255,255,255,255,255,255,255,255,255,255,255,255,255,255,255,255,255,255,255,255,255,255,255,255,255,
11,31,237,254,255,255,255,255,255,252,255,251,255,255,255,249,178,212,230,249,255,255,255,254,251,240,231,220,222,239,254,255,255,255,255,255,255,255,255,255,255,255,255,255,255,255,255,255,255,255,255,255,255,255,255,255,255,255,255,255,
10,101,254,255,255,255,255,255,254,240,254,208,255,255,255,254,170,202,230,247,255,255,255,255,248,229,219,209,210,229,251,255,255,255,255,255,255,255,255,255,255,255,255,255,255,255,255,255,255,255,255,255,255,255,255,255,255,255,255,255,
7,140,255,255,255,255,255,255,251,170,254,211,255,255,255,255,176,191,228,250,255,255,255,255,244,220,212,202,202,219,247,255,255,255,255,255,255,255,255,255,255,255,255,255,255,255,255,255,255,255,255,255,255,255,255,255,255,255,255,255,
5,149,255,255,255,255,255,254,196,129,254,252,255,255,255,255,192,186,218,249,255,255,255,253,237,213,203,193,194,208,239,254,255,255,255,255,255,255,255,255,255,255,255,255,255,255,255,255,255,255,255,255,255,255,255,255,255,255,255,255,
4,153,255,255,255,255,255,237,105,116,254,255,255,255,255,255,217,188,208,237,254,255,255,252,235,212,197,184,186,199,233,254,255,255,255,255,255,255,255,255,255,255,255,255,255,255,255,255,255,255,255,255,255,255,255,255,255,255,255,255,
3,185,255,255,255,244,255,161,64,155,255,255,255,255,255,255,238,184,203,226,245,254,255,252,237,217,197,180,182,195,234,254,255,255,255,255,255,255,255,255,255,255,255,255,255,255,255,255,255,255,255,255,255,255,255,255,255,255,255,255,
2,173,254,244,231,189,254,107,60,179,255,255,255,255,255,255,254,182,194,218,238,251,254,253,240,220,198,190,202,215,243,255,255,255,255,255,255,255,255,255,255,255,255,255,255,255,255,255,255,255,255,255,255,255,255,255,255,255,255,255,
1,137,239,151,74,221,254,153,67,246,255,255,255,255,255,255,255,204,188,211,230,249,254,253,241,226,212,213,223,244,254,255,255,255,255,255,255,255,255,255,255,255,255,255,255,255,255,255,255,255,255,255,255,255,255,255,255,255,255,255,
0,21,89,20,93,254,141,112,137,255,255,255,255,255,255,255,255,231,185,205,220,240,254,254,244,234,237,241,243,254,255,255,255,255,255,255,255,255,255,255,255,255,255,255,255,255,255,255,255,255,255,255,255,255,255,255,255,255,255,255,
0,1,5,10,91,221,31,41,225,255,255,255,255,255,255,255,255,252,190,201,210,226,251,255,247,241,251,254,254,255,255,255,255,255,255,255,255,255,255,255,255,255,255,255,255,255,255,255,255,255,255,255,255,255,255,255,255,255,255,255,
0,0,2,6,24,178,23,111,254,255,255,255,255,255,255,255,255,254,213,201,208,217,242,254,253,250,254,254,255,255,255,255,255,255,255,255,255,255,255,255,255,255,255,255,255,255,255,255,255,255,255,255,255,255,255,255,255,255,255,255,
0,0,1,3,6,22,22,227,255,255,255,255,255,255,255,255,255,255,236,202,214,221,241,254,255,255,254,255,255,255,255,255,255,255,255,255,255,255,255,255,255,255,255,255,255,255,255,255,255,255,255,255,255,255,255,255,255,255,255,255,
0,0,0,1,2,4,131,255,255,255,255,255,255,255,255,255,255,255,254,203,222,229,244,254,255,255,255,255,255,255,255,255,255,255,255,255,255,255,255,255,255,255,255,255,255,255,255,255,255,255,255,255,255,255,255,255,255,255,255,255,
0,0,0,0,0,26,245,255,255,255,255,255,255,255,255,255,255,255,254,217,222,235,247,255,255,255,255,255,255,255,255,255,255,255,255,255,255,255,255,255,255,255,255,255,255,255,255,255,255,255,255,255,255,255,255,255,255,255,255,255,
0,0,0,0,0,149,255,255,255,255,255,255,255,255,255,255,255,255,255,242,217,238,251,255,255,255,255,255,255,255,255,255,255,255,255,255,255,255,255,255,255,255,255,255,255,255,255,255,255,255,255,255,255,255,255,255,255,255,255,255,
0,0,0,0,70,237,255,255,255,255,255,255,255,255,255,255,255,255,255,252,211,227,245,254,255,255,255,255,255,255,255,255,255,255,255,255,255,255,255,255,255,255,255,255,255,255,255,255,255,255,255,255,255,255,255,255,255,255,255,255,
0,0,0,7,204,255,255,255,255,255,255,255,255,255,255,255,255,255,255,255,206,208,231,252,255,255,255,255,255,255,255,255,255,255,255,255,255,255,255,255,255,255,255,255,255,255,255,255,255,255,255,255,255,255,255,255,255,255,255,255,
0,0,0,74,254,255,255,255,255,255,255,255,255,255,255,255,255,255,255,255,207,181,214,243,255,255,255,255,255,255,255,255,255,255,255,255,255,255,255,255,255,255,255,255,255,255,255,255,255,255,255,255,255,255,255,255,255,255,255,255,
0,0,0,191,255,255,255,255,255,255,255,255,255,255,255,255,255,255,255,255,193,150,193,231,253,255,255,255,255,255,255,255,255,255,255,255,255,255,255,255,255,255,255,255,255,255,255,255,255,255,255,255,255,255,255,255,255,255,255,255,
0,0,0,216,255,255,255,255,255,255,255,255,255,255,255,255,255,255,255,255,192,120,168,212,244,254,255,255,255,255,255,255,255,254,255,255,255,255,255,255,255,255,255,255,255,255,255,255,255,255,255,255,255,255,255,255,255,255,255,255,
0,0,1,232,252,254,254,255,255,255,255,255,255,255,255,255,255,255,255,254,182,95,138,181,220,244,254,255,255,255,255,255,255,255,255,255,255,255,255,255,255,255,255,255,255,255,255,255,255,255,255,255,255,255,255,255,255,255,255,255,
0,0,0,11,28,10,122,254,255,255,255,255,255,255,255,255,255,255,247,77,45,67,104,144,178,207,233,251,255,255,255,255,255,255,255,255,255,255,255,255,255,255,255,255,255,255,255,255,255,255,255,255,255,255,255,255,255,255,255,255,
0,0,0,0,0,0,17,135,108,179,255,255,254,255,229,124,121,142,84,7,18,40,69,106,139,165,190,218,245,254,255,255,255,255,255,255,255,255,255,255,255,255,255,255,255,255,255,255,255,255,255,255,255,255,255,255,255,255,255,254,
0,0,0,0,0,0,0,0,0,103,254,194,91,254,167,0,0,0,0,2,9,22,43,75,106,127,151,175,207,239,254,255,255,255,255,255,255,255,255,255,255,255,255,255,255,255,255,255,255,255,255,255,255,255,255,255,255,255,255,247,
0,0,0,0,0,0,0,0,0,129,255,107,21,254,165,0,1,1,0,2,5,12,28,54,86,104,122,144,170,204,238,254,255,255,255,255,255,255,255,255,255,255,255,255,255,255,255,255,255,255,255,255,255,255,255,255,255,255,255,243,
