17,21,25,26,24,21,17,14,14,22,35,55,76,95,113,127,131,133,141,145,147,152,150,135,138,156,172,185,192,195,201,207,218,233,250,255,255,255,255,255,255,255,255,255,255,255,255,255,255,255,255,255,255,255,255,255,255,254,243,228,
12,19,24,26,26,24,20,18,18,24,39,60,84,107,127,146,150,150,160,171,177,174,161,143,143,154,169,184,189,186,191,198,211,224,245,254,255,255,255,255,255,255,255,255,255,255,255,255,255,255,255,255,255,255,255,255,255,255,252,244,
8,15,23,29,30,29,25,23,21,29,45,65,90,116,140,161,164,167,180,190,190,181,167,152,148,152,166,181,186,179,181,190,207,222,240,253,255,255,255,255,255,255,255,255,255,255,255,255,255,255,255,255,255,255,255,255,255,255,254,254,
9,14,22,29,35,35,32,29,27,33,49,70,95,123,149,168,174,182,199,203,196,184,170,157,155,157,166,180,186,175,175,186,204,222,237,249,255,255,255,255,255,255,255,255,255,255,255,255,255,255,255,255,255,255,255,255,255,255,255,255,
10,9,17,26,36,42,41,36,34,37,52,73,99,128,156,173,185,196,210,208,195,181,169,158,159,160,165,178,186,175,174,182,199,216,231,244,254,255,255,255,255,255,255,255,255,255,255,255,255,255,255,255,255,255,255,255,255,255,255,255,
74,47,11,20,58,137,64,44,41,42,53,73,99,128,159,180,194,206,214,209,192,176,168,158,157,157,161,174,185,177,175,181,195,211,226,240,254,255,255,255,255,255,255,255,255,255,255,255,255,255,255,255,255,255,255,255,255,255,255,255,
25,102,174,189,232,255,133,94,96,67,56,75,98,123,157,184,202,211,215,213,193,173,164,156,156,156,158,170,182,177,172,177,193,212,227,241,254,254,255,255,255,255,255,255,255,255,255,255,255,255,255,255,255,255,255,255,255,255,255,255,
4,1,18,243,255,254,233,254,254,249,109,77,97,120,152,184,207,215,217,216,201,176,162,158,156,157,159,167,176,173,170,178,194,216,233,249,255,255,255,255,255,255,255,255,255,255,255,255,255,255,255,255,255,255,255,255,255,255,255,255,
0,2,149,255,255,255,255,255,255,255,175,82,100,121,150,183,209,221,224,218,207,187,166,164,161,157,159,162,166,166,168,183,200,222,243,254,255,255,255,255,255,255,255,255,255,255,255,255,255,255,255,255,255,255,255,255,255,255,255,255,
0,0,107,175,206,255,255,255,255,255,235,111,105,126,153,179,207,225,230,218,210,199,178,173,164,156,156,157,159,160,167,190,208,229,252,255,255,255,255,255,255,255,255,255,255,255,255,255,255,255,255,255,255,255,255,255,255,255,255,255,
3,0,2,3,189,255,255,255,255,255,255,175,105,127,152,175,196,219,227,217,210,208,190,181,166,156,153,152,155,159,172,201,219,237,253,255,255,255,255,255,255,255,255,255,255,255,255,255,255,255,255,255,255,255,255,255,255,255,255,255,
15,4,1,3,197,255,255,255,255,255,254,146,102,123,149,171,192,210,219,215,211,209,196,188,167,154,149,147,153,160,178,210,231,249,254,255,255,255,255,255,255,255,255,255,255,255,255,255,255,255,255,255,255,255,255,255,255,255,255,255,
20,4,0,5,153,255,255,255,255,255,254,140,101,117,141,169,190,205,211,210,209,204,194,187,168,151,143,137,148,162,187,221,245,254,255,255,255,255,255,255,255,255,255,255,255,255,255,255,255,255,255,255,255,255,255,255,255,255,255,255,
20,3,1,10,96,254,255,255,255,255,255,243,159,114,135,163,187,201,204,203,202,196,187,183,166,148,140,129,139,162,192,233,253,255,255,255,255,255,255,255,255,255,255,255,255,255,255,255,255,255,255,255,255,255,255,255,255,255,255,255,
22,5,0,8,77,254,255,255,255,255,255,255,255,195,131,158,181,196,197,195,194,187,179,176,160,143,135,124,130,158,196,237,255,255,255,255,255,255,255,255,255,255,255,255,255,255,255,255,255,255,255,255,255,255,255,255,255,255,255,255,
20,7,0,7,103,254,255,255,255,255,255,255,255,253,174,151,175,191,191,189,188,182,171,165,151,131,120,118,128,155,195,237,255,255,255,255,255,255,255,255,255,255,255,255,255,255,255,255,255,255,255,255,255,255,255,255,255,255,255,255,
17,11,3,11,190,255,255,255,255,255,255,255,255,255,254,215,169,184,188,184,182,176,164,156,147,126,108,113,126,150,191,238,255,255,255,255,255,255,255,255,255,255,255,255,255,255,255,255,255,255,255,255,255,255,255,255,255,255,255,255,
12,13,9,76,254,255,255,255,255,255,255,255,255,255,255,254,202,171,182,180,177,171,160,150,147,131,108,111,126,144,185,241,255,255,255,255,255,255,255,255,255,255,255,255,255,255,255,255,255,255,255,255,255,255,255,255,255,255,255,255,
10,13,15,212,254,255,255,255,255,255,255,255,255,255,255,255,173,152,166,174,171,160,152,142,140,134,118,116,127,141,186,243,255,255,255,255,255,255,255,255,255,255,255,255,255,255,255,255,255,255,255,255,255,255,255,255,255,255,255,255,
9,11,112,250,255,255,255,255,255,255,255,255,255,255,255,248,111,128,149,166,168,152,143,133,132,130,126,128,139,153,201,249,255,255,255,255,255,255,255,255,255,255,255,255,255,255,255,255,255,255,255,255,255,255,255,255,255,255,255,255,
7,14,229,254,255,255,255,255,255,254,255,251,255,255,255,243,100,113,134,161,168,152,139,130,130,129,138,156,167,185,232,254,255,255,255,255,255,255,255,255,255,255,255,255,255,255,255,255,255,255,255,255,255,255,255,255,255,255,255,255,
2,86,254,255,255,255,255,255,229,253,255,216,254,255,255,249,105,110,123,155,168,157,145,133,135,135,147,180,203,233,253,255,255,255,255,255,255,255,255,255,255,255,255,255,255,255,255,255,255,255,255,255,255,255,255,255,255,255,255,255,
0,132,255,255,255,255,255,255,201,211,254,197,255,255,255,254,121,110,119,149,165,163,157,146,142,144,157,196,242,253,254,255,255,255,255,255,255,255,255,255,255,255,255,255,255,255,255,255,255,255,255,255,255,255,255,255,255,255,255,255,
0,144,255,255,255,255,255,254,160,103,254,252,255,255,255,255,147,114,120,144,160,163,164,162,155,155,176,214,252,255,255,255,255,255,255,255,255,255,255,255,255,255,255,255,255,255,255,255,255,255,255,255,255,255,255,255,255,255,255,255,
0,151,255,255,255,255,255,243,75,51,254,255,255,255,255,255,182,118,118,132,150,154,162,168,172,173,199,238,254,255,255,255,255,255,255,255,255,255,255,255,255,255,255,255,255,255,255,255,255,255,255,255,255,255,255,255,255,255,255,255,
0,189,255,255,255,248,255,167,20,109,254,255,255,255,255,255,218,118,111,114,128,135,152,163,173,189,213,250,255,255,255,255,255,255,255,255,255,255,255,255,255,255,255,255,255,255,255,255,255,255,255,255,255,255,255,255,255,255,255,255,
0,180,254,254,194,179,253,92,15,156,255,255,255,255,255,255,252,125,110,106,118,128,144,159,170,193,216,251,255,255,255,255,255,255,255,255,255,255,255,255,255,255,255,255,255,255,255,255,255,255,255,255,255,255,255,255,255,255,255,255,
0,149,236,184,37,180,255,153,21,240,255,255,255,255,255,255,255,166,120,119,129,138,145,158,163,184,220,253,255,255,255,255,255,255,255,255,255,255,255,255,255,255,255,255,255,255,255,255,255,255,255,255,255,255,255,255,255,255,255,255,
0,25,69,9,33,247,163,110,107,254,255,255,255,255,255,255,255,211,137,140,146,152,158,167,169,181,218,253,255,255,255,255,255,255,255,255,255,255,255,255,255,255,255,255,255,255,255,255,255,255,255,255,255,255,255,255,255,255,255,255,
0,0,0,0,47,246,15,4,216,255,255,255,255,255,255,255,255,246,141,142,141,155,170,178,183,195,227,254,255,255,255,255,255,255,255,255,255,255,255,255,255,255,255,255,255,255,255,255,255,255,255,255,255,255,255,255,255,255,255,255,
0,0,0,0,1,197,0,93,255,255,255,255,255,255,255,255,255,254,162,128,132,151,174,183,189,209,242,255,255,255,255,255,255,255,255,255,255,255,255,255,255,255,255,255,255,255,255,255,255,255,255,255,255,255,255,255,255,255,255,255,
0,0,0,0,0,41,10,224,255,255,255,255,255,255,255,255,255,255,199,112,122,144,171,179,179,199,246,255,255,255,255,255,255,255,255,255,255,255,255,255,255,255,255,255,255,255,255,255,255,255,255,255,255,255,255,255,255,255,255,255,
0,0,0,0,0,0,130,255,255,255,255,255,255,255,255,255,255,255,242,100,112,129,154,166,161,176,228,253,255,255,255,255,255,255,255,255,255,255,255,255,255,255,255,255,255,255,255,255,255,255,255,255,255,255,255,255,255,255,255,255,
0,0,0,0,0,24,246,255,255,255,255,255,255,255,255,255,255,255,254,115,95,106,125,138,137,162,197,233,254,255,255,255,255,255,255,255,255,255,255,255,255,255,255,255,255,255,255,255,255,255,255,255,255,255,255,255,255,255,255,255,
0,0,0,0,0,148,255,255,255,255,255,255,255,255,255,255,255,255,255,177,69,81,91,102,101,144,181,206,243,255,255,255,255,255,255,255,255,255,255,255,255,255,255,255,255,255,255,255,255,255,255,255,255,255,255,255,255,255,255,255,
0,0,0,0,72,235,255,255,255,255,255,255,255,255,255,255,255,255,255,220,35,51,64,70,72,110,154,190,224,254,255,255,255,255,255,255,255,255,255,255,255,255,255,255,255,255,255,255,255,255,255,255,255,255,255,255,255,255,255,255,
0,0,0,6,196,254,255,255,255,255,255,255,255,255,255,255,255,255,255,254,56,34,47,54,59,89,125,167,209,249,255,255,255,255,255,255,255,255,255,255,255,255,255,255,255,255,255,255,255,255,255,255,255,255,255,255,255,255,255,255,
0,0,0,77,254,255,255,255,255,255,255,255,255,255,255,255,255,255,255,255,110,29,36,46,54,81,111,149,192,237,254,255,254,255,255,255,255,255,255,255,255,255,255,255,255,255,255,255,255,255,255,255,255,255,255,255,255,255,255,255,
0,0,0,195,255,255,255,255,255,255,255,255,255,255,255,255,255,255,255,255,111,33,37,43,50,72,107,142,175,218,252,255,255,255,255,255,255,255,255,255,255,255,255,255,255,255,255,255,255,255,255,255,255,255,255,255,255,255,255,255,
0,0,0,217,255,255,255,255,255,255,255,255,255,255,255,255,255,255,255,255,126,34,38,43,55,78,106,140,166,201,241,254,255,255,255,255,255,255,255,255,255,255,255,255,255,255,255,255,255,255,255,255,255,255,255,255,255,255,255,255,
0,0,1,243,253,254,254,255,255,255,255,255,255,255,255,255,255,255,255,254,133,43,46,50,63,90,116,136,154,179,214,238,254,255,255,255,255,255,255,255,255,255,255,255,255,255,255,255,255,255,255,255,255,255,255,255,255,255,255,255,
0,0,0,25,38,19,166,254,255,255,255,255,255,255,255,255,255,255,239,99,44,42,49,51,71,101,119,131,142,157,181,202,246,255,255,255,255,255,255,255,255,255,255,255,255,255,255,255,255,255,255,255,255,255,255,255,255,255,255,255,
0,0,0,0,0,0,41,155,127,202,255,255,254,255,238,157,166,195,100,31,35,43,54,54,68,90,114,130,136,152,165,183,227,251,255,255,255,255,255,255,255,255,255,255,255,255,255,255,255,255,255,255,255,255,255,255,255,255,255,255,
0,0,0,0,0,0,0,0,0,94,254,207,103,254,186,30,36,38,37,30,33,42,56,63,76,94,116,132,137,150,157,170,195,221,247,254,255,255,255,255,255,255,255,255,255,255,255,255,255,255,255,255,255,255,255,255,255,255,255,255,
0,0,0,0,0,0,0,0,0,121,254,119,16,254,172,28,34,36,33,28,27,32,46,64,82,98,110,125,130,129,137,148,159,177,206,242,254,255,255,255,255,255,255,255,255,255,255,255,255,255,255,255,255,255,255,255,255,255,255,255,
