25,38,51,59,69,85,95,96,87,68,47,37,38,38,38,41,42,41,43,52,76,114,158,188,213,245,255,255,255,255,255,255,255,255,255,255,255,255,255,255,255,255,255,255,255,255,255,255,255,255,255,255,255,255,255,255,255,255,255,255,
21,32,43,51,60,74,84,86,85,74,54,38,36,36,36,39,40,37,39,49,73,113,156,189,212,245,255,255,255,255,255,255,255,255,255,255,255,255,255,255,255,255,255,255,255,255,255,255,255,255,255,255,255,255,255,255,255,255,255,255,
18,28,36,43,53,64,72,73,76,73,58,40,32,31,35,37,37,33,36,48,71,107,148,191,219,247,255,255,255,255,255,255,255,255,255,255,255,255,255,255,255,255,255,255,255,255,255,255,255,255,255,255,255,255,255,255,255,255,255,255,
15,23,26,33,43,54,62,62,65,67,58,39,28,27,30,32,32,30,35,49,69,100,144,198,234,253,255,255,255,255,255,255,255,255,255,255,255,255,255,255,255,255,255,255,255,255,255,255,255,255,255,255,255,255,255,255,255,255,255,254,
11,18,17,21,30,44,55,56,58,58,53,36,24,22,25,27,27,27,33,49,69,99,144,195,236,254,255,255,255,255,255,255,255,255,255,255,255,255,255,255,255,255,255,255,255,255,255,255,255,255,255,255,255,255,255,255,255,255,255,255,
35,103,113,45,24,79,137,58,57,54,51,38,24,19,21,23,23,24,32,48,69,100,145,189,230,254,255,255,255,255,255,255,255,255,255,255,255,255,255,255,255,255,255,255,255,255,255,255,255,255,255,255,255,255,255,255,255,255,255,255,
5,7,63,181,225,251,253,83,84,63,46,38,26,19,18,19,19,21,29,47,70,100,143,185,226,254,255,255,255,255,255,255,255,255,255,255,255,255,255,255,255,255,255,255,255,255,255,255,255,255,255,255,255,255,255,255,255,255,255,255,
3,5,7,101,254,255,247,232,254,253,186,34,23,16,13,14,16,19,28,45,67,98,142,185,229,254,255,255,255,255,255,255,255,255,255,255,255,255,255,255,255,255,255,255,255,255,255,255,255,255,255,255,255,255,255,255,255,255,255,255,
2,2,26,243,255,255,255,255,255,255,254,68,20,12,10,11,14,18,27,41,62,98,140,181,232,254,255,255,255,255,255,255,255,255,255,255,255,255,255,255,255,255,255,255,255,255,255,255,255,255,255,255,255,255,255,255,255,255,255,255,
1,1,8,117,122,255,255,255,255,255,254,114,18,12,9,9,12,17,26,39,63,96,133,176,225,254,255,255,255,255,255,255,255,255,255,255,255,255,255,255,255,255,255,255,255,255,255,255,255,255,255,255,255,255,255,255,255,255,255,255,
0,2,3,6,67,254,255,255,255,255,255,230,15,12,8,7,10,14,24,38,62,93,127,168,216,252,255,255,255,255,255,255,255,255,255,255,255,255,255,255,255,255,255,255,255,255,255,255,255,255,255,255,255,255,255,255,255,255,255,255,
1,1,4,8,88,254,255,255,255,255,255,234,34,13,7,6,8,13,23,39,61,90,123,163,209,247,255,255,255,255,255,255,255,255,255,255,255,255,255,255,255,255,255,255,255,255,255,255,255,255,255,255,255,255,255,255,255,255,255,253,
1,2,5,10,53,254,255,255,255,255,255,148,21,15,9,6,8,12,23,39,61,90,121,160,201,233,252,255,255,255,255,255,255,255,255,255,255,255,255,255,255,255,255,255,255,255,255,255,255,255,255,255,255,255,255,255,255,255,255,247,
0,3,5,11,19,244,255,255,255,255,255,244,77,19,11,7,6,12,23,40,62,91,126,162,192,209,238,254,255,255,255,255,255,255,255,255,255,255,255,255,255,255,255,255,255,255,255,255,255,255,255,255,255,255,255,255,255,255,254,234,
0,3,7,13,22,223,255,255,255,255,255,255,251,129,15,9,8,12,23,42,66,94,128,158,179,188,217,251,255,255,255,255,255,255,255,255,255,255,255,255,255,255,255,255,255,255,255,255,255,255,255,255,255,255,255,255,255,255,250,214,
0,2,7,15,28,250,255,255,255,255,255,255,255,253,77,11,9,13,25,45,69,97,127,154,169,172,197,243,255,255,255,255,255,255,255,255,255,255,255,255,255,255,255,255,255,255,255,255,255,255,255,255,255,254,255,255,255,254,242,193,
1,3,8,17,107,254,255,255,255,255,255,255,255,255,241,86,12,15,27,45,72,100,124,148,162,167,185,223,252,255,255,255,255,255,255,255,255,255,255,255,255,255,255,255,255,255,255,255,255,255,255,255,255,255,255,255,255,254,229,173,
0,3,9,24,221,255,255,255,255,255,255,255,255,255,255,254,99,18,28,45,72,99,121,142,158,162,172,200,236,254,255,255,255,255,255,255,255,255,255,255,255,255,255,255,255,255,255,255,255,255,255,255,255,255,255,255,255,250,211,156,
0,3,11,122,254,255,255,255,255,255,255,255,255,255,255,255,144,20,29,44,69,95,114,133,148,155,161,177,205,243,254,255,255,255,255,255,255,255,255,255,255,255,255,255,255,255,255,255,255,255,255,255,255,255,255,255,254,233,188,143,
0,3,29,236,254,255,255,255,255,255,255,255,255,255,255,255,57,22,29,44,68,90,106,119,137,150,157,166,179,209,244,254,255,255,255,255,255,255,255,255,255,255,255,255,255,255,255,255,255,255,255,255,255,255,255,255,252,212,168,130,
0,4,133,254,255,255,255,255,255,255,255,255,255,255,255,255,35,26,29,43,64,82,95,105,122,139,149,152,159,178,206,244,254,255,255,255,255,255,255,255,255,255,255,255,255,255,255,255,255,255,255,255,255,255,255,255,244,197,152,115,
1,7,231,255,255,255,255,255,254,243,255,254,255,255,255,255,40,29,30,41,58,74,85,94,108,120,128,130,138,156,170,206,248,255,255,255,255,255,255,255,255,255,255,255,255,255,255,255,255,255,255,255,255,255,255,255,240,189,140,100,
3,32,254,255,255,255,255,255,250,203,255,244,254,255,255,254,53,30,31,38,53,67,77,84,97,104,109,110,116,133,146,170,223,254,255,255,255,255,255,255,255,255,255,255,255,255,255,255,255,255,255,255,255,255,255,254,237,189,133,90,
5,40,254,255,255,255,255,255,215,172,253,255,255,255,255,255,85,33,30,36,48,60,69,77,86,91,94,93,96,112,125,147,191,241,254,255,255,255,255,255,255,255,255,255,255,255,255,255,255,255,255,255,255,255,255,254,228,184,133,92,
5,46,254,255,255,255,255,254,161,136,237,255,255,255,255,255,131,32,29,32,42,52,60,68,74,79,80,80,82,90,103,126,161,210,252,255,255,255,255,255,255,255,255,255,255,255,255,255,255,255,255,255,255,255,255,254,225,178,139,99,
5,71,254,255,255,252,255,254,101,99,245,255,255,255,255,255,190,35,28,29,36,45,52,59,65,66,65,67,68,67,76,99,129,173,232,254,255,255,255,255,255,255,255,255,255,255,255,255,255,255,255,255,255,255,255,254,225,178,147,115,
8,82,233,255,243,215,235,216,84,150,254,255,255,255,255,255,247,44,26,24,32,39,47,52,57,57,52,54,55,52,55,73,101,141,194,246,255,255,255,255,255,255,255,255,255,255,255,255,255,255,255,255,255,255,255,254,225,180,153,129,
9,41,250,236,143,122,221,228,87,215,255,255,255,255,255,255,254,104,24,21,25,34,41,45,49,50,44,42,45,41,41,53,77,115,163,223,254,255,255,255,255,255,255,255,255,255,255,255,255,255,255,255,255,255,255,252,225,188,162,137,
9,14,112,68,57,116,253,241,124,254,255,255,255,255,255,255,255,178,22,17,19,25,32,38,42,43,39,35,36,32,31,40,60,93,139,191,236,253,255,255,255,255,255,255,255,255,255,255,255,255,255,255,255,255,255,253,228,202,175,143,
8,17,29,42,54,167,211,99,190,255,255,255,255,255,255,255,255,246,29,14,15,19,24,30,35,38,34,28,25,24,24,33,51,77,119,161,202,237,252,254,255,254,253,255,255,255,255,255,255,255,255,255,255,255,255,255,238,216,186,153,
7,17,30,39,47,114,183,109,251,255,255,255,255,255,255,255,255,254,100,11,10,12,17,23,28,30,28,24,18,16,18,26,45,70,107,144,182,216,242,253,253,252,254,255,255,255,255,255,255,255,255,255,255,255,255,255,252,226,195,159,
6,15,30,39,46,69,164,186,255,255,255,255,255,255,255,255,255,255,185,8,8,8,10,15,21,22,22,19,14,12,14,21,41,66,99,133,170,201,233,248,244,249,253,253,255,255,255,255,255,255,255,255,255,255,255,255,255,242,201,167,
7,14,26,40,49,60,106,252,255,255,255,255,255,255,255,255,255,255,251,29,4,4,7,10,12,15,15,13,10,9,12,20,39,67,96,124,159,193,221,235,238,248,249,253,255,255,255,255,255,255,255,255,255,255,255,255,255,254,211,177,
6,14,24,33,50,64,207,255,255,255,255,255,255,255,255,255,255,255,254,95,3,2,4,6,7,9,10,9,8,8,12,21,39,65,93,117,152,185,207,223,235,247,247,254,255,255,255,255,255,255,255,255,255,255,255,255,255,255,236,188,
2,11,21,30,44,108,252,255,255,255,255,255,255,255,255,255,255,255,255,201,2,1,1,3,4,6,7,6,6,7,13,25,42,65,89,109,144,173,193,218,230,241,248,254,255,255,255,255,255,255,255,255,255,255,255,255,255,255,253,198,
1,6,16,25,45,213,255,255,255,255,255,255,255,255,255,255,255,255,255,233,36,1,1,1,2,3,5,5,4,7,17,31,49,70,89,101,135,164,185,212,224,229,239,254,255,255,255,255,255,255,255,255,255,255,255,255,255,255,255,202,
1,3,12,23,130,251,255,255,255,255,255,255,255,255,255,255,255,255,255,254,98,1,0,0,1,2,6,5,3,11,22,39,59,81,94,96,127,158,177,203,216,220,242,255,255,255,255,255,255,255,255,255,255,255,255,255,255,255,255,195,
0,2,7,29,242,255,255,255,255,255,255,255,255,255,255,255,255,255,255,254,159,0,0,0,1,4,10,8,6,14,33,49,70,97,109,104,124,156,176,198,214,216,254,255,255,255,255,255,255,255,255,255,255,255,255,255,255,255,255,196,
0,0,2,112,254,255,255,255,255,255,255,255,255,255,255,255,255,255,255,255,171,1,0,0,2,9,17,17,17,23,45,66,87,114,125,119,127,156,177,200,219,218,249,255,255,255,255,255,255,255,255,255,255,255,255,255,255,255,255,204,
0,0,0,184,255,255,255,255,255,255,255,255,255,255,255,255,255,255,255,255,193,3,0,1,5,16,26,29,33,43,62,83,106,128,139,137,138,161,185,203,220,221,251,255,255,255,255,255,255,255,255,255,255,255,255,255,255,255,255,203,
0,0,0,220,254,255,255,255,255,255,255,255,255,255,255,255,255,255,255,255,210,4,2,6,12,22,34,43,51,63,81,101,122,140,148,154,151,166,188,202,212,221,253,255,255,255,255,255,255,255,255,255,255,255,255,255,255,254,230,169,
0,0,0,111,134,136,183,254,255,255,255,255,255,255,255,255,255,255,255,187,92,5,6,11,19,29,42,54,66,79,97,119,140,151,158,168,167,170,185,203,211,229,247,253,255,255,255,255,255,255,255,255,255,255,255,236,193,176,141,124,
0,0,0,0,0,2,23,245,240,248,255,255,255,255,255,238,227,248,209,22,10,5,10,17,25,37,52,65,75,89,109,132,153,162,169,176,177,177,187,205,211,225,238,248,254,254,254,242,255,255,249,197,214,244,209,136,144,138,129,121,
0,0,0,0,0,0,2,8,8,75,254,248,185,254,228,31,24,20,15,12,9,8,13,22,33,46,62,77,87,96,115,142,164,173,179,182,182,180,191,205,206,219,234,248,252,253,253,142,215,255,142,55,60,68,90,112,132,137,132,125,
0,0,0,0,0,0,1,2,5,91,254,175,19,236,206,24,19,17,13,9,6,8,15,25,37,53,71,88,100,107,124,149,172,182,184,178,181,184,194,207,202,215,236,239,245,250,253,131,165,254,159,45,48,58,77,97,114,123,132,131,
