0,0,0,0,0,0,0,0,0,0,0,0,0,0,0,0,164,111,0,0,3,223,75,0,0,0,0,0,0,0,0,0,0,0,0,0,0,0,0,0,0,0,0,0,0,0,0,0,0,0,0,0,0,0,0,0,0,0,0,0,
0,0,0,0,0,0,0,0,0,0,0,0,0,0,0,0,86,254,109,0,66,254,68,0,34,14,0,0,0,0,0,0,0,0,32,0,0,0,0,0,0,0,0,0,0,0,0,0,0,0,0,0,0,0,0,0,0,0,0,0,
0,0,0,0,0,0,0,0,0,0,0,0,0,0,1,21,1,182,252,73,124,254,38,136,222,10,0,0,0,0,0,0,0,14,94,0,0,0,0,0,0,0,0,0,0,23,0,0,0,0,0,0,0,0,0,0,0,0,0,0,
0,0,0,0,0,0,0,0,0,0,0,0,0,0,5,204,220,169,251,227,161,245,213,243,63,0,0,0,0,0,0,0,0,112,60,0,0,0,0,0,0,0,0,0,0,98,0,0,0,0,0,0,0,0,0,0,0,0,0,0,
0,0,0,0,0,0,0,0,0,0,0,0,0,0,0,14,150,245,254,254,254,255,201,44,0,0,0,0,0,0,0,0,0,202,23,0,0,0,0,0,0,0,0,0,0,165,0,0,0,0,0,0,0,0,0,0,0,0,0,0,
0,0,0,0,0,0,0,0,0,0,0,0,0,0,0,0,0,14,82,191,255,218,84,9,3,2,0,0,0,0,0,0,5,246,2,0,0,0,0,0,0,0,23,112,98,238,163,133,2,0,0,0,0,0,0,0,0,0,0,0,
0,0,0,0,0,0,0,0,0,0,0,0,0,0,0,0,0,12,146,252,255,255,254,239,246,120,0,0,0,0,0,0,25,253,6,0,0,0,0,0,0,0,60,253,255,244,237,250,64,0,0,0,0,0,0,0,0,0,0,0,
0,0,0,0,0,0,0,0,0,0,0,0,0,0,0,0,171,250,254,255,255,255,255,254,80,0,0,0,0,0,0,0,26,253,26,0,0,0,0,0,0,0,0,143,241,193,92,81,0,0,0,0,0,0,0,0,0,0,0,0,
0,0,0,0,0,0,0,0,0,0,0,0,0,0,0,0,47,110,251,255,255,255,255,255,6,0,0,0,0,0,0,0,8,250,80,0,0,18,19,0,0,0,0,6,221,128,0,0,0,0,0,0,0,0,0,0,0,0,0,0,
0,0,0,0,0,0,0,0,0,0,0,0,0,0,0,0,0,0,176,255,255,255,255,255,146,14,0,0,0,0,0,0,0,195,182,145,230,254,253,225,125,6,0,115,251,30,0,0,0,0,0,0,0,0,0,0,0,0,0,0,
0,0,0,0,0,0,0,0,0,0,0,0,0,0,0,0,0,3,186,255,255,255,255,255,255,202,24,0,0,0,0,0,0,105,255,255,255,255,255,255,254,183,68,247,140,0,0,0,0,0,0,0,0,0,0,0,0,0,0,0,
0,0,0,0,0,0,0,0,0,0,0,0,0,0,0,0,0,113,255,255,255,255,255,255,255,255,215,16,0,0,0,0,11,218,255,255,255,255,255,255,255,254,252,191,7,0,0,0,0,0,0,0,0,0,0,0,0,0,0,0,
0,0,0,0,0,0,0,0,0,0,0,0,0,0,0,0,17,234,255,255,255,255,255,255,255,255,255,115,0,0,0,0,94,254,255,255,255,255,255,255,255,255,252,35,0,0,0,0,0,0,0,0,0,0,0,0,0,0,0,0,
0,0,0,0,0,0,0,0,0,0,0,0,0,0,0,0,97,255,255,255,255,255,255,255,255,255,255,184,0,0,0,0,142,255,255,255,255,255,255,255,255,255,254,98,0,0,0,0,0,0,0,0,0,0,0,0,0,0,0,0,
0,0,0,0,0,0,0,0,0,0,0,0,0,0,0,0,120,255,255,255,255,255,255,255,255,255,255,216,0,0,0,0,174,255,255,255,255,255,255,255,255,255,255,121,0,0,0,0,0,0,0,0,0,0,0,0,0,0,0,0,
0,0,0,0,0,0,0,0,0,0,0,0,0,0,0,0,120,255,255,255,255,255,255,255,255,255,255,197,0,0,0,0,192,255,255,255,255,255,255,255,255,255,255,120,0,0,0,0,0,0,0,0,0,0,0,0,0,0,0,0,
0,0,0,0,0,0,0,0,0,0,0,0,0,0,0,0,126,255,255,255,255,255,255,255,255,255,254,143,0,0,0,0,129,254,255,255,255,255,255,255,255,255,255,120,0,0,0,0,0,0,0,0,0,0,0,0,0,0,0,0,
0,0,0,0,0,0,0,0,0,0,0,0,0,0,0,0,121,255,255,255,255,255,255,255,255,255,254,122,0,0,0,0,122,254,255,255,255,255,255,255,255,255,255,120,0,0,0,0,0,0,0,0,0,0,0,0,0,0,0,0,
0,0,0,0,0,0,0,0,0,0,0,0,0,0,0,0,118,255,255,255,255,255,255,255,255,255,254,152,0,0,0,0,153,255,255,255,255,255,255,255,255,255,255,120,0,0,0,0,0,0,0,0,0,0,0,0,0,0,0,0,
0,0,0,0,0,0,0,0,0,0,0,0,0,0,0,0,105,255,255,255,255,255,255,255,255,255,254,192,0,0,0,0,192,255,255,255,255,255,255,255,255,255,255,105,0,0,0,0,0,0,0,0,0,0,0,0,0,0,0,0,
0,0,0,0,0,0,0,0,0,0,0,0,0,0,0,0,91,255,255,255,255,255,255,255,255,255,255,223,0,0,0,0,223,255,255,255,255,255,255,255,255,255,255,91,0,0,0,0,0,0,0,0,0,0,0,0,0,0,0,0,
0,0,0,0,0,0,0,0,0,0,0,0,0,0,0,0,78,255,255,255,255,255,255,255,255,255,255,246,1,28,20,1,247,255,255,255,255,255,255,255,255,255,254,77,0,0,0,0,0,0,0,0,0,0,0,0,0,0,0,0,
0,0,0,0,0,0,0,0,0,0,0,0,0,0,0,0,60,254,255,255,255,255,255,255,255,255,255,254,147,254,254,149,254,255,255,255,255,255,255,255,255,255,254,60,0,0,0,0,0,0,0,0,0,0,0,0,0,0,0,0,
0,0,0,0,0,0,0,0,0,0,0,0,0,0,0,0,36,254,255,255,255,255,255,255,255,255,255,254,198,255,255,205,254,255,255,255,255,255,255,255,255,255,254,36,0,0,0,0,0,0,0,0,0,0,0,0,0,0,0,0,
0,0,0,0,0,0,0,0,0,0,0,0,0,0,0,0,7,254,255,255,255,255,255,255,255,255,255,255,206,255,255,201,254,255,255,255,255,255,255,255,255,255,254,13,0,0,0,0,0,0,0,0,0,0,0,0,0,0,0,0,
0,0,0,0,0,0,0,0,0,0,0,0,0,0,0,0,3,254,255,255,255,255,255,255,255,255,255,249,254,255,255,253,251,255,255,255,255,255,255,255,255,255,254,3,0,0,0,0,0,0,0,0,0,0,0,0,0,0,0,0,
0,0,0,0,0,0,0,0,0,0,0,0,0,0,0,0,13,254,255,255,255,255,255,255,255,255,255,255,255,255,255,255,255,255,255,255,255,255,255,255,255,255,254,16,0,0,0,0,0,0,0,0,0,0,0,0,0,0,0,0,
0,0,0,0,0,0,0,0,0,0,0,0,0,0,0,0,38,254,255,255,255,255,255,255,255,255,255,254,255,255,255,255,255,255,255,255,255,255,255,255,255,255,254,36,0,0,0,0,0,0,0,0,0,0,0,0,0,0,0,0,
0,0,0,0,0,0,0,0,0,0,0,0,0,0,0,0,67,255,255,255,255,255,255,255,255,255,255,212,254,246,244,254,215,255,255,255,255,255,255,255,255,255,255,63,0,0,0,0,0,0,0,0,0,0,0,0,0,0,0,0,
0,0,0,0,0,0,0,0,0,0,0,0,0,0,0,0,93,255,255,255,255,255,255,255,255,255,255,247,255,156,149,255,249,255,255,255,255,255,255,255,255,255,255,90,0,0,0,0,0,0,0,0,0,0,0,0,0,0,0,0,
0,0,0,0,0,0,0,0,0,0,0,0,0,0,0,0,115,255,255,255,255,255,255,255,255,255,255,255,254,78,72,254,255,255,255,255,255,255,255,255,255,255,254,112,0,0,0,0,0,0,0,0,0,0,0,0,0,0,0,0,
0,0,0,0,0,0,0,0,0,0,0,0,0,0,0,0,99,252,255,255,255,255,255,255,255,255,255,255,222,14,9,211,255,255,255,255,255,255,255,255,255,255,254,101,0,0,0,0,0,0,0,0,0,0,0,0,0,0,0,0,
0,0,0,0,0,0,0,0,0,0,0,0,0,0,0,0,92,219,255,255,255,255,255,255,255,255,255,214,31,0,0,23,212,255,255,255,255,255,255,255,255,255,242,91,0,0,0,0,0,0,0,0,0,0,0,0,0,0,0,0,
0,0,0,0,0,0,0,0,0,0,0,0,0,0,0,0,64,201,255,255,255,255,255,255,255,255,255,91,0,0,0,0,91,255,255,255,255,255,255,255,255,255,243,65,0,0,0,0,0,0,0,0,0,0,0,0,0,0,0,0,
0,0,0,0,0,0,0,0,0,0,0,0,0,0,0,0,34,238,255,255,255,255,255,255,255,255,255,93,0,0,0,0,93,255,255,255,255,255,255,255,255,255,250,28,0,0,0,0,0,0,0,0,0,0,0,0,0,0,0,0,
0,0,0,0,0,0,0,0,0,0,0,0,0,0,0,0,131,254,255,255,255,255,255,255,255,255,253,111,0,0,0,0,112,253,255,255,255,255,255,255,255,255,255,124,0,0,0,0,0,0,0,0,0,0,0,0,0,0,0,0,
0,0,0,0,0,0,0,0,0,0,0,0,0,0,0,64,250,255,255,255,255,255,255,255,204,235,233,104,0,0,0,0,101,233,241,208,255,255,255,255,255,255,255,248,61,0,0,0,0,0,0,0,0,0,0,0,0,0,0,0,
0,0,0,0,0,0,0,0,0,0,0,0,0,0,28,233,255,255,255,255,255,255,255,253,119,192,243,66,0,0,0,0,61,238,184,122,240,255,255,255,255,255,255,255,254,222,128,60,3,0,0,0,0,0,0,0,0,0,0,0,
0,0,0,0,0,0,0,0,0,0,0,0,0,2,191,255,255,255,255,255,255,255,255,215,79,154,210,14,0,0,0,0,12,214,150,81,198,255,255,255,255,255,255,255,255,255,255,254,233,128,12,0,0,0,0,0,0,0,0,0,
0,0,0,0,0,0,0,0,0,0,0,0,0,98,254,255,255,255,255,255,255,255,255,201,88,96,131,1,0,0,0,0,5,135,95,86,174,255,255,255,255,255,255,255,255,255,255,255,255,255,220,25,0,0,0,0,0,0,0,0,
0,0,0,0,0,0,0,0,0,0,0,0,2,221,255,255,255,255,255,255,255,255,255,248,98,9,22,0,0,0,0,0,3,25,9,87,193,255,255,255,255,255,255,255,255,255,255,255,255,255,255,224,22,0,0,0,0,0,0,0,
0,0,0,0,0,0,0,0,0,0,0,0,69,254,255,255,255,255,255,255,255,255,255,254,71,0,0,0,0,0,0,0,0,0,0,1,215,255,255,255,255,255,255,255,255,255,255,255,255,255,255,255,191,4,0,0,0,0,0,0,
0,0,0,0,0,0,0,0,0,0,0,0,155,255,255,255,255,255,255,255,255,255,255,255,145,0,0,0,0,0,0,0,0,0,0,0,237,255,255,255,255,255,255,255,255,255,255,255,255,255,255,255,255,93,0,0,0,0,0,0,
0,0,0,0,0,0,0,0,0,0,0,5,236,255,255,255,255,255,255,255,255,255,255,255,221,0,0,0,0,0,0,0,0,0,0,12,254,255,255,255,255,255,255,255,255,255,255,255,255,255,255,255,255,203,0,0,0,0,0,0,
0,0,0,0,0,0,0,0,0,0,0,71,255,255,255,255,255,255,255,255,255,255,255,255,254,47,0,0,0,0,0,0,0,0,0,39,255,255,255,255,255,255,255,255,255,255,255,255,255,255,255,255,255,254,48,0,0,0,0,0,
