0,0,0,0,0,0,0,0,0,0,0,0,0,0,0,149,242,64,0,2,225,180,0,0,20,0,0,0,0,0,0,0,0,0,0,7,0,0,0,0,0,0,0,0,0,0,0,0,0,0,0,0,0,0,0,0,0,0,0,0,
0,0,0,0,0,0,0,0,0,0,0,0,0,0,0,21,230,244,58,34,254,160,10,140,191,0,0,0,0,0,0,0,0,0,6,70,0,0,0,0,0,0,0,0,0,0,0,0,0,0,0,0,0,0,0,0,0,0,0,0,
0,0,0,0,0,0,0,0,0,0,0,0,0,50,183,122,118,252,226,72,254,164,218,248,55,0,0,0,0,0,0,0,0,0,108,39,0,0,0,0,0,0,0,0,0,0,0,52,0,0,0,0,0,0,0,0,0,0,0,0,
0,0,0,0,0,0,0,0,0,0,0,0,0,0,109,246,254,254,254,218,254,254,237,73,0,0,0,0,0,0,0,0,0,1,204,2,0,0,0,0,0,0,0,0,0,0,0,125,0,0,0,0,0,0,0,0,0,0,0,0,
0,0,0,0,0,0,0,0,0,0,0,0,0,0,0,29,128,205,250,255,254,159,24,0,0,0,0,0,0,0,0,0,0,47,208,0,0,0,0,0,0,0,0,0,0,0,12,180,0,0,0,0,0,0,0,0,0,0,0,0,
0,0,0,0,0,0,0,0,0,0,0,0,0,0,0,0,0,10,143,254,254,229,173,132,149,44,0,0,0,0,0,0,0,101,184,0,0,0,0,0,0,0,0,0,76,114,131,236,172,126,1,0,0,0,0,0,0,0,0,0,
0,0,0,0,0,0,0,0,0,0,0,0,0,0,0,47,141,223,254,255,255,255,255,254,219,56,0,0,0,0,0,0,0,129,182,0,0,0,0,0,0,0,0,0,181,254,255,239,254,254,72,0,0,0,0,0,0,0,0,0,
0,0,0,0,0,0,0,0,0,0,0,0,0,0,0,230,254,255,255,255,255,255,255,213,4,0,0,0,0,0,0,0,0,132,201,0,0,0,0,0,0,0,0,0,33,239,254,138,172,103,0,0,0,0,0,0,0,0,0,0,
0,0,0,0,0,0,0,0,0,0,0,0,0,0,0,15,54,219,255,255,255,255,255,195,0,0,0,0,0,0,0,0,0,113,245,8,0,0,0,0,0,0,0,0,0,70,254,68,2,0,0,0,0,0,0,0,0,0,0,0,
0,0,0,0,0,0,0,0,0,0,0,0,0,0,0,0,0,117,254,255,255,255,255,251,170,20,0,0,0,0,0,0,0,54,254,112,152,217,241,233,182,81,0,0,2,194,222,4,0,0,0,0,0,0,0,0,0,0,0,0,
0,0,0,0,0,0,0,0,0,0,0,0,0,0,0,0,0,163,255,255,255,255,255,255,255,214,39,0,0,0,0,0,0,2,222,254,254,255,255,255,255,254,159,2,123,253,98,0,0,0,0,0,0,0,0,0,0,0,0,0,
0,0,0,0,0,0,0,0,0,0,0,0,0,0,0,0,84,254,255,255,255,255,255,255,255,255,227,24,0,0,0,0,0,80,252,255,255,255,255,255,255,255,254,186,252,169,1,0,0,0,0,0,0,0,0,0,0,0,0,0,
0,0,0,0,0,0,0,0,0,0,0,0,0,0,0,7,218,255,255,255,255,255,255,255,255,255,255,135,0,0,0,0,1,219,255,255,255,255,255,255,255,255,255,255,190,7,0,0,0,0,0,0,0,0,0,0,0,0,0,0,
0,0,0,0,0,0,0,0,0,0,0,0,0,0,0,83,255,255,255,255,255,255,255,255,255,255,255,204,0,0,0,0,33,254,255,255,255,255,255,255,255,255,255,255,125,0,0,0,0,0,0,0,0,0,0,0,0,0,0,0,
0,0,0,0,0,0,0,0,0,0,0,0,0,0,0,124,254,255,255,255,255,255,255,255,255,255,255,244,0,0,0,0,77,254,255,255,255,255,255,255,255,255,255,255,188,0,0,0,0,0,0,0,0,0,0,0,0,0,0,0,
0,0,0,0,0,0,0,0,0,0,0,0,0,0,0,130,255,255,255,255,255,255,255,255,255,255,255,238,0,0,0,0,114,255,255,255,255,255,255,255,255,255,255,255,200,0,0,0,0,0,0,0,0,0,0,0,0,0,0,0,
0,0,0,0,0,0,0,0,0,0,0,0,0,0,0,132,255,255,255,255,255,255,255,255,255,255,254,196,0,0,0,0,105,250,255,255,255,255,255,255,255,255,255,255,195,0,0,0,0,0,0,0,0,0,0,0,0,0,0,0,
0,0,0,0,0,0,0,0,0,0,0,0,0,0,0,136,255,255,255,255,255,255,255,255,255,255,255,163,0,0,0,0,80,247,255,255,255,255,255,255,255,255,255,255,190,0,0,0,0,0,0,0,0,0,0,0,0,0,0,0,
0,0,0,0,0,0,0,0,0,0,0,0,0,0,0,126,255,255,255,255,255,255,255,255,255,255,255,142,0,0,0,0,72,254,255,255,255,255,255,255,255,255,255,255,178,0,0,0,0,0,0,0,0,0,0,0,0,0,0,0,
0,0,0,0,0,0,0,0,0,0,0,0,0,0,0,125,255,255,255,255,255,255,255,255,255,255,255,175,0,0,0,0,122,255,255,255,255,255,255,255,255,255,255,255,157,0,0,0,0,0,0,0,0,0,0,0,0,0,0,0,
0,0,0,0,0,0,0,0,0,0,0,0,0,0,0,119,255,255,255,255,255,255,255,255,255,255,255,201,0,0,0,0,165,255,255,255,255,255,255,255,255,255,255,255,144,0,0,0,0,0,0,0,0,0,0,0,0,0,0,0,
0,0,0,0,0,0,0,0,0,0,0,0,0,0,0,110,255,255,255,255,255,255,255,255,255,255,255,222,0,0,0,0,203,255,255,255,255,255,255,255,255,255,255,255,129,0,0,0,0,0,0,0,0,0,0,0,0,0,0,0,
0,0,0,0,0,0,0,0,0,0,0,0,0,0,0,104,255,255,255,255,255,255,255,255,255,255,255,236,4,39,11,0,233,255,255,255,255,255,255,255,255,255,255,255,112,0,0,0,0,0,0,0,0,0,0,0,0,0,0,0,
0,0,0,0,0,0,0,0,0,0,0,0,0,0,0,96,255,255,255,255,255,255,255,255,255,255,255,249,188,254,253,150,252,255,255,255,255,255,255,255,255,255,255,255,95,0,0,0,0,0,0,0,0,0,0,0,0,0,0,0,
0,0,0,0,0,0,0,0,0,0,0,0,0,0,0,86,254,255,255,255,255,255,255,255,255,255,255,253,230,255,255,248,254,255,255,255,255,255,255,255,255,255,255,255,74,0,0,0,0,0,0,0,0,0,0,0,0,0,0,0,
0,0,0,0,0,0,0,0,0,0,0,0,0,0,0,72,255,255,255,255,255,255,255,255,255,255,255,254,207,255,255,207,254,255,255,255,255,255,255,255,255,255,255,254,52,0,0,0,0,0,0,0,0,0,0,0,0,0,0,0,
0,0,0,0,0,0,0,0,0,0,0,0,0,0,0,55,255,255,255,255,255,255,255,255,255,255,255,253,247,255,255,251,254,255,255,255,255,255,255,255,255,255,255,254,26,0,0,0,0,0,0,0,0,0,0,0,0,0,0,0,
0,0,0,0,0,0,0,0,0,0,0,0,0,0,0,33,254,255,255,255,255,255,255,255,255,255,255,255,255,255,255,255,255,255,255,255,255,255,255,255,255,255,255,249,4,0,0,0,0,0,0,0,0,0,0,0,0,0,0,0,
0,0,0,0,0,0,0,0,0,0,0,0,0,0,0,5,246,255,255,255,255,255,255,255,255,255,255,255,255,255,255,255,255,255,255,255,255,255,255,255,255,255,255,212,0,0,0,0,0,0,0,0,0,0,0,0,0,0,0,0,
0,0,0,0,0,0,0,0,0,0,0,0,0,0,0,0,239,255,255,255,255,255,255,255,255,255,255,241,255,255,255,253,248,255,255,255,255,255,255,255,255,255,255,167,0,0,0,0,0,0,0,0,0,0,0,0,0,0,0,0,
0,0,0,0,0,0,0,0,0,0,0,0,0,0,0,0,244,255,255,255,255,255,255,255,255,255,255,252,255,236,253,254,253,255,255,255,255,255,255,255,255,255,255,161,0,0,0,0,0,0,0,0,0,0,0,0,0,0,0,0,
0,0,0,0,0,0,0,0,0,0,0,0,0,0,0,11,254,255,255,255,255,255,255,255,255,255,255,255,254,104,205,255,255,255,255,255,255,255,255,255,255,255,255,172,0,0,0,0,0,0,0,0,0,0,0,0,0,0,0,0,
0,0,0,0,0,0,0,0,0,0,0,0,0,0,0,21,253,255,255,255,255,255,255,255,255,255,255,255,249,11,128,255,255,255,255,255,255,255,255,255,255,255,255,179,0,0,0,0,0,0,0,0,0,0,0,0,0,0,0,0,
0,0,0,0,0,0,0,0,0,0,0,0,0,0,0,17,223,255,255,255,255,255,255,255,255,255,255,255,190,0,62,253,255,255,255,255,255,255,255,255,255,255,255,158,0,0,0,0,0,0,0,0,0,0,0,0,0,0,0,0,
0,0,0,0,0,0,0,0,0,0,0,0,0,0,0,0,162,254,255,255,255,255,255,255,255,255,255,226,26,0,0,134,254,255,255,255,255,255,255,255,255,255,240,107,0,0,0,0,0,0,0,0,0,0,0,0,0,0,0,0,
0,0,0,0,0,0,0,0,0,0,0,0,0,0,0,0,153,254,255,255,255,255,255,255,255,255,255,199,0,0,0,98,255,255,255,255,255,255,255,255,255,255,219,85,0,0,0,0,0,0,0,0,0,0,0,0,0,0,0,0,
0,0,0,0,0,0,0,0,0,0,0,0,0,0,0,0,209,255,255,255,255,255,255,255,255,255,255,210,0,0,0,118,255,255,255,255,255,255,255,255,255,255,246,67,0,0,0,0,0,0,0,0,0,0,0,0,0,0,0,0,
0,0,0,0,0,0,0,0,0,0,0,0,0,0,0,66,254,255,255,255,255,255,255,255,255,255,252,217,0,0,0,131,254,255,255,255,255,255,255,255,255,255,254,130,0,0,0,0,0,0,0,0,0,0,0,0,0,0,0,0,
0,0,0,0,0,0,0,0,0,0,0,0,0,0,23,225,255,255,255,255,255,255,255,254,254,236,237,207,0,0,0,140,222,244,254,254,255,255,255,255,255,255,255,241,35,0,0,0,0,0,0,0,0,0,0,0,0,0,0,0,
0,0,0,0,0,0,0,0,0,0,0,0,0,6,190,255,255,255,255,255,255,255,255,253,232,186,246,142,0,0,0,141,174,192,249,206,255,255,255,255,255,255,255,255,206,85,19,0,0,0,0,0,0,0,0,0,0,0,0,0,
0,0,0,0,0,0,0,0,0,0,0,0,0,137,254,255,255,255,255,255,255,255,255,217,145,144,210,81,0,0,0,85,174,112,223,139,255,255,255,255,255,255,255,255,254,254,241,167,101,29,0,0,0,0,0,0,0,0,0,0,
0,0,0,0,0,0,0,0,0,0,0,0,56,252,255,255,255,255,255,255,255,255,255,141,106,114,127,48,1,0,0,18,161,31,201,44,251,255,255,255,255,255,255,255,255,255,255,255,254,248,158,26,0,0,0,0,0,0,0,0,
0,0,0,0,0,0,0,0,0,0,0,1,199,255,255,255,255,255,255,255,255,255,255,168,100,43,33,30,0,0,0,0,76,1,154,22,254,255,255,255,255,255,255,255,255,255,255,255,255,255,255,230,36,0,0,0,0,0,0,0,
0,0,0,0,0,0,0,0,0,0,0,65,254,255,255,255,255,255,255,255,255,255,255,225,51,0,0,0,0,0,0,0,1,0,67,43,254,255,255,255,255,255,255,255,255,255,255,255,255,255,255,255,227,28,0,0,0,0,0,0,
0,0,0,0,0,0,0,0,0,0,0,119,200,204,205,208,211,216,219,223,226,228,231,234,35,0,0,0,0,0,0,0,0,0,0,65,254,255,255,255,255,255,255,255,255,255,255,255,255,255,255,255,254,202,9,0,0,0,0,0,
