0,0,0,0,0,0,0,0,0,0,0,0,5,55,115,159,204,244,248,195,187,218,207,210,247,220,102,11,0,0,0,0,0,0,0,0,0,8,9,0,0,0,0,0,0,0,0,0,0,0,0,0,0,0,0,0,0,0,0,0,
0,0,0,0,0,0,0,0,0,0,0,0,0,9,48,102,150,198,233,242,246,254,254,254,218,88,9,0,0,0,0,0,0,0,0,0,0,37,43,23,0,0,0,0,0,0,0,0,0,0,0,0,0,0,0,0,0,0,0,0,
0,0,0,0,0,0,0,0,0,0,0,0,0,0,1,14,42,77,116,168,236,254,225,120,17,0,0,0,0,0,0,0,0,0,0,0,11,73,70,20,0,0,0,0,0,0,0,0,0,0,4,6,0,0,0,0,0,0,0,0,
0,0,0,0,0,0,0,0,0,0,0,0,0,0,0,0,32,72,143,234,254,249,219,184,137,98,64,28,2,0,0,0,0,0,0,0,37,105,83,8,0,0,0,0,0,0,0,0,0,0,14,40,4,0,0,0,0,0,0,0,
0,0,0,0,0,0,0,0,0,0,0,0,0,0,3,106,224,247,254,254,255,255,255,254,254,254,243,143,23,0,0,0,0,0,0,0,66,137,77,2,0,0,0,0,0,0,0,0,0,0,26,75,32,0,0,0,0,0,0,0,
0,0,0,0,0,0,0,0,0,0,0,0,0,0,37,138,178,207,246,255,255,255,255,255,254,236,145,45,2,0,0,0,0,0,0,1,85,153,61,0,0,0,0,0,0,0,0,1,2,1,45,109,59,0,0,0,0,0,0,0,
0,0,0,0,0,0,0,0,0,0,0,0,0,0,8,24,40,103,208,254,255,255,255,255,252,156,19,0,0,0,0,0,0,0,0,3,104,169,48,0,0,0,0,0,0,0,0,35,79,77,89,175,146,47,0,0,0,0,0,0,
0,0,0,0,0,0,0,0,0,0,0,0,0,0,0,0,0,48,197,254,255,255,255,255,253,176,49,2,0,0,0,0,0,0,0,3,112,184,43,0,0,0,0,0,0,0,0,35,175,207,193,212,231,177,47,0,0,0,0,0,
0,0,0,0,0,0,0,0,0,0,0,0,0,0,0,0,0,118,253,255,255,255,255,255,254,251,208,81,2,0,0,0,0,0,0,1,112,201,46,0,0,0,0,0,0,0,0,1,155,252,248,182,238,196,126,3,0,0,0,0,
0,0,0,0,0,0,0,0,0,0,0,0,0,0,0,0,80,252,255,255,255,255,255,255,255,255,254,213,79,2,0,0,0,0,0,0,98,221,57,0,1,1,0,0,0,0,0,0,31,230,232,127,116,130,78,18,0,0,0,0,
0,0,0,0,0,0,0,0,0,0,0,0,0,0,0,33,238,255,255,255,255,255,255,255,255,255,255,254,212,54,0,0,0,0,0,0,66,232,134,89,119,122,94,40,1,0,0,0,28,162,199,83,14,54,13,1,0,0,0,0,
0,0,0,0,0,0,0,0,0,0,0,0,0,0,0,161,254,255,255,255,255,255,255,255,255,255,255,255,253,150,5,0,0,0,0,0,36,222,248,240,250,252,249,229,141,13,0,7,83,177,149,39,0,2,0,0,0,0,0,0,
0,0,0,0,0,0,0,0,0,0,0,0,0,0,13,216,255,255,255,255,255,255,255,255,255,255,255,255,254,202,18,0,0,0,0,15,128,237,255,255,255,255,255,255,254,180,8,56,154,185,94,9,0,0,0,0,0,0,0,0,
0,0,0,0,0,0,0,0,0,0,0,0,0,0,29,241,255,255,255,255,255,255,255,255,255,255,255,255,255,221,27,0,0,0,0,87,236,254,255,255,255,255,255,255,255,254,145,141,196,129,31,0,0,0,0,0,0,0,0,0,
0,0,0,0,0,0,0,0,0,0,0,0,0,0,59,253,255,255,255,255,255,255,255,255,255,255,255,255,255,222,21,0,0,0,7,177,254,255,255,255,255,255,255,255,255,255,245,206,147,52,2,0,0,0,0,0,0,0,0,0,
0,0,0,0,0,0,0,0,0,0,0,0,0,0,105,254,255,255,255,255,255,255,255,255,255,255,255,255,255,188,2,0,0,0,45,233,254,255,255,255,255,255,255,255,255,255,254,163,57,4,0,0,0,0,0,0,0,0,0,0,
0,0,0,0,0,0,0,0,0,0,0,0,0,0,146,255,255,255,255,255,255,255,255,255,255,255,255,255,234,100,0,0,0,0,125,253,255,255,255,255,255,255,255,255,255,255,254,134,3,0,0,0,0,0,0,0,0,0,0,0,
0,0,0,0,0,0,0,0,0,0,0,0,0,0,178,255,255,255,255,255,255,255,255,255,255,255,255,255,213,19,0,0,0,3,197,254,255,255,255,255,255,255,255,255,255,255,255,142,0,0,0,0,0,0,0,0,0,0,0,0,
0,0,0,0,0,0,0,0,0,0,0,0,0,0,212,255,255,255,255,255,255,255,255,255,255,255,255,254,128,0,0,0,0,26,201,254,255,255,255,255,255,255,255,255,255,255,254,123,0,0,0,0,0,0,0,0,0,0,0,0,
0,0,0,0,0,0,0,0,0,0,0,0,0,5,247,255,255,255,255,255,255,255,255,255,255,255,255,254,75,0,0,0,0,53,227,255,255,255,255,255,255,255,255,255,255,255,254,84,0,0,0,0,0,0,0,0,0,0,0,0,
0,0,0,0,0,0,0,0,0,0,0,0,0,40,254,255,255,255,255,255,255,255,255,255,255,255,255,254,34,0,0,0,0,110,254,255,255,255,255,255,255,255,255,255,255,255,251,43,0,0,0,0,0,0,0,0,0,0,0,0,
0,0,0,0,0,0,0,0,0,0,0,0,0,80,254,255,255,255,255,255,255,255,255,255,255,255,255,229,1,0,0,0,12,227,255,255,255,255,255,255,255,255,255,255,255,255,237,11,0,0,0,0,0,0,0,0,0,0,0,0,
0,0,0,0,0,0,0,0,0,0,0,0,0,119,254,255,255,255,255,255,255,255,255,255,255,255,255,164,0,0,0,0,113,254,255,255,255,255,255,255,255,255,255,255,255,255,198,0,0,0,0,0,0,0,0,0,0,0,0,0,
0,0,0,0,0,0,0,0,0,0,0,0,0,154,254,255,255,255,255,255,255,255,255,255,255,255,254,103,39,3,0,7,229,255,255,255,255,255,255,255,255,255,255,255,255,255,136,0,0,0,0,0,0,0,0,0,0,0,0,0,
0,0,0,0,0,0,0,0,0,0,0,0,0,185,255,255,255,255,255,255,255,255,255,255,255,255,254,235,254,209,73,94,254,255,255,255,255,255,255,255,255,255,255,255,255,254,69,0,0,0,0,0,0,0,0,0,0,0,0,0,
0,0,0,0,0,0,0,0,0,0,0,0,2,211,255,255,255,255,255,255,255,255,255,255,255,255,234,251,255,255,238,215,255,255,255,255,255,255,255,255,255,255,255,255,255,248,11,0,0,0,0,0,0,0,0,0,0,0,0,0,
0,0,0,0,0,0,0,0,0,0,0,0,8,226,255,255,255,255,255,255,255,255,255,255,255,255,229,253,255,255,254,255,255,255,255,255,255,255,255,255,255,255,255,255,255,200,0,0,0,0,0,0,0,0,0,0,0,0,0,0,
0,0,0,0,0,0,0,0,0,0,0,0,16,230,255,255,255,255,255,255,255,255,255,255,255,255,254,255,255,254,227,255,255,255,255,255,255,255,255,255,255,255,255,255,255,137,0,0,0,0,0,0,0,0,0,0,0,0,0,0,
0,0,0,0,0,0,0,0,0,0,0,0,34,234,255,255,255,255,255,255,255,255,255,255,255,255,255,255,255,255,254,255,255,255,255,255,255,255,255,255,255,255,255,255,254,75,0,0,0,0,0,0,0,0,0,0,0,0,0,0,
0,0,0,0,0,0,0,0,0,0,0,0,60,243,255,255,255,255,255,255,255,255,255,255,255,255,255,255,255,255,255,255,255,255,255,255,255,255,255,255,255,255,255,255,247,19,0,0,0,0,0,0,0,0,0,0,0,0,0,0,
0,0,0,0,0,0,0,0,0,0,0,0,95,249,255,255,255,255,255,255,255,255,255,255,255,255,254,255,255,255,255,255,255,255,255,255,255,255,255,255,255,255,255,255,201,0,0,0,0,0,0,0,0,0,0,0,0,0,0,0,
0,0,0,0,0,0,0,0,0,0,0,2,131,252,255,255,255,255,255,255,255,255,255,255,255,255,255,255,255,255,255,255,255,255,255,255,255,255,255,255,255,255,255,254,136,0,0,0,0,0,0,0,0,0,0,0,0,0,0,0,
0,0,0,0,0,0,0,0,0,0,0,9,158,253,255,255,255,255,255,255,255,255,255,255,255,255,255,255,255,255,255,255,255,255,255,255,255,255,255,255,255,255,255,253,69,0,0,0,0,0,0,0,0,0,0,0,0,0,0,0,
0,0,0,0,0,0,0,0,0,0,0,13,169,254,255,255,255,255,255,255,255,255,255,255,255,254,225,225,254,255,255,255,255,255,255,255,255,255,255,255,255,255,255,227,25,0,0,0,0,0,0,0,0,0,0,0,0,0,0,0,
0,0,0,0,0,0,0,0,0,0,0,8,149,251,255,255,255,255,255,255,255,255,255,255,255,246,128,136,252,255,255,255,255,255,255,255,255,255,255,255,255,255,255,191,12,0,0,0,0,0,0,0,0,0,0,0,0,0,0,0,
0,0,0,0,0,0,0,0,0,0,0,10,114,237,255,255,255,255,255,255,255,255,255,255,254,212,55,82,238,255,255,255,255,255,255,255,255,255,255,255,255,255,254,166,12,0,0,0,0,0,0,0,0,0,0,0,0,0,0,0,
0,0,0,0,0,0,0,0,0,0,0,11,94,218,255,255,255,255,255,255,255,255,255,254,248,164,26,64,222,254,255,255,255,255,255,255,255,255,255,255,255,255,253,157,13,0,0,0,0,0,0,0,0,0,0,0,0,0,0,0,
0,0,0,0,0,0,0,0,0,0,0,8,93,213,255,255,255,255,255,255,255,255,255,243,164,55,1,20,162,251,255,255,255,255,255,255,255,255,255,255,255,255,252,147,13,0,0,0,0,0,0,0,0,0,0,0,0,0,0,0,
0,0,0,0,0,0,0,0,0,0,0,15,108,216,255,255,255,255,255,255,255,255,255,229,96,3,0,0,49,192,254,255,255,255,255,255,255,255,255,255,255,254,243,112,5,0,0,0,0,0,0,0,0,0,0,0,0,0,0,0,
0,0,0,0,0,0,0,0,0,0,11,69,150,231,255,255,255,255,255,255,255,255,254,225,93,3,0,0,21,149,249,255,255,255,255,255,255,255,255,255,255,251,203,63,0,0,0,0,0,0,0,0,0,0,0,0,0,0,0,0,
0,0,0,0,0,0,0,0,0,10,60,130,203,252,255,255,255,255,255,255,253,250,249,216,93,3,0,0,26,152,249,255,255,255,255,255,255,255,255,255,255,235,151,43,1,0,0,0,0,0,0,0,0,0,0,0,0,0,0,0,
0,0,0,0,0,0,0,0,6,58,122,189,245,254,255,255,255,255,254,253,251,230,224,190,84,3,0,0,27,148,247,254,255,255,255,255,255,255,255,255,254,217,127,31,1,0,0,0,0,0,0,0,0,0,0,0,0,0,0,0,
0,0,0,0,0,0,0,0,1,43,124,198,229,241,248,253,254,254,255,252,243,207,194,165,68,3,0,0,27,128,222,242,245,253,255,255,255,255,255,255,254,210,117,19,0,0,0,0,0,0,0,0,0,0,0,0,0,0,0,0,
0,0,0,0,0,0,0,0,0,2,34,67,82,98,116,136,161,183,205,228,232,173,156,139,57,4,0,0,26,101,188,211,223,253,255,255,255,255,255,255,254,222,141,60,6,0,0,0,0,0,0,0,0,0,0,0,0,0,0,0,
0,0,0,0,0,0,0,0,0,0,0,1,1,1,2,4,8,12,17,24,39,51,45,60,32,5,0,0,22,83,152,179,199,246,251,255,255,255,255,255,255,249,194,123,70,34,10,0,0,0,0,0,0,0,0,0,0,0,0,0,
