255,255,255,255,255,255,255,255,255,255,255,255,255,255,255,255,255,255,251,165,108,81,60,45,36,31,29,27,25,23,22,21,19,18,16,15,13,13,11,10,9,8,7,6,6,5,4,4,3,2,2,1,1,1,1,1,0,0,0,0,
255,255,255,255,255,255,255,255,255,255,255,255,255,255,255,255,255,255,252,176,112,83,62,47,38,32,29,27,25,24,22,21,19,18,16,15,13,13,11,10,9,8,7,6,6,5,4,4,3,2,2,1,1,1,1,1,0,0,0,0,
255,255,255,255,255,255,255,255,255,255,255,255,255,255,255,255,255,255,253,179,114,85,63,47,37,32,29,27,25,24,22,21,19,18,16,15,13,13,11,10,9,8,8,6,6,5,4,3,3,2,2,1,1,1,1,1,0,0,0,0,
255,255,255,255,255,255,255,255,255,255,255,255,255,255,255,255,255,255,253,177,113,84,62,47,37,32,29,27,25,24,22,21,19,18,16,15,13,13,11,10,9,8,8,6,6,5,4,3,3,2,2,1,1,1,1,1,0,0,0,0,
255,255,255,255,255,255,255,255,255,255,255,255,255,255,255,255,255,255,251,167,110,82,61,46,37,31,29,26,25,23,22,21,19,18,16,15,13,12,11,10,9,8,7,6,6,5,4,3,3,2,2,1,1,1,1,1,0,0,0,0,
255,255,255,255,255,255,255,255,255,255,255,255,255,255,255,255,255,255,246,152,106,79,58,44,36,31,29,26,25,23,22,20,19,17,16,15,13,12,11,10,9,8,7,6,6,5,4,3,3,2,2,1,1,1,1,1,0,0,0,0,
255,255,255,255,255,255,255,255,255,255,255,255,255,255,255,255,255,254,231,136,99,74,55,42,35,30,28,26,24,23,22,21,19,17,16,15,13,12,11,10,9,8,7,6,5,5,4,3,3,2,2,1,1,1,1,1,0,0,0,0,
255,255,255,255,255,255,255,255,255,255,255,255,255,255,255,255,255,254,203,123,92,69,52,41,34,30,28,26,24,23,22,20,18,17,16,15,13,12,11,10,9,8,6,6,5,5,4,3,3,2,2,1,1,1,1,1,0,0,0,0,
255,255,255,255,255,255,255,255,255,255,255,255,255,255,255,255,255,247,164,112,84,63,48,39,33,29,28,25,24,22,22,20,18,17,16,14,13,12,11,10,9,8,6,6,5,5,4,3,3,2,2,1,1,1,1,1,0,0,0,0,
255,255,255,255,255,255,255,255,255,255,255,255,255,255,255,255,254,218,133,99,76,57,44,37,31,29,27,25,24,22,21,19,18,17,15,14,13,12,10,9,9,8,6,6,5,4,4,3,3,2,1,1,1,1,1,1,0,0,0,0,
255,255,255,255,255,255,255,255,255,255,255,255,255,255,255,254,245,166,114,87,67,51,41,34,30,29,26,25,23,22,21,19,18,16,15,13,13,11,10,9,8,7,58,89,104,114,128,146,130,39,1,1,1,1,1,1,0,0,0,0,
255,255,255,255,255,255,255,255,255,255,255,255,255,255,255,252,199,127,98,76,58,46,37,32,29,28,25,24,23,22,21,19,17,16,15,13,12,11,10,9,8,14,230,255,255,255,255,255,255,249,124,1,1,1,1,0,0,0,0,0,
255,255,255,255,255,255,255,255,255,255,255,255,255,255,253,220,141,107,83,65,51,41,35,31,29,26,25,24,22,21,19,18,17,15,14,12,12,11,10,9,8,8,44,216,254,255,255,255,255,255,253,95,0,1,1,0,0,0,0,0,
255,255,255,255,255,255,255,255,255,255,255,255,255,254,223,148,111,89,70,55,44,37,32,29,27,26,24,23,22,21,19,17,16,15,14,12,12,11,10,9,8,6,5,110,255,255,255,255,255,255,255,237,29,0,1,0,0,0,0,0,
255,255,255,255,255,255,255,255,255,255,255,255,252,215,147,113,91,73,58,47,40,34,31,29,26,25,24,22,22,20,18,17,16,15,13,12,11,10,9,8,7,6,5,143,255,255,255,255,255,255,255,255,160,3,0,0,0,0,0,0,
255,255,255,255,255,255,255,255,255,255,253,241,191,136,111,91,74,60,49,41,36,32,29,28,26,24,23,22,21,19,18,16,15,14,13,12,11,10,9,8,7,6,5,44,206,243,255,255,255,255,255,255,254,156,2,0,0,0,0,0,
254,254,255,255,255,255,255,254,253,240,203,154,124,104,88,73,60,50,42,36,32,30,28,26,25,24,22,21,20,18,17,16,15,13,12,11,10,9,8,8,6,6,5,4,4,142,254,254,255,255,255,255,255,254,99,0,0,0,0,0,
213,231,240,244,244,240,229,210,180,148,126,110,95,81,69,57,49,41,37,32,30,29,27,25,24,23,22,21,19,18,17,15,15,13,12,11,10,9,8,8,6,6,5,4,4,5,121,182,254,254,246,255,255,255,228,14,0,0,0,0,
127,136,144,148,148,143,134,125,116,106,95,84,73,63,54,47,41,36,33,31,29,27,26,25,24,22,21,19,18,17,16,14,13,12,12,11,10,9,8,7,6,6,5,4,3,3,5,161,255,255,255,255,255,255,254,152,5,0,0,0,
96,100,103,105,105,103,99,94,88,80,72,64,57,49,43,38,35,33,30,29,27,26,25,24,22,22,20,19,18,16,15,14,13,12,11,10,9,8,8,6,6,6,5,4,3,2,108,254,255,255,255,253,254,255,255,254,157,4,0,0,
71,75,77,78,77,77,73,70,66,60,55,50,45,41,37,34,32,30,28,27,26,24,23,23,21,21,19,18,17,16,14,13,12,12,10,10,9,8,8,6,6,6,5,4,4,2,167,255,255,255,255,241,249,255,255,255,254,132,0,0,
54,56,58,58,58,57,55,53,50,47,43,40,37,35,32,30,29,28,27,26,24,24,22,22,21,19,18,17,16,15,13,13,12,11,10,9,9,8,8,6,6,6,5,5,4,67,250,255,255,255,255,255,255,255,255,255,255,246,38,0,
42,44,45,45,45,44,43,41,40,38,36,34,33,31,30,29,28,26,25,25,24,22,22,21,19,18,17,16,15,14,13,12,11,10,10,9,9,8,7,6,6,5,5,4,3,193,255,255,255,255,255,255,255,239,254,255,255,254,137,0,
36,36,36,36,37,37,36,35,34,32,32,31,30,29,28,27,26,25,24,23,22,22,21,20,18,17,16,15,14,13,12,12,11,10,10,9,8,8,6,6,6,5,4,4,3,204,255,255,255,255,255,255,254,152,202,255,255,255,220,26,
31,32,32,32,32,32,31,31,30,30,29,29,28,27,26,25,24,24,23,22,22,21,19,18,17,16,15,14,13,12,12,11,10,10,9,9,8,7,6,6,5,5,4,4,3,35,222,255,255,255,255,255,255,152,27,215,255,255,254,233,
29,29,29,29,29,29,29,29,29,28,28,27,26,25,25,24,23,22,22,22,21,19,18,17,16,15,14,13,13,12,11,10,10,10,9,8,7,6,6,5,5,5,4,4,3,3,109,255,255,255,254,189,254,241,24,19,201,254,255,255,
28,28,28,28,28,28,28,28,27,26,26,25,24,24,23,23,22,22,21,20,19,18,17,16,15,15,13,13,12,11,10,10,9,9,8,8,6,6,6,5,5,5,4,4,3,2,84,255,255,255,254,112,217,255,111,0,14,220,255,255,
26,26,26,26,26,26,25,25,25,25,24,24,23,23,22,22,21,20,19,18,18,17,16,15,14,13,13,12,11,10,10,9,9,9,8,7,6,6,6,5,5,5,4,4,3,2,185,255,255,255,255,163,173,255,146,0,0,42,238,254,
24,24,24,24,24,24,24,24,24,23,23,22,22,22,21,20,19,19,18,17,16,16,15,14,13,13,12,11,10,10,9,9,9,8,7,6,6,6,6,5,5,4,4,3,3,36,252,255,255,255,255,247,175,255,170,0,0,0,43,222,
23,23,23,23,23,23,22,22,22,22,22,22,21,20,19,19,18,18,17,16,16,15,14,13,13,12,11,10,10,9,9,9,8,8,6,6,6,6,5,5,5,4,3,3,2,137,255,255,255,255,255,255,247,255,194,0,0,0,0,78,
22,22,22,22,22,22,22,21,21,21,20,20,19,18,18,17,17,16,16,15,14,13,13,12,12,11,10,10,9,8,8,8,7,6,6,6,5,5,5,5,4,4,4,3,19,239,254,255,255,255,255,255,255,255,223,0,0,0,0,0,
20,20,20,20,20,20,19,19,19,19,19,18,18,17,17,16,16,15,14,14,13,13,12,12,11,10,9,9,8,8,7,7,6,6,6,5,5,5,5,5,4,4,4,4,154,254,239,255,255,255,255,255,255,255,253,25,0,0,0,0,
18,18,18,18,18,18,18,18,18,17,17,17,16,16,16,15,14,14,13,13,12,12,11,10,10,9,9,8,7,6,6,6,6,6,5,5,5,4,4,4,4,4,4,31,250,246,216,255,255,255,255,255,255,255,254,97,0,0,0,0,
17,17,17,17,17,17,17,17,16,16,16,16,15,15,14,13,13,13,12,12,11,11,10,10,9,9,8,7,6,5,6,6,6,5,5,4,4,4,4,4,3,3,3,13,232,241,236,255,255,255,255,255,255,255,255,125,0,0,0,0,
16,16,16,16,16,16,15,15,15,15,14,14,13,13,13,12,12,12,11,11,10,10,9,9,8,8,6,6,6,6,5,5,5,5,4,4,4,4,4,3,3,3,3,3,7,19,218,255,255,255,255,255,255,255,255,119,0,0,0,0,
14,14,14,14,14,14,14,13,13,13,13,13,13,12,12,12,11,11,10,10,9,9,8,8,7,7,6,6,6,5,5,5,5,5,4,3,3,3,3,3,3,2,2,2,2,1,237,255,255,255,255,255,255,255,255,211,8,0,0,0,
13,13,13,13,13,13,13,13,12,12,12,12,12,11,11,10,10,10,9,9,8,8,8,7,6,6,6,5,5,4,4,4,4,4,3,3,3,3,2,2,2,2,2,2,2,14,254,255,255,255,255,255,255,255,255,254,115,0,0,0,
12,12,12,12,12,12,12,12,12,11,11,11,11,10,10,10,9,9,8,8,8,7,6,6,6,6,5,5,4,4,3,3,3,3,3,3,2,2,2,2,1,1,2,1,1,51,254,255,255,255,255,255,255,255,255,254,241,41,0,0,
11,11,11,11,11,11,11,11,10,10,10,10,10,9,9,9,8,8,8,7,6,6,6,6,5,5,4,4,4,3,3,3,3,3,3,2,2,2,2,1,1,1,1,1,1,88,255,255,255,255,255,255,255,255,255,255,255,202,11,0,
10,10,10,10,10,10,10,10,9,9,9,9,9,8,8,8,7,7,6,6,6,6,6,5,5,4,4,4,3,3,3,2,2,2,2,2,2,1,1,1,1,1,1,1,1,125,255,255,255,255,255,255,255,255,255,255,255,254,154,2,
9,9,9,9,9,9,9,9,8,8,8,8,8,8,8,6,6,6,6,6,6,5,5,4,4,4,3,3,2,2,2,1,1,1,2,1,1,1,1,1,1,1,1,1,1,152,255,255,255,255,255,255,255,255,255,255,255,255,253,96,
8,8,8,8,8,8,8,8,8,7,7,6,6,6,6,6,6,6,5,5,5,4,4,4,3,3,3,2,2,2,2,1,1,1,1,1,1,1,1,1,1,1,1,1,1,147,255,255,255,255,255,255,255,255,255,255,255,255,255,239,
6,6,6,6,6,6,6,6,6,6,6,6,6,6,6,5,5,5,5,4,4,4,3,3,3,3,2,2,2,1,1,1,1,1,1,1,1,1,1,1,1,1,1,1,1,117,255,255,255,255,255,255,255,255,255,255,255,255,255,255,
6,6,6,6,6,6,6,6,6,6,6,5,5,5,5,5,4,4,4,4,4,3,3,3,2,2,2,2,1,1,1,1,1,1,1,1,1,1,1,1,1,1,1,1,1,109,255,255,255,255,255,255,255,255,255,255,255,255,255,255,
6,6,6,6,6,6,5,5,5,5,5,5,5,4,4,4,4,4,3,3,3,3,2,2,2,2,1,1,1,1,1,1,1,1,1,0,0,0,0,0,1,1,1,1,1,108,254,255,255,255,255,255,255,255,255,255,255,255,255,255,
