255,255,255,255,255,255,255,255,255,255,255,255,255,255,255,255,255,255,251,165,108,81,60,45,36,31,29,26,25,23,22,21,19,17,16,15,13,12,11,10,9,8,7,6,5,5,4,3,3,2,2,1,1,1,1,1,0,0,0,0,
255,255,255,255,255,255,255,255,255,255,255,255,255,255,255,255,255,255,252,176,112,83,62,46,37,32,29,27,25,23,22,21,19,17,16,15,13,12,11,10,9,8,7,6,5,5,4,3,3,2,2,1,1,1,1,1,0,0,0,0,
255,255,255,255,255,255,255,255,255,255,255,255,255,255,255,255,255,255,253,179,113,84,63,47,37,32,29,26,25,23,22,21,19,17,16,15,13,12,11,10,9,8,7,6,5,5,4,3,3,2,2,1,1,1,1,1,0,0,0,0,
255,255,255,255,255,255,255,255,255,255,255,255,255,255,255,255,255,255,253,177,113,84,62,47,37,32,29,26,25,23,22,21,19,17,16,15,13,12,11,10,9,8,7,6,6,5,4,3,3,2,2,1,1,1,1,1,0,0,0,0,
255,255,255,255,255,255,255,255,255,255,255,255,255,255,255,255,255,255,251,167,110,82,60,46,36,31,28,26,24,23,22,20,18,17,16,15,13,12,11,10,9,8,7,6,6,5,4,3,3,2,2,1,1,1,1,1,0,0,0,0,
255,255,255,255,255,255,255,255,255,255,255,255,255,255,255,255,255,255,246,152,105,78,58,44,36,31,28,26,24,23,22,20,18,17,16,14,13,12,11,10,9,8,6,6,6,5,4,3,3,2,2,1,1,1,1,1,0,0,0,0,
255,255,255,255,255,255,255,255,255,255,255,255,255,255,255,255,255,254,231,136,99,73,55,42,35,30,28,25,24,23,22,20,18,17,16,14,13,12,11,10,9,8,6,6,5,5,4,3,3,2,2,1,1,1,1,1,0,0,0,0,
255,255,255,255,255,255,255,255,255,255,255,255,255,255,255,255,255,254,203,123,92,68,52,40,34,30,27,25,24,22,22,20,18,17,15,14,13,12,11,10,9,8,6,6,5,4,4,3,3,2,1,1,1,1,1,1,0,0,0,0,
255,255,255,255,255,255,255,255,255,255,255,255,255,255,255,255,255,247,164,111,83,62,47,38,32,29,27,25,23,22,21,19,18,16,15,13,12,12,10,10,9,8,6,6,5,4,4,3,2,2,1,1,1,1,1,1,0,0,0,0,
255,255,255,255,255,255,255,255,255,255,255,255,255,255,255,255,254,218,133,99,75,57,44,36,31,29,26,25,23,22,21,19,18,16,15,13,12,11,43,75,74,74,60,65,25,4,3,3,2,2,1,1,1,1,1,1,0,0,0,0,
255,255,255,255,255,255,255,255,255,255,255,255,255,255,255,254,245,166,114,87,67,51,40,34,30,28,25,24,23,22,20,19,17,16,14,13,12,22,240,254,254,255,254,254,249,144,9,3,2,2,1,1,1,1,1,0,0,0,0,0,
255,255,255,255,255,255,255,255,255,255,255,255,255,255,255,252,199,127,98,75,58,45,37,32,29,27,25,24,22,22,19,18,17,15,14,13,12,10,78,242,255,255,255,255,255,255,145,2,2,2,1,1,1,1,1,0,0,0,0,0,
255,255,255,255,255,255,255,255,255,255,255,255,255,255,253,220,141,107,83,65,50,41,34,30,28,26,24,23,22,21,19,18,16,15,13,13,12,10,9,154,255,255,255,255,255,255,253,45,2,2,1,1,1,1,1,0,0,0,0,0,
255,255,255,255,255,255,255,255,255,255,255,255,255,253,223,148,111,89,70,55,44,37,32,29,27,25,24,22,22,20,18,17,16,14,13,12,11,10,9,192,255,255,255,255,255,255,255,153,1,1,1,1,1,1,1,0,0,0,0,0,
255,255,255,255,255,255,255,255,255,255,255,255,252,215,147,113,91,73,58,47,39,34,30,28,26,25,23,22,21,19,18,17,16,14,13,12,11,10,9,108,252,254,255,255,255,255,255,251,72,1,1,1,1,1,1,0,0,0,0,0,
255,255,255,255,255,255,255,255,255,255,253,241,191,136,111,91,74,60,49,40,35,31,29,27,25,24,22,22,20,18,17,16,15,13,13,12,10,10,9,7,23,242,255,255,255,255,255,255,231,11,1,1,1,1,0,0,0,0,0,0,
254,254,255,255,255,255,255,254,252,240,203,154,124,104,88,72,59,49,41,36,32,30,28,26,25,23,22,22,19,18,17,16,14,13,12,11,10,9,8,7,5,71,230,234,255,253,255,255,255,79,1,1,1,1,0,0,0,0,0,0,
213,231,240,244,244,240,229,210,180,148,126,110,95,81,69,57,48,40,36,32,30,28,26,25,24,23,22,20,18,17,16,15,14,13,12,11,10,9,8,7,6,5,13,239,255,254,255,255,255,123,1,1,1,1,0,0,0,0,0,0,
127,136,144,148,147,142,134,125,116,106,95,84,73,63,54,47,40,35,32,30,28,26,26,24,23,22,21,19,18,16,15,14,13,12,11,10,9,8,7,6,6,5,142,255,255,255,255,255,255,133,1,1,1,0,0,0,0,0,0,0,
95,100,103,105,105,103,99,94,87,80,72,64,56,49,43,38,35,32,29,28,26,25,24,23,22,21,19,18,17,16,15,13,13,12,10,10,9,8,7,6,6,8,243,255,255,255,255,255,255,154,0,1,1,0,0,0,0,0,0,0,
71,75,77,78,77,76,73,70,66,60,55,49,44,40,37,34,31,29,28,26,25,24,23,22,21,20,19,18,16,15,14,13,12,11,10,9,8,8,7,6,5,96,254,255,255,255,255,255,255,232,5,1,0,0,0,0,0,0,0,0,
54,56,58,58,58,56,55,53,49,47,43,39,37,34,32,30,29,28,26,25,24,23,22,22,21,19,18,17,16,15,13,12,12,11,10,9,8,8,7,6,22,241,255,255,255,255,255,255,255,254,54,1,0,0,0,0,0,0,0,0,
43,43,44,45,45,44,43,41,40,37,36,34,32,30,29,28,27,26,25,24,23,22,21,20,19,18,17,16,15,13,12,12,11,10,9,9,8,8,7,6,84,254,255,255,255,255,255,255,255,255,106,1,0,0,0,0,0,0,0,0,
36,36,36,36,36,36,36,35,33,32,32,30,29,29,28,27,25,25,24,23,22,22,21,19,18,17,16,15,13,13,12,11,10,10,9,9,8,8,6,6,24,207,254,255,255,255,255,255,255,255,91,1,0,0,0,0,0,0,0,0,
31,32,32,32,31,32,31,31,30,29,29,29,28,26,26,25,24,23,22,22,21,20,19,18,17,16,15,14,13,12,11,11,10,9,9,8,8,6,6,5,5,8,244,255,255,255,255,255,255,254,49,1,0,0,0,0,0,0,0,0,
29,29,29,29,29,29,29,29,28,28,27,26,25,25,24,23,23,22,22,21,20,19,18,17,16,15,14,13,13,11,11,10,9,9,9,8,7,6,6,5,5,4,214,255,255,255,255,255,255,246,40,1,1,0,0,0,0,0,0,0,
28,28,28,28,27,27,27,26,26,26,25,25,24,23,23,22,22,22,21,19,18,17,17,16,15,14,13,12,11,11,10,10,9,9,8,7,6,6,6,5,5,4,181,255,255,255,255,255,255,229,8,1,1,1,0,0,0,0,0,0,
25,25,25,25,25,25,25,25,24,24,24,23,22,22,22,22,21,20,19,18,17,17,16,15,14,13,12,12,11,10,9,9,9,8,8,6,6,6,6,5,5,4,181,255,255,255,255,255,255,245,4,1,1,1,0,0,0,0,0,0,
24,24,24,24,24,24,24,24,23,23,22,22,22,21,21,20,19,18,18,17,16,15,15,13,13,12,11,11,10,9,9,9,8,7,6,6,6,6,5,5,5,7,242,255,255,255,255,255,255,253,7,1,1,1,0,0,0,0,0,0,
23,22,23,23,22,22,22,22,22,22,22,21,21,20,19,18,18,17,16,16,15,15,13,13,12,11,11,10,9,9,8,8,8,6,6,6,6,5,5,5,5,50,254,255,255,255,255,255,255,231,0,1,1,1,1,0,0,0,0,0,
22,22,22,22,22,22,21,21,21,20,20,19,18,18,18,17,16,16,15,15,14,13,12,12,11,11,10,9,9,8,8,8,7,6,6,5,5,5,5,5,4,92,254,255,255,255,255,255,254,152,1,1,1,1,1,0,0,0,0,0,
20,20,20,20,20,19,19,19,19,18,18,18,17,17,16,16,15,15,14,13,13,12,12,11,11,10,9,9,8,7,7,6,6,6,5,5,5,5,5,4,4,127,255,255,255,255,255,255,254,72,1,1,1,1,1,0,0,0,0,0,
18,18,18,18,18,18,18,18,17,17,17,17,16,16,15,15,14,13,13,12,12,11,11,10,10,9,8,8,7,6,6,6,6,5,5,5,4,4,4,4,3,162,255,255,255,255,255,255,255,145,0,1,1,1,1,0,0,0,0,0,
17,17,17,17,17,17,16,16,16,16,15,15,15,15,14,13,13,13,12,11,11,11,10,9,9,8,8,6,6,6,6,6,6,5,5,4,4,4,4,3,3,203,255,255,255,255,255,255,255,228,4,1,1,1,1,0,0,0,0,0,
15,16,16,16,15,15,15,15,15,15,14,13,13,13,13,12,12,11,11,11,10,10,9,8,8,7,7,6,6,5,5,5,5,5,4,4,3,3,3,3,5,245,255,255,255,255,255,255,255,255,71,1,1,1,1,0,0,0,0,0,
14,14,14,14,14,14,13,13,13,13,13,13,13,12,12,11,11,10,10,10,9,9,8,8,7,6,6,6,5,5,4,4,4,4,4,3,3,3,3,3,52,254,255,255,255,255,255,255,255,255,174,0,1,1,1,0,0,0,0,0,
13,13,13,13,13,13,12,12,12,12,12,12,11,11,11,10,10,10,9,9,8,8,7,6,6,6,5,5,5,4,4,4,4,3,3,3,2,2,2,2,123,255,255,255,255,255,255,255,255,255,251,37,1,1,1,0,0,0,0,0,
12,12,12,12,12,12,11,11,11,11,11,10,10,10,10,9,9,9,8,8,7,6,6,6,6,5,5,4,4,3,3,3,3,3,3,3,2,2,2,1,199,255,255,255,255,255,255,255,255,255,255,160,0,1,0,0,0,0,0,0,
11,11,11,11,11,10,10,10,10,10,10,10,9,9,9,9,8,8,7,7,6,6,6,5,5,5,4,4,3,3,3,3,3,3,3,2,2,2,1,29,253,255,255,255,255,255,255,255,255,255,255,251,41,1,0,0,0,0,0,0,
10,10,10,10,10,10,9,9,9,9,9,8,8,8,8,8,7,7,6,6,6,6,5,5,4,4,4,3,3,2,2,2,2,2,2,2,2,1,1,102,255,255,255,255,255,255,255,255,255,255,255,255,172,0,0,0,0,0,0,0,
9,9,9,9,9,9,8,8,8,8,8,7,7,7,7,6,6,6,6,5,5,5,4,4,4,3,3,3,2,2,2,1,1,1,1,1,1,1,1,156,255,255,255,255,255,255,255,255,255,255,255,255,254,50,0,0,0,0,0,0,
8,8,8,8,8,8,8,7,7,7,6,6,6,6,6,6,6,5,5,5,5,4,4,4,3,3,3,2,2,2,1,1,1,1,1,1,1,1,1,199,255,255,255,255,255,255,255,255,255,255,255,255,255,164,0,0,0,0,0,0,
6,6,6,6,6,6,6,6,6,6,6,6,6,6,5,5,5,5,4,4,4,4,3,3,3,2,2,2,1,1,1,1,1,1,1,1,1,1,5,241,255,255,255,255,255,255,255,255,255,255,255,255,255,248,17,0,0,0,0,0,
6,6,6,6,6,6,6,6,6,5,5,5,5,5,5,4,4,4,4,4,3,3,3,2,2,2,2,1,1,1,1,1,1,1,1,1,1,1,63,255,255,255,255,255,255,255,255,255,255,255,255,255,255,255,91,0,0,0,0,0,
6,6,6,6,6,5,5,5,5,5,5,5,5,4,4,4,4,4,3,3,3,2,2,2,2,1,1,1,1,1,1,1,1,1,1,0,0,0,108,255,255,255,255,255,255,255,255,255,255,255,255,255,255,255,155,0,0,0,0,0,
