255,255,255,255,255,255,255,255,255,255,255,255,255,255,255,255,255,255,251,165,108,81,60,45,36,31,29,26,25,23,22,21,19,17,16,15,13,12,11,10,9,8,7,6,5,5,4,3,3,2,2,1,1,1,1,1,0,0,0,0,
255,255,255,255,255,255,255,255,255,255,255,255,255,255,255,255,255,255,252,176,112,83,62,46,37,32,29,27,25,23,22,21,19,17,16,15,13,12,11,10,9,8,7,6,5,5,4,3,3,2,2,1,1,1,1,1,0,0,0,0,
255,255,255,255,255,255,255,255,255,255,255,255,255,255,255,255,255,255,253,179,113,84,63,47,37,32,29,26,25,23,22,21,19,17,16,15,13,12,11,10,9,8,7,6,5,5,4,3,3,2,2,1,1,1,1,1,0,0,0,0,
255,255,255,255,255,255,255,255,255,255,255,255,255,255,255,255,255,255,253,177,113,84,62,47,37,32,29,26,25,23,22,21,19,17,16,15,13,12,11,10,9,8,7,6,6,5,4,3,3,2,2,1,1,1,1,1,0,0,0,0,
255,255,255,255,255,255,255,255,255,255,255,255,255,255,255,255,255,255,251,167,110,82,60,46,36,31,28,26,24,23,22,20,18,17,16,15,13,12,11,10,9,8,7,6,6,5,4,3,3,2,2,1,1,1,1,1,0,0,0,0,
255,255,255,255,255,255,255,255,255,255,255,255,255,255,255,255,255,255,246,152,105,78,58,44,36,31,28,26,24,23,22,20,18,17,16,14,13,12,11,10,9,8,6,6,6,5,4,3,3,2,2,1,1,1,1,1,0,0,0,0,
255,255,255,255,255,255,255,255,255,255,255,255,255,255,255,255,255,254,231,136,99,73,55,42,35,30,28,25,24,22,22,20,18,17,16,14,13,12,11,10,9,8,6,6,5,5,4,3,3,2,2,1,1,1,1,1,0,0,0,0,
255,255,255,255,255,255,255,255,255,255,255,255,255,255,255,255,255,254,203,123,92,68,52,40,34,30,27,25,24,22,22,20,18,17,15,14,13,12,11,10,9,8,6,6,5,4,4,3,3,2,1,1,1,1,1,1,0,0,0,0,
255,255,255,255,255,255,255,255,255,255,255,255,255,255,255,255,255,247,164,111,83,62,47,38,32,29,27,25,23,22,21,19,18,16,15,13,12,12,10,10,9,8,6,6,5,4,4,3,2,2,1,1,1,1,1,1,0,0,0,0,
255,255,255,255,255,255,255,255,255,255,255,255,255,255,255,255,254,218,133,99,75,57,44,36,31,29,26,25,23,22,21,19,18,16,15,13,12,12,46,55,61,71,54,50,13,4,3,3,2,2,1,1,1,1,1,1,0,0,0,0,
255,255,255,255,255,255,255,255,255,255,255,255,255,255,255,254,245,166,114,87,67,51,40,34,30,28,25,24,23,22,20,19,17,16,14,13,12,53,253,254,254,255,254,254,237,105,3,3,2,2,1,1,1,1,1,0,0,0,0,0,
255,255,255,255,255,255,255,255,255,255,255,255,255,255,255,252,199,127,98,75,58,45,37,32,29,27,25,24,22,22,20,18,17,15,14,13,12,10,121,254,255,255,255,255,255,254,96,2,2,2,1,1,1,1,1,0,0,0,0,0,
255,255,255,255,255,255,255,255,255,255,255,255,255,255,253,220,141,107,83,65,50,40,34,30,28,26,24,23,22,21,19,18,16,15,13,13,12,10,9,199,255,255,255,255,255,255,235,12,2,2,1,1,1,1,1,0,0,0,0,0,
255,255,255,255,255,255,255,255,255,255,255,255,255,253,223,148,111,89,70,55,44,37,32,29,27,25,24,22,22,20,18,17,16,14,13,12,11,10,8,235,255,255,255,255,255,255,255,103,1,1,1,1,1,1,1,0,0,0,0,0,
255,255,255,255,255,255,255,255,255,255,255,255,252,215,147,113,91,72,58,47,39,33,30,28,26,25,23,22,21,19,18,17,16,14,13,12,11,10,10,160,254,254,255,255,255,255,255,237,36,1,1,1,1,1,0,0,0,0,0,0,
255,255,255,255,255,255,255,255,255,255,253,241,191,136,110,91,74,59,49,40,35,31,29,27,25,24,22,22,20,18,17,16,15,13,13,12,10,9,8,11,62,254,255,255,255,255,255,255,193,1,1,1,1,1,0,0,0,0,0,0,
254,254,255,255,255,255,255,254,252,240,203,154,124,104,87,72,59,49,41,36,32,29,28,26,25,23,22,22,19,18,17,16,14,13,12,11,10,9,8,6,6,112,238,249,255,253,255,255,254,38,1,1,1,1,0,0,0,0,0,0,
213,231,240,244,244,240,229,210,180,148,125,110,95,81,69,57,48,40,36,32,30,28,26,25,24,23,22,20,18,17,16,15,14,13,12,11,10,9,8,6,5,4,61,254,255,250,255,255,254,87,1,1,1,1,0,0,0,0,0,0,
126,136,144,148,147,142,134,125,116,106,95,84,73,63,54,46,40,35,32,30,28,26,26,24,23,22,21,19,18,16,15,14,13,12,11,10,9,8,7,6,6,6,186,254,255,255,255,255,255,108,1,1,1,0,0,0,0,0,0,0,
95,100,103,105,105,103,99,94,87,80,72,64,56,49,43,38,35,32,29,28,26,25,24,23,22,21,19,18,17,16,15,13,13,12,10,10,9,8,7,6,6,43,254,255,255,255,255,255,255,123,1,1,1,0,0,0,0,0,0,0,
71,74,77,78,77,76,73,70,66,60,55,49,44,40,37,34,31,29,28,26,25,24,23,22,21,20,19,18,16,15,14,13,12,11,10,9,8,8,7,6,5,140,255,255,255,255,255,255,255,217,1,1,0,0,0,0,0,0,0,0,
53,56,58,58,58,56,55,53,49,47,43,39,37,34,32,30,29,28,26,25,24,23,22,22,21,19,18,17,16,15,13,12,12,11,10,9,8,8,7,6,55,253,255,255,255,255,255,255,255,254,37,1,0,0,0,0,0,0,0,0,
42,43,44,45,45,44,43,41,40,37,36,34,32,30,29,28,27,26,25,24,23,22,21,20,19,18,17,16,15,13,12,12,11,10,9,9,8,8,7,6,134,255,255,255,255,255,255,255,255,255,95,1,0,0,0,0,0,0,0,0,
36,36,36,36,36,36,36,35,33,32,32,30,29,29,28,26,25,25,24,23,22,22,21,19,18,17,16,15,13,13,12,11,10,10,9,9,8,8,6,6,59,236,255,255,255,255,255,255,255,255,82,1,0,0,0,0,0,0,0,0,
31,32,32,32,31,32,31,31,30,29,29,29,28,26,26,25,24,23,23,22,21,20,19,18,17,16,15,14,13,12,11,10,10,9,9,8,8,6,6,5,5,55,254,255,255,255,255,255,255,254,45,1,0,0,0,0,0,0,0,0,
29,29,29,29,29,29,29,29,28,28,27,26,25,25,24,23,23,22,22,21,20,19,18,17,16,15,14,13,13,11,11,10,9,9,9,8,7,6,6,5,5,22,254,255,255,255,255,255,255,239,40,1,1,0,0,0,0,0,0,0,
28,28,28,28,28,28,27,26,26,26,25,25,24,23,23,22,22,22,21,19,18,17,17,16,15,14,13,12,11,11,10,10,9,9,8,7,6,6,6,5,5,6,239,255,255,255,255,255,255,210,10,1,1,1,0,0,0,0,0,0,
25,25,25,25,25,25,25,25,24,24,24,23,22,22,22,22,21,20,19,18,17,17,16,15,14,13,12,12,11,10,9,9,9,8,8,6,6,6,6,5,5,7,237,255,255,255,255,255,255,225,0,1,1,1,0,0,0,0,0,0,
24,24,24,24,24,24,24,24,23,23,22,22,22,21,21,20,19,18,18,17,16,15,14,13,13,12,11,11,10,9,9,9,8,7,6,6,6,6,5,5,5,51,254,255,255,255,255,255,255,225,0,1,1,1,0,0,0,0,0,0,
23,22,23,23,22,22,22,22,22,22,22,21,21,20,19,18,18,17,16,16,15,14,13,13,12,11,11,10,9,9,8,8,8,6,6,6,6,5,5,5,4,105,255,255,255,255,255,255,255,189,1,1,1,1,1,0,0,0,0,0,
22,22,22,22,22,22,21,21,21,20,20,19,18,18,18,17,16,16,15,15,14,13,12,12,11,11,10,9,9,8,8,8,6,6,6,5,5,5,5,5,4,147,255,255,255,255,255,255,252,109,1,1,1,1,1,0,0,0,0,0,
20,20,20,20,20,19,19,19,19,18,18,18,17,17,16,16,15,15,14,13,13,12,12,11,11,10,9,9,8,7,7,6,6,6,5,5,5,5,5,4,4,182,255,255,255,255,255,255,249,18,1,1,1,1,1,0,0,0,0,0,
18,18,18,18,18,18,18,18,17,17,17,16,16,16,15,15,14,13,13,12,12,11,11,10,10,9,8,8,7,6,6,6,6,5,5,5,4,4,4,4,3,220,255,255,255,255,255,255,255,86,0,1,1,1,1,0,0,0,0,0,
17,17,17,17,17,17,16,16,16,16,15,15,15,14,14,13,13,13,12,11,11,11,10,9,9,8,8,6,6,6,6,6,6,5,5,4,4,4,4,3,9,251,255,255,255,255,255,255,255,174,0,1,1,1,1,0,0,0,0,0,
15,16,16,16,15,15,15,15,15,15,14,13,13,13,13,12,12,11,11,11,10,10,9,8,8,7,7,6,6,5,5,5,5,5,4,4,3,3,3,3,52,254,255,255,255,255,255,255,255,248,21,1,1,1,1,0,0,0,0,0,
14,14,14,14,14,14,13,13,13,13,13,13,13,12,12,11,11,10,10,10,9,9,8,8,7,6,6,6,5,5,4,4,4,4,4,3,3,3,3,3,106,254,255,255,255,255,255,255,255,255,119,1,1,1,1,0,0,0,0,0,
13,13,13,13,13,13,12,12,12,12,12,12,11,11,11,10,10,10,9,9,8,8,7,6,6,6,5,5,5,4,4,4,4,3,3,3,2,2,2,2,173,255,255,255,255,255,255,255,255,255,228,7,1,1,1,0,0,0,0,0,
12,12,12,12,12,12,11,11,11,11,11,10,10,10,10,9,9,9,8,8,7,6,6,6,6,5,5,4,4,3,3,3,3,3,3,3,2,2,2,9,243,255,255,255,255,255,255,255,255,255,254,108,1,1,0,0,0,0,0,0,
11,11,11,10,11,10,10,10,10,10,10,10,9,9,9,8,8,8,7,6,6,6,6,5,5,5,4,4,3,3,3,3,3,3,3,2,2,2,1,76,254,255,255,255,255,255,255,255,255,255,255,229,12,1,0,0,0,0,0,0,
10,10,10,10,10,10,9,9,9,9,9,8,8,8,8,8,7,6,6,6,6,6,5,5,4,4,4,3,3,2,2,2,2,2,2,2,2,1,1,147,255,255,255,255,255,255,255,255,255,255,255,255,126,0,0,0,0,0,0,0,
9,9,9,9,9,9,8,8,8,8,8,7,7,7,7,6,6,6,6,5,5,5,4,4,4,3,3,3,2,2,2,1,1,1,1,1,1,1,1,203,255,255,255,255,255,255,255,255,255,255,255,255,241,20,0,0,0,0,0,0,
8,8,8,8,8,8,7,7,7,7,6,6,6,6,6,6,6,5,5,5,5,4,4,4,3,3,3,2,2,2,1,1,1,1,1,1,1,1,0,236,255,255,255,255,255,255,255,255,255,255,255,255,255,130,0,0,0,0,0,0,
6,6,6,6,6,6,6,6,6,6,6,6,6,6,5,5,5,5,4,4,4,4,3,3,3,2,2,2,1,1,1,1,1,1,1,1,1,1,24,254,255,255,255,255,255,255,255,255,255,255,255,255,255,231,4,0,0,0,0,0,
6,6,6,6,6,6,6,6,6,5,5,5,5,5,5,4,4,4,4,4,3,3,3,2,2,2,2,1,1,1,1,1,1,1,1,1,1,1,85,255,255,255,255,255,255,255,255,255,255,255,255,255,255,255,68,0,0,0,0,0,
6,6,6,6,6,5,5,5,5,5,5,5,5,4,4,4,4,4,3,3,3,2,2,2,2,1,1,1,1,1,1,1,1,1,1,0,0,0,134,255,255,255,255,255,255,255,255,255,255,255,255,255,255,255,143,0,0,0,0,0,
