255,255,255,255,255,255,255,255,255,255,255,255,255,255,255,255,255,255,251,165,108,80,59,45,36,31,27,25,24,22,22,19,18,17,15,14,13,12,11,10,9,8,6,6,5,4,4,3,3,2,1,1,1,1,1,1,0,0,0,0,
255,255,255,255,255,255,255,255,255,255,255,255,255,255,255,255,255,255,252,176,112,82,61,46,36,31,27,25,24,23,22,19,18,17,15,14,13,12,11,10,9,8,6,6,5,4,4,3,3,2,1,1,1,1,1,1,0,0,0,0,
255,255,255,255,255,255,255,255,255,255,255,255,255,255,255,255,255,255,253,179,113,83,62,46,36,31,28,26,24,22,22,20,18,17,15,14,13,12,11,10,9,8,6,6,5,5,4,3,3,2,1,1,1,1,1,1,0,0,0,0,
255,255,255,255,255,255,255,255,255,255,255,255,255,255,255,255,255,255,253,177,112,83,61,46,36,31,28,26,24,22,22,20,18,17,15,14,13,12,11,10,9,8,6,6,5,5,4,3,3,2,1,1,1,1,1,1,0,0,0,0,
255,255,255,255,255,255,255,255,255,255,255,255,255,255,255,255,255,255,251,167,109,81,59,45,36,31,28,25,24,22,22,19,18,17,15,14,13,12,11,9,9,8,6,6,5,4,4,3,2,2,1,1,1,1,1,1,0,0,0,0,
255,255,255,255,255,255,255,255,255,255,255,255,255,255,255,255,255,255,246,152,104,77,57,43,35,30,27,25,24,22,21,19,18,17,15,14,12,11,10,9,9,8,6,6,5,4,4,3,2,2,1,1,1,1,1,0,0,0,0,0,
255,255,255,255,255,255,255,255,255,255,255,255,255,255,255,255,255,254,231,136,98,73,54,42,34,29,27,25,23,22,21,19,18,16,15,13,12,11,10,9,8,7,6,6,5,4,4,3,2,2,1,1,1,1,1,0,0,0,0,0,
255,255,255,255,255,255,255,255,255,255,255,255,255,255,255,255,255,254,203,122,91,67,51,40,33,29,26,25,23,22,21,19,17,16,15,13,12,11,10,9,8,7,6,6,5,4,4,3,2,2,1,1,1,1,1,0,0,0,0,0,
255,255,255,255,255,255,255,255,255,255,255,255,255,255,255,255,255,247,164,110,83,61,47,38,32,28,26,24,23,22,20,18,17,16,14,13,11,10,10,9,8,7,6,6,5,4,3,3,2,2,1,1,1,1,1,0,0,0,0,0,
255,255,255,255,255,255,255,255,255,255,255,255,255,255,255,255,254,218,132,98,74,56,43,35,30,28,25,24,22,21,20,18,17,16,14,13,184,237,190,140,73,7,5,5,5,4,3,3,2,2,1,1,1,1,1,0,0,0,0,0,
255,255,255,255,255,255,255,255,255,255,255,255,255,255,255,254,245,166,113,86,66,50,40,33,29,27,25,23,22,21,19,18,16,15,13,13,95,254,255,255,254,245,164,21,4,4,3,3,2,1,1,1,1,1,1,0,0,0,0,0,
255,255,255,255,255,255,255,255,255,255,255,255,255,255,255,252,199,127,97,75,57,44,36,31,28,26,24,23,22,21,19,17,16,15,13,12,11,219,255,255,255,255,255,212,13,4,3,2,2,1,1,1,1,1,1,0,0,0,0,0,
255,255,255,255,255,255,255,255,255,255,255,255,255,255,253,220,140,105,83,64,50,39,33,30,27,25,24,22,22,20,18,17,16,14,13,12,55,254,255,255,255,255,255,254,110,3,3,2,2,1,1,1,1,1,1,0,0,0,0,0,
255,255,255,255,255,255,255,255,255,255,255,255,255,253,223,148,110,87,68,54,43,36,31,29,26,25,23,22,21,19,18,17,15,14,13,12,81,254,255,255,255,255,255,255,200,3,2,2,2,1,1,1,1,1,0,0,0,0,0,0,
255,255,255,255,255,255,255,255,255,255,255,255,252,215,146,113,90,72,57,46,38,33,29,27,25,24,23,22,20,19,17,16,15,13,12,11,13,131,237,255,255,255,255,255,252,19,2,2,2,1,1,1,1,1,0,0,0,0,0,0,
255,255,255,255,255,255,255,255,255,255,253,241,191,136,110,90,73,59,48,39,34,30,28,26,25,23,22,21,19,18,17,16,14,13,12,11,10,18,226,255,255,255,255,255,255,104,2,2,1,1,1,1,1,1,0,0,0,0,0,0,
254,254,255,255,255,255,255,254,252,240,203,154,123,103,87,72,58,48,41,35,31,28,26,25,24,22,22,20,18,17,16,15,13,13,11,10,9,9,73,222,254,255,255,255,255,240,19,1,1,1,1,1,1,0,0,0,0,0,0,0,
213,231,240,244,244,240,229,210,180,148,125,109,95,81,68,56,48,40,35,31,28,27,25,24,23,22,21,19,18,17,15,14,13,12,11,10,9,9,7,106,254,254,237,254,255,254,94,1,1,1,1,1,1,0,0,0,0,0,0,0,
126,136,144,148,147,142,134,125,116,106,95,83,73,62,54,46,40,35,31,29,27,25,25,23,22,21,20,18,17,16,15,13,12,12,11,10,9,8,7,182,255,255,253,255,255,255,151,1,1,1,1,1,1,0,0,0,0,0,0,0,
94,100,103,105,104,102,98,93,86,79,72,63,56,49,43,38,34,31,29,27,26,24,24,22,22,20,19,17,16,15,14,13,12,11,10,9,8,7,53,254,255,255,255,255,255,255,208,1,1,1,1,1,0,0,0,0,0,0,0,0,
70,74,76,77,76,75,72,69,64,59,54,49,44,39,36,33,30,29,27,26,24,23,22,22,20,19,18,17,16,15,13,12,12,10,10,9,8,7,153,254,255,255,255,245,255,255,254,90,1,1,1,1,0,0,0,0,0,0,0,0,
53,56,57,57,57,56,54,52,49,46,42,39,36,33,31,30,29,26,25,24,23,22,22,21,19,18,17,16,15,14,13,12,11,10,9,9,8,73,253,255,255,255,255,216,255,255,255,216,3,1,1,0,0,0,0,0,0,0,0,0,
42,43,43,44,44,43,42,41,39,37,35,33,32,30,29,27,26,25,24,23,22,22,21,19,18,17,16,15,14,13,12,11,10,9,9,8,7,167,255,255,255,255,255,166,254,255,255,255,74,1,1,0,0,0,0,0,0,0,0,0,
35,36,36,35,35,36,35,34,33,32,31,30,29,28,26,26,25,24,23,22,22,21,19,18,17,16,15,14,13,13,12,11,10,9,9,8,7,121,254,255,255,255,255,117,210,255,255,255,131,1,1,1,0,0,0,0,0,0,0,0,
30,31,31,31,31,31,30,30,29,29,28,27,26,26,25,24,23,22,22,22,20,19,18,17,16,15,14,13,12,12,11,10,9,9,8,8,7,6,160,255,255,255,247,33,121,254,255,255,158,0,1,1,0,0,0,0,0,0,0,0,
29,29,29,29,29,29,29,28,28,27,26,25,25,24,24,23,22,22,21,20,19,18,17,16,16,14,13,12,12,11,10,9,9,9,8,8,6,5,124,255,255,255,240,4,29,249,255,255,183,1,1,1,1,0,0,0,0,0,0,0,
27,27,27,27,27,26,26,26,25,25,25,24,23,23,22,22,22,21,19,19,18,17,16,15,14,13,13,12,11,10,9,9,9,8,7,6,6,6,115,255,255,255,254,33,3,166,255,255,240,31,1,1,1,1,0,0,0,0,0,0,
25,25,25,25,25,25,24,24,24,23,23,23,22,22,21,21,20,19,18,18,17,16,15,14,13,13,12,11,10,10,9,9,8,8,7,6,6,5,96,255,255,255,254,70,3,37,251,255,254,166,1,1,1,1,0,0,0,0,0,0,
24,24,24,23,23,23,23,23,23,22,22,22,21,21,20,19,18,18,17,16,15,15,14,13,12,12,11,10,9,9,8,8,8,7,6,6,5,5,152,255,255,255,255,223,17,2,206,255,255,245,11,1,1,1,0,0,0,0,0,0,
22,22,22,22,22,22,22,22,22,21,21,20,19,19,18,18,17,17,16,15,15,13,13,12,12,11,10,9,9,8,8,8,7,6,6,6,5,4,203,255,255,255,255,255,151,2,100,255,255,254,55,1,1,1,1,0,0,0,0,0,
21,21,21,21,21,21,21,21,20,19,19,18,18,17,17,17,16,15,15,14,13,13,12,12,11,10,9,9,8,7,6,6,6,6,6,5,5,7,243,255,255,255,255,255,251,32,16,233,254,254,45,1,1,1,1,1,0,0,0,0,
19,19,19,19,19,19,18,18,18,18,18,17,17,16,16,15,15,14,13,13,12,12,11,10,10,9,9,8,7,6,6,6,6,6,5,5,5,36,254,255,255,255,255,255,255,128,0,149,223,249,25,1,1,1,1,1,0,0,0,0,
18,18,17,18,18,17,17,17,17,16,16,16,15,15,14,14,13,13,12,12,11,11,10,10,9,8,8,7,6,6,6,6,5,5,5,4,4,70,255,255,255,255,255,255,255,211,2,25,86,168,33,1,1,1,1,1,0,0,0,0,
16,16,16,16,16,16,16,16,15,15,15,15,14,13,12,13,12,12,11,11,10,10,9,9,8,8,7,6,6,6,5,5,5,5,4,4,4,105,255,255,255,255,255,255,255,254,44,1,1,37,1,1,1,1,1,1,0,0,0,0,
15,15,15,15,15,15,14,14,14,13,13,13,13,12,12,12,12,11,11,10,10,9,8,8,7,6,6,6,5,5,5,5,5,4,4,3,3,143,255,255,255,255,255,255,255,255,136,0,1,1,1,1,1,1,1,0,0,0,0,0,
13,13,13,13,13,13,13,13,13,13,12,12,12,12,11,11,10,10,10,9,9,8,8,7,6,6,6,5,5,4,4,4,4,4,3,3,2,188,255,255,255,255,255,255,255,255,232,7,1,1,1,1,1,1,1,0,0,0,0,0,
12,12,12,12,12,12,12,12,12,12,12,11,11,11,10,10,9,9,9,8,8,7,6,6,6,6,5,5,4,4,3,3,4,3,3,2,4,237,255,255,255,255,255,255,255,255,254,102,1,1,1,1,1,1,1,0,0,0,0,0,
11,11,11,11,11,11,11,11,11,11,10,10,10,10,9,9,9,8,8,8,7,6,6,6,5,5,4,4,4,3,3,3,3,3,3,2,48,254,255,255,255,255,255,255,255,255,255,224,8,1,1,1,1,1,0,0,0,0,0,0,
10,10,10,10,10,10,10,10,10,10,9,9,9,9,8,8,8,7,6,6,6,6,5,5,5,4,4,3,3,3,2,2,2,2,2,2,116,254,255,255,255,255,255,255,255,255,255,255,116,1,1,1,1,1,0,0,0,0,0,0,
9,9,9,9,9,9,9,9,9,9,9,8,8,8,7,7,6,6,6,6,5,5,5,4,4,4,3,3,3,2,2,2,2,2,2,1,180,255,255,255,255,255,255,255,255,255,255,255,238,24,1,1,1,0,0,0,0,0,0,0,
8,8,8,8,8,8,8,8,8,8,7,7,7,6,6,6,6,6,5,5,5,4,4,4,3,3,3,2,2,2,1,1,1,1,1,1,232,255,255,255,255,255,255,255,255,255,255,255,255,155,0,1,1,0,0,0,0,0,0,0,
7,7,7,7,7,7,7,7,6,6,6,6,6,6,6,6,5,5,4,4,4,4,3,3,3,3,2,2,2,1,1,1,1,1,1,13,254,255,255,255,255,255,255,255,255,255,255,255,255,251,39,0,0,0,0,0,0,0,0,0,
6,6,6,6,6,6,6,6,6,6,6,6,6,5,5,5,4,4,4,4,4,3,3,3,2,2,2,2,1,1,1,1,1,1,1,31,254,255,255,255,255,255,255,255,255,255,255,255,255,255,162,0,0,0,0,0,0,0,0,0,
6,6,6,6,6,6,5,5,5,5,5,5,5,4,4,4,4,4,3,3,3,3,2,2,2,2,1,1,1,1,1,1,1,1,1,48,254,255,255,255,255,255,255,255,255,255,255,255,255,255,250,28,0,0,0,0,0,0,0,0,
6,6,6,5,5,5,5,5,5,5,5,5,5,4,4,4,4,4,3,3,2,2,2,2,2,1,1,1,1,1,1,1,1,1,1,67,255,255,255,255,255,255,255,255,255,255,255,255,255,255,255,126,0,0,0,0,0,0,0,0,
