255,255,255,255,255,255,255,255,255,255,255,255,255,255,255,255,255,255,251,165,108,80,59,44,35,30,27,25,23,22,21,19,18,16,15,13,12,11,10,9,8,7,6,6,5,4,4,3,2,2,1,1,1,1,1,0,0,0,0,0,
255,255,255,255,255,255,255,255,255,255,255,255,255,255,255,255,255,255,252,176,112,82,60,45,36,30,27,25,23,22,21,19,18,16,15,13,12,11,10,9,8,7,6,6,5,4,4,3,2,2,1,1,1,1,1,0,0,0,0,0,
255,255,255,255,255,255,255,255,255,255,255,255,255,255,255,255,255,255,253,179,112,82,60,45,36,30,27,25,23,22,21,19,17,16,15,13,12,11,10,9,8,7,6,6,5,4,4,3,2,2,1,1,1,1,1,0,0,0,0,0,
255,255,255,255,255,255,255,255,255,255,255,255,255,255,255,255,255,255,253,177,112,82,60,45,36,30,27,25,23,22,21,19,17,16,15,13,12,11,10,9,8,7,6,6,5,4,4,3,2,2,1,1,1,1,1,0,0,0,0,0,
255,255,255,255,255,255,255,255,255,255,255,255,255,255,255,255,255,255,251,167,109,81,59,44,35,30,27,25,23,22,21,19,17,16,15,13,12,11,10,9,8,7,6,6,5,4,4,3,2,2,1,1,1,1,1,0,0,0,0,0,
255,255,255,255,255,255,255,255,255,255,255,255,255,255,255,255,255,255,246,152,104,77,57,42,34,30,26,24,23,22,21,18,17,16,14,13,12,11,10,9,8,7,6,6,5,4,4,3,2,2,1,1,1,1,1,0,0,0,0,0,
255,255,255,255,255,255,255,255,255,255,255,255,255,255,255,255,255,254,231,136,97,72,54,41,33,29,26,24,23,22,21,18,17,16,14,13,12,11,10,9,8,6,6,5,5,4,3,3,2,2,1,1,1,1,1,0,0,0,0,0,
255,255,255,255,255,255,255,255,255,255,255,255,255,255,255,255,255,254,203,121,90,67,50,39,32,28,25,24,22,22,20,18,17,16,14,13,12,11,10,9,8,6,6,5,5,4,3,3,2,1,1,1,1,1,1,0,0,0,0,0,
255,255,255,255,255,255,255,255,255,255,255,255,255,255,255,255,255,247,164,109,82,61,46,37,31,28,25,23,22,21,19,18,17,15,14,31,79,29,9,9,8,6,6,5,5,4,3,3,2,1,1,1,1,1,1,0,0,0,0,0,
255,255,255,255,255,255,255,255,255,255,255,255,255,255,255,255,254,217,132,97,73,55,42,34,29,27,25,23,22,21,19,18,16,15,13,85,254,253,215,155,54,9,5,5,4,4,3,2,2,1,1,1,1,1,1,0,0,0,0,0,
255,255,255,255,255,255,255,255,255,255,255,255,255,255,255,254,245,166,112,84,64,49,39,32,29,26,24,23,22,20,19,17,16,15,13,15,208,255,255,255,254,230,79,5,4,4,3,2,2,1,1,1,1,1,1,0,0,0,0,0,
255,255,255,255,255,255,255,255,255,255,255,255,255,255,255,252,199,126,96,73,55,44,36,30,27,25,24,22,22,19,18,17,16,14,13,12,150,255,255,255,255,255,250,62,4,3,3,2,2,1,1,1,1,1,0,0,0,0,0,0,
255,255,255,255,255,255,255,255,255,255,255,255,255,255,253,220,140,104,81,63,49,39,33,29,26,24,23,22,21,19,17,16,15,13,13,22,245,255,255,255,255,255,255,179,3,3,2,2,1,1,1,1,1,1,0,0,0,0,0,0,
255,255,255,255,255,255,255,255,255,255,255,255,255,253,223,147,110,87,68,53,42,35,30,28,25,24,22,22,20,18,17,16,15,13,12,21,218,255,255,255,255,255,255,242,6,3,2,2,1,1,1,1,1,1,0,0,0,0,0,0,
255,255,255,255,255,255,255,255,255,255,255,255,252,215,146,112,89,71,56,46,38,32,29,26,24,23,22,21,19,18,17,15,14,13,12,11,51,200,255,255,255,255,255,254,33,3,2,2,1,1,1,1,1,1,0,0,0,0,0,0,
255,255,255,255,255,255,255,255,255,255,253,241,191,135,108,89,72,58,47,39,34,30,28,25,24,22,22,20,19,17,16,15,13,13,12,11,9,176,255,255,255,255,255,255,108,2,2,2,1,1,1,1,1,0,0,0,0,0,0,0,
254,254,255,255,255,255,255,254,252,240,203,154,123,103,86,70,57,47,40,34,31,28,26,24,23,22,21,19,18,17,15,14,13,12,11,10,9,25,186,242,255,255,255,255,222,3,2,1,1,1,1,1,1,0,0,0,0,0,0,0,
213,231,240,244,244,240,229,210,180,148,124,108,94,80,67,55,47,39,35,30,28,26,25,24,22,22,20,18,17,16,15,13,12,11,11,10,9,8,63,254,255,251,255,255,254,41,2,1,1,1,1,1,1,0,0,0,0,0,0,0,
126,136,143,148,147,142,134,125,115,105,94,82,72,61,53,45,39,34,31,28,27,25,24,23,22,21,19,18,17,15,14,13,12,11,10,9,8,29,212,254,255,255,255,255,254,45,2,1,1,1,1,1,0,0,0,0,0,0,0,0,
94,99,102,104,104,101,98,92,86,78,71,62,55,48,41,37,33,30,29,26,25,24,23,22,21,20,18,17,16,15,13,12,12,11,10,9,8,119,255,255,255,255,255,255,254,21,2,1,1,1,1,1,0,0,0,0,0,0,0,0,
70,73,76,77,76,75,72,69,64,59,53,48,43,39,35,32,30,28,26,25,23,23,22,21,19,18,17,16,15,14,13,12,11,10,9,8,11,201,255,255,255,255,255,255,242,3,1,1,1,1,1,1,0,0,0,0,0,0,0,0,
53,55,57,57,57,56,54,51,48,45,41,38,36,33,30,29,27,26,25,24,23,22,21,20,18,17,16,16,15,13,12,11,10,9,9,8,127,254,255,255,255,255,255,255,254,47,1,1,1,1,1,0,0,0,0,0,0,0,0,0,
42,42,43,43,44,43,41,40,38,36,34,32,31,29,28,26,25,24,24,23,22,21,20,18,17,17,15,14,13,12,12,10,10,9,8,7,221,255,255,255,255,255,255,255,255,85,1,2,1,1,1,1,0,0,0,0,0,0,0,0,
35,35,35,35,35,35,34,34,32,31,30,29,28,27,26,25,24,23,22,22,21,20,18,18,17,16,15,13,13,12,11,10,9,9,8,7,148,254,255,255,255,255,255,255,255,115,1,1,1,1,1,1,0,0,0,0,0,0,0,0,
30,31,31,31,30,30,30,29,29,28,27,26,25,25,24,24,23,22,22,21,19,18,17,16,16,15,13,13,12,11,10,9,9,8,8,8,7,197,255,255,255,255,255,255,254,99,1,1,1,1,1,1,0,0,0,0,0,0,0,0,
29,29,29,29,28,28,28,27,26,26,25,25,24,24,23,22,22,21,20,19,18,17,16,16,15,13,13,12,11,10,10,9,8,8,8,7,7,134,255,255,255,255,255,255,255,69,1,1,1,1,1,1,1,0,0,0,0,0,0,0,
27,26,26,26,26,26,25,25,25,24,24,24,23,22,22,22,21,19,19,18,17,16,15,14,13,13,12,11,10,10,9,8,8,8,7,6,32,238,255,255,255,255,255,255,255,109,1,1,1,1,1,1,1,1,0,0,0,0,0,0,
24,24,24,24,25,24,24,24,23,23,23,22,22,22,21,20,19,18,17,17,16,15,14,13,13,12,11,11,10,9,8,8,8,8,6,6,168,255,255,255,255,255,255,255,255,132,1,1,1,1,1,1,1,1,0,0,0,0,0,0,
23,23,23,23,23,23,22,22,22,22,22,21,21,20,19,18,18,17,16,15,15,14,13,12,12,11,10,10,9,8,8,7,7,6,6,65,254,254,255,255,255,255,255,255,255,154,1,1,1,1,1,1,1,1,1,0,0,0,0,0,
22,22,22,22,22,22,22,22,21,20,20,19,19,18,18,17,16,16,15,15,13,13,12,12,11,11,10,9,8,8,7,6,6,6,7,209,233,246,255,255,255,255,255,255,255,176,1,1,1,1,1,1,1,1,1,0,0,0,0,0,
21,21,21,21,20,20,20,20,19,19,18,18,17,17,16,16,15,15,14,13,13,12,12,11,10,10,9,8,8,7,6,6,6,6,88,250,82,254,255,255,255,255,255,255,255,201,2,1,1,1,1,1,1,1,1,0,0,0,0,0,
19,19,19,19,19,18,18,18,18,17,17,17,16,16,15,15,14,13,13,12,12,11,11,10,9,9,8,8,6,6,6,6,6,6,201,213,70,255,255,255,255,255,255,255,255,231,1,1,1,1,1,1,1,1,1,0,0,0,0,0,
17,17,17,17,17,17,17,17,16,16,16,15,15,15,14,13,13,12,12,11,11,10,10,9,9,8,7,6,6,6,5,5,5,5,169,233,136,255,255,255,255,255,255,255,255,231,1,1,1,1,1,1,1,1,1,1,0,0,0,0,
16,16,16,16,16,16,16,15,15,15,15,14,13,13,13,12,12,12,11,10,10,10,9,8,8,7,6,6,6,5,5,5,5,5,4,6,155,255,255,255,255,255,255,255,255,171,1,1,1,1,1,1,1,1,1,1,0,0,0,0,
15,15,14,15,15,14,14,14,13,13,13,13,12,12,12,11,11,10,10,10,9,8,8,7,7,6,6,5,5,5,4,4,4,4,4,3,202,255,255,255,255,255,255,255,255,101,2,1,1,1,1,1,1,1,1,1,0,0,0,0,
13,13,13,13,13,13,13,13,13,12,12,12,11,11,11,10,10,10,9,9,8,8,7,6,6,6,5,5,4,4,4,4,4,4,3,17,250,255,255,255,255,255,255,255,255,155,1,1,1,1,1,1,1,1,1,0,0,0,0,0,
12,12,12,12,12,12,12,12,11,11,11,11,10,10,10,9,9,9,8,8,7,6,6,6,6,5,5,4,4,3,3,3,3,3,2,82,254,255,255,255,255,255,255,255,255,241,14,1,1,1,1,1,1,1,1,0,0,0,0,0,
11,11,11,11,11,11,11,11,10,10,10,10,9,9,9,9,8,8,7,7,6,6,6,5,5,5,4,4,3,3,3,3,3,3,2,166,255,255,255,255,255,255,255,255,255,255,107,1,1,1,1,1,1,1,0,0,0,0,0,0,
10,10,10,10,10,10,10,10,9,9,9,9,8,8,8,8,7,7,6,6,6,5,5,5,4,4,4,3,3,2,2,2,2,2,15,244,255,255,255,255,255,255,255,255,255,255,219,3,1,1,1,1,1,1,0,0,0,0,0,0,
9,9,9,9,9,9,9,9,8,8,8,8,7,7,7,6,6,6,6,5,5,5,4,4,4,3,3,3,2,2,2,2,1,1,100,254,255,255,255,255,255,255,255,255,255,255,254,86,1,1,1,1,1,0,0,0,0,0,0,0,
8,8,8,8,8,8,8,8,8,7,7,6,6,6,6,6,6,5,5,5,4,4,4,3,3,3,2,2,2,1,1,1,1,1,182,255,255,255,255,255,255,255,255,255,255,255,255,199,0,1,1,1,1,0,0,0,0,0,0,0,
7,7,7,7,6,6,6,6,6,6,6,6,6,6,5,5,5,5,4,4,4,4,3,3,2,2,2,2,2,1,1,1,1,10,247,255,255,255,255,255,255,255,255,255,255,255,255,254,51,1,1,1,0,0,0,0,0,0,0,0,
6,6,6,6,6,6,6,6,6,6,6,5,5,5,5,4,4,4,4,4,3,3,3,2,2,2,2,1,1,1,1,1,1,63,254,255,255,255,255,255,255,255,255,255,255,255,255,255,143,0,0,0,0,0,0,0,0,0,0,0,
5,5,5,5,5,5,5,5,5,5,5,5,4,4,4,4,4,3,3,3,3,2,2,2,2,1,1,1,1,1,1,1,1,120,255,255,255,255,255,255,255,255,255,255,255,255,255,255,219,0,0,0,0,0,0,0,0,0,0,0,
5,5,5,5,5,5,5,5,5,5,5,4,4,4,4,4,3,3,3,3,2,2,2,1,1,1,1,1,1,1,1,1,1,171,255,255,255,255,255,255,255,255,255,255,255,255,255,255,254,25,0,0,0,0,0,0,0,0,0,0,
