255,255,255,255,255,255,255,255,255,255,255,255,255,255,255,255,255,255,250,164,107,79,58,43,35,30,28,25,24,22,21,19,18,16,15,13,12,11,10,9,8,7,6,6,5,4,3,3,2,2,1,1,1,1,1,0,0,0,0,0,
255,255,255,255,255,255,255,255,255,255,255,255,255,255,255,255,255,255,252,176,110,81,60,44,35,30,27,25,24,22,21,19,18,16,15,13,12,11,10,9,8,7,6,6,5,4,3,3,2,2,1,1,1,1,1,0,0,0,0,0,
255,255,255,255,255,255,255,255,255,255,255,255,255,255,255,255,255,255,253,179,111,82,61,45,36,30,27,25,23,22,22,19,18,16,15,13,13,12,10,9,8,7,6,6,5,4,4,3,2,2,1,1,1,1,1,0,0,0,0,0,
255,255,255,255,255,255,255,255,255,255,255,255,255,255,255,255,255,255,253,177,110,82,60,45,36,30,27,25,24,22,22,19,18,16,15,13,13,12,10,9,8,7,6,6,5,4,4,3,2,2,1,1,1,1,1,0,0,0,0,0,
255,255,255,255,255,255,255,255,255,255,255,255,255,255,255,255,255,255,251,167,107,79,58,44,35,30,27,24,23,22,21,19,17,16,15,13,12,11,10,9,8,7,6,6,5,4,4,3,2,2,1,1,1,1,1,0,0,0,0,0,
255,255,255,255,255,255,255,255,255,255,255,255,255,255,255,255,255,255,246,151,103,77,56,43,34,30,27,24,23,22,21,19,17,16,15,13,12,11,10,9,8,7,6,6,5,4,4,3,2,2,1,1,1,1,1,0,0,0,0,0,
255,255,255,255,255,255,255,255,255,255,255,255,255,255,255,255,255,254,231,135,97,72,53,41,33,29,26,24,22,22,20,18,17,16,14,13,12,11,10,9,8,7,6,5,5,4,3,3,2,2,1,1,1,1,1,0,0,0,0,0,
255,255,255,255,255,255,255,255,255,255,255,255,255,255,255,255,255,254,204,121,90,67,50,39,32,28,26,24,22,22,20,18,17,15,14,12,11,11,10,9,8,6,6,5,4,4,3,3,2,1,1,1,1,1,1,0,0,0,0,0,
255,255,255,255,255,255,255,255,255,255,255,255,255,255,255,255,255,247,164,108,82,61,47,37,30,28,25,24,22,21,19,18,17,22,101,44,10,10,9,9,8,6,6,5,4,4,3,3,2,1,1,1,1,1,1,0,0,0,0,0,
255,255,255,255,255,255,255,255,255,255,255,255,255,255,255,255,254,217,131,97,73,55,42,35,29,27,24,23,22,21,19,18,16,29,250,254,210,127,19,8,6,6,6,5,4,4,3,2,2,1,1,1,1,1,1,0,0,0,0,0,
255,255,255,255,255,255,255,255,255,255,255,255,255,255,255,254,246,166,111,86,65,49,39,32,29,26,24,23,22,20,19,17,16,15,162,255,255,255,245,177,34,6,6,5,4,3,3,2,2,1,1,1,1,1,1,0,0,0,0,0,
255,255,255,255,255,255,255,255,255,255,255,255,255,255,255,252,199,125,95,73,56,44,35,30,27,25,24,22,22,20,18,17,16,15,154,254,255,255,255,255,225,25,5,5,4,3,3,2,2,1,1,1,1,1,0,0,0,0,0,0,
255,255,255,255,255,255,255,255,255,255,255,255,255,255,254,219,139,103,81,62,48,39,32,29,26,24,23,22,21,19,18,16,15,39,252,255,255,255,255,255,254,123,5,5,4,3,3,2,1,1,1,1,1,1,0,0,0,0,0,0,
255,255,255,255,255,255,255,255,255,255,255,255,255,253,223,147,108,86,67,53,42,35,31,27,25,24,22,22,20,18,17,16,15,22,230,254,255,255,255,255,255,189,4,4,4,3,3,2,1,1,1,1,1,1,0,0,0,0,0,0,
255,255,255,255,255,255,255,255,255,255,255,255,252,215,145,111,89,71,56,45,38,32,28,26,24,23,22,21,19,18,17,16,14,13,49,225,255,255,255,255,255,218,3,4,4,3,2,2,1,1,1,1,1,1,0,0,0,0,0,0,
255,255,255,255,255,255,255,255,255,255,253,241,191,136,108,88,72,57,47,39,34,30,27,25,24,23,22,20,18,17,16,15,13,13,23,219,255,255,255,255,255,243,9,4,3,3,2,2,1,1,1,1,1,0,0,0,0,0,0,0,
254,254,255,255,255,255,255,254,252,240,203,154,121,102,85,71,58,47,40,41,62,35,25,24,23,22,21,19,18,17,16,14,13,12,11,75,219,254,255,255,255,254,95,3,3,2,2,1,1,1,1,1,1,0,0,0,0,0,0,0,
213,231,240,244,244,240,229,210,180,148,124,108,94,79,67,55,46,39,35,90,241,251,197,89,23,21,20,19,17,16,14,49,74,15,10,10,113,255,255,255,255,255,176,3,3,2,2,1,1,1,1,1,1,0,0,0,0,0,0,0,
126,136,143,148,147,142,133,124,114,104,93,82,71,61,52,45,38,34,30,29,74,93,195,252,243,209,172,140,94,57,159,219,254,246,217,213,248,255,255,255,255,255,197,3,3,2,2,1,1,1,1,1,0,0,0,0,0,0,0,0,
94,98,102,103,103,101,97,92,85,78,70,62,54,48,42,37,33,30,29,26,25,24,22,31,105,174,238,254,254,254,254,255,255,255,255,255,255,255,255,255,255,255,195,2,3,2,2,1,1,1,1,1,0,0,0,0,0,0,0,0,
69,73,76,76,76,75,72,68,64,58,53,47,43,38,35,32,30,28,26,25,23,22,22,21,20,18,18,68,115,125,197,239,255,254,239,235,255,255,255,255,255,255,254,145,4,2,2,1,1,1,1,0,0,0,0,0,0,0,0,0,
52,55,56,57,56,55,54,51,48,45,41,38,35,32,30,29,28,26,24,24,22,22,21,20,18,17,16,16,15,13,17,90,165,74,29,238,255,255,255,255,255,255,255,254,94,2,2,1,1,1,1,0,0,0,0,0,0,0,0,0,
41,42,43,43,43,42,41,40,38,36,34,32,30,29,28,27,25,24,23,22,22,21,20,18,17,16,16,15,13,12,12,10,10,9,116,255,255,255,255,255,255,255,255,254,81,2,2,1,1,1,1,0,0,0,0,0,0,0,0,0,
34,35,35,35,35,34,34,33,32,31,30,29,28,27,26,25,24,23,22,22,21,20,18,17,17,16,15,13,13,12,11,10,9,8,103,254,255,255,255,255,255,255,255,254,97,2,2,1,1,1,1,1,0,0,0,0,0,0,0,0,
30,30,30,30,30,30,30,29,29,28,28,26,25,25,24,24,23,22,21,20,19,18,17,17,16,15,13,13,12,11,10,9,9,8,9,109,242,255,255,255,255,255,255,255,194,2,2,1,1,1,1,1,0,0,0,0,0,0,0,0,
28,28,28,28,28,28,28,27,27,26,25,25,24,24,23,23,22,22,21,19,18,17,16,16,15,14,13,12,11,10,10,9,8,8,8,7,196,255,255,255,255,255,254,243,255,41,1,1,1,1,1,1,1,0,0,0,0,0,0,0,
26,26,26,26,26,26,26,25,25,24,24,23,23,22,22,22,21,20,18,18,17,16,15,15,13,13,12,11,10,10,9,8,8,7,6,6,161,255,255,255,255,255,243,198,255,73,1,1,1,1,1,1,1,1,0,0,0,0,0,0,
25,25,25,25,25,24,24,24,24,23,23,22,22,22,21,20,19,18,18,17,16,15,14,13,13,12,11,11,10,9,8,8,8,7,6,6,112,255,255,255,255,255,214,153,255,90,1,1,1,1,1,1,1,1,0,0,0,0,0,0,
23,23,23,23,23,23,23,22,22,22,22,21,21,20,19,18,18,17,16,16,15,14,13,13,12,11,10,10,9,8,8,6,6,6,6,5,156,255,255,255,255,255,235,108,255,115,2,1,1,1,1,1,1,1,1,0,0,0,0,0,
22,22,22,22,22,22,22,22,21,21,20,19,19,18,18,17,17,16,15,14,13,13,12,12,11,11,10,9,8,8,7,6,6,6,6,5,204,255,255,255,255,255,254,78,254,138,2,1,1,1,1,1,1,1,1,0,0,0,0,0,
21,21,21,21,21,21,20,20,19,19,18,18,18,17,17,16,16,15,14,13,13,12,11,11,10,10,9,8,8,6,6,6,6,6,5,10,248,255,255,255,255,255,254,59,254,166,2,2,1,1,1,1,1,1,1,1,0,0,0,0,
19,19,19,19,19,19,18,18,18,17,17,17,16,16,15,15,14,13,13,12,12,11,11,10,10,9,8,8,7,6,6,6,6,5,5,44,254,255,255,255,255,255,254,173,254,230,2,2,1,1,1,1,1,1,1,1,0,0,0,0,
17,17,17,17,17,17,17,17,16,16,16,16,15,15,14,13,13,13,12,12,11,10,10,9,9,8,7,7,6,6,6,5,5,5,4,85,255,255,255,255,255,255,255,252,254,254,15,2,1,1,1,1,1,1,1,1,0,0,0,0,
16,16,16,16,16,16,16,16,15,15,15,14,13,13,13,13,12,12,11,11,10,9,9,9,8,7,6,6,6,5,5,5,5,4,3,134,255,255,255,255,255,255,255,255,254,229,60,2,1,1,1,1,1,1,1,1,0,0,0,0,
15,15,15,15,15,15,14,14,14,13,13,13,12,12,12,12,11,11,10,10,9,9,8,8,7,6,6,5,5,5,4,4,4,4,3,182,255,255,255,255,255,255,255,255,241,171,28,1,1,1,1,1,1,1,1,1,0,0,0,0,
13,13,13,13,13,13,13,13,13,12,12,12,12,11,11,11,10,10,9,9,8,8,7,6,6,6,6,5,4,4,4,3,4,4,7,240,255,255,255,255,255,255,255,255,210,50,2,1,1,1,1,1,1,1,1,1,0,0,0,0,
12,12,12,12,12,12,12,12,12,11,11,11,10,10,10,9,9,9,8,8,7,6,6,6,6,5,5,4,4,4,3,3,3,3,62,254,255,255,255,255,255,255,255,255,249,26,1,1,1,1,1,1,1,1,1,1,0,0,0,0,
11,11,11,11,11,11,11,11,10,10,10,10,9,9,9,9,8,8,7,6,6,6,6,5,5,5,4,4,3,3,3,2,2,2,145,255,255,255,255,255,255,255,255,255,255,128,1,1,1,1,1,1,1,1,1,0,0,0,0,0,
10,10,10,10,10,10,10,10,10,9,9,9,8,8,8,8,7,7,6,6,6,5,5,5,4,4,4,3,3,3,2,2,2,4,229,255,255,255,255,255,255,255,255,255,255,234,11,1,1,1,1,1,1,1,1,0,0,0,0,0,
9,9,9,9,9,9,9,9,8,8,8,8,8,8,7,6,6,6,6,6,5,5,4,4,4,3,3,3,2,2,2,1,1,66,254,255,255,255,255,255,255,255,255,255,255,254,114,1,1,1,1,1,1,1,0,0,0,0,0,0,
8,8,8,8,8,8,8,8,7,7,7,6,6,6,6,6,6,6,5,5,4,4,4,4,3,3,2,2,2,2,1,1,1,140,255,255,255,255,255,255,255,255,255,255,255,255,224,6,1,1,1,1,1,1,0,0,0,0,0,0,
7,7,7,7,7,7,7,6,6,6,6,6,6,6,6,5,5,5,4,4,4,4,3,3,3,2,2,2,1,1,1,1,0,202,255,255,255,255,255,255,255,255,255,255,255,255,254,93,1,1,1,1,0,0,0,0,0,0,0,0,
6,6,6,6,6,6,6,6,6,6,5,5,5,5,5,4,4,4,4,3,3,3,3,2,2,2,2,1,1,1,1,1,3,245,255,255,255,255,255,255,255,255,255,255,255,255,255,193,1,1,1,0,0,0,0,0,0,0,0,0,
6,6,6,6,5,5,5,5,5,5,5,5,5,4,4,4,4,4,3,3,2,2,2,2,2,1,1,1,1,1,1,1,36,254,255,255,255,255,255,255,255,255,255,255,255,255,255,253,27,1,0,0,0,0,0,0,0,0,0,0,
5,5,5,5,5,5,5,5,4,4,4,4,4,4,3,3,3,3,3,2,2,2,2,1,1,1,1,1,1,1,1,1,82,254,255,255,255,255,255,255,255,255,255,255,255,255,255,255,101,0,0,0,0,0,0,0,0,0,0,0,
