255,255,255,255,255,255,255,255,255,255,255,255,255,255,255,255,255,255,250,164,107,80,59,44,36,30,28,26,24,23,22,20,18,17,16,14,13,12,11,10,9,8,6,6,5,5,4,3,3,2,1,1,1,1,1,1,0,0,0,0,
255,255,255,255,255,255,255,255,255,255,255,255,255,255,255,255,255,255,252,176,110,82,60,45,36,30,28,26,24,23,22,20,18,17,16,14,13,12,11,10,9,8,6,6,5,5,4,3,3,2,1,1,1,1,1,1,0,0,0,0,
255,255,255,255,255,255,255,255,255,255,255,255,255,255,255,255,255,255,253,179,112,82,61,46,36,31,28,26,24,23,22,20,18,17,16,14,13,12,11,10,9,8,6,6,5,5,4,3,3,2,1,1,1,1,1,1,0,0,0,0,
255,255,255,255,255,255,255,255,255,255,255,255,255,255,255,255,255,255,253,177,110,82,61,45,36,31,27,26,24,23,22,20,18,17,15,14,13,12,11,10,9,8,6,6,5,5,4,3,3,2,1,1,1,1,1,1,0,0,0,0,
255,255,255,255,255,255,255,255,255,255,255,255,255,255,255,255,255,255,251,167,108,81,59,44,36,30,27,25,24,22,22,19,18,17,15,14,13,12,11,10,9,8,6,6,5,5,4,3,3,2,1,1,1,1,1,1,0,0,0,0,
255,255,255,255,255,255,255,255,255,255,255,255,255,255,255,255,255,255,246,151,104,78,57,43,35,30,27,25,24,22,22,19,18,16,15,13,13,12,10,9,9,8,6,6,5,4,4,3,3,2,1,1,1,1,1,1,0,0,0,0,
255,255,255,255,255,255,255,255,255,255,255,255,255,255,255,255,255,254,231,135,98,73,54,41,33,29,27,25,23,22,21,19,18,16,15,13,13,11,10,9,9,8,6,6,5,4,4,3,3,2,1,1,1,1,1,1,0,0,0,0,
255,255,255,255,255,255,255,255,255,255,255,255,255,255,255,255,255,254,204,121,91,68,50,39,32,29,26,24,23,22,21,19,17,16,15,13,12,11,10,9,8,7,6,6,5,4,4,3,2,2,1,1,1,1,1,0,0,0,0,0,
255,255,255,255,255,255,255,255,255,255,255,255,255,255,255,255,255,247,165,109,83,62,47,37,31,28,26,24,23,22,20,18,17,16,56,23,11,10,10,9,8,7,6,6,5,4,4,3,2,2,1,1,1,1,1,0,0,0,0,0,
255,255,255,255,255,255,255,255,255,255,255,255,255,255,255,255,254,217,132,98,74,56,43,35,30,27,25,24,22,21,20,18,17,15,238,249,202,141,44,9,8,6,6,5,5,4,3,3,2,2,1,1,1,1,1,0,0,0,0,0,
255,255,255,255,255,255,255,255,255,255,255,255,255,255,255,254,246,166,112,86,66,50,39,33,29,27,25,24,22,21,19,18,17,15,132,255,255,255,254,232,106,6,6,5,4,4,3,3,2,2,1,1,1,1,1,0,0,0,0,0,
255,255,255,255,255,255,255,255,255,255,255,255,255,255,255,252,199,126,96,74,57,45,36,31,28,26,24,23,22,21,19,17,16,15,61,254,255,255,255,255,254,119,5,5,4,4,3,3,2,1,1,1,1,1,1,0,0,0,0,0,
255,255,255,255,255,255,255,255,255,255,255,255,255,255,254,219,139,104,81,63,50,40,33,29,27,25,24,23,22,20,18,17,16,15,171,255,255,255,255,255,255,236,10,5,4,4,3,2,2,1,1,1,1,1,1,0,0,0,0,0,
255,255,255,255,255,255,255,255,255,255,255,255,255,254,224,147,110,87,68,54,43,36,31,28,26,25,23,22,21,19,18,17,15,14,155,255,255,255,255,255,255,254,62,5,4,3,3,2,2,1,1,1,1,1,0,0,0,0,0,0,
255,255,255,255,255,255,255,255,255,255,255,255,252,215,146,112,91,72,57,46,38,33,29,27,25,24,22,22,20,19,17,16,15,13,33,154,255,255,255,255,255,255,95,4,4,3,2,2,1,1,1,1,1,1,0,0,0,0,0,0,
255,255,255,255,255,255,255,255,255,255,253,241,190,135,109,90,73,58,47,39,34,31,28,26,24,23,22,21,19,18,17,16,14,13,12,105,255,255,255,255,255,255,162,3,4,3,2,2,1,1,1,1,1,1,0,0,0,0,0,0,
254,254,255,255,255,255,255,254,252,240,204,154,122,103,86,71,59,48,40,35,31,28,26,25,24,23,22,20,18,17,16,15,13,13,12,11,169,231,255,255,255,255,251,35,3,3,2,2,1,1,1,1,1,1,0,0,0,0,0,0,
213,231,240,244,244,240,229,210,180,148,124,109,94,80,67,56,48,40,35,31,29,27,26,25,23,22,21,19,18,17,16,14,45,15,11,10,13,220,255,254,255,255,254,99,3,3,2,2,1,1,1,1,1,0,0,0,0,0,0,0,
127,136,143,148,147,142,134,125,114,105,94,83,72,62,53,45,39,35,31,29,130,212,217,166,116,93,75,56,40,16,28,148,252,240,191,187,236,254,255,255,255,255,255,104,3,2,2,1,1,1,1,1,1,0,0,0,0,0,0,0,
94,99,102,104,103,101,98,93,86,79,71,63,55,48,42,37,33,31,29,27,162,178,143,203,221,254,254,254,254,239,253,255,255,255,255,255,255,255,255,255,255,255,255,97,3,2,2,1,1,1,1,1,0,0,0,0,0,0,0,0,
70,73,76,77,77,76,73,69,64,59,53,48,43,39,35,32,30,29,27,25,23,31,22,22,20,42,90,131,176,190,196,252,254,255,254,251,255,255,255,255,255,255,255,163,4,2,2,1,1,1,1,1,0,0,0,0,0,0,0,0,
53,55,56,57,57,56,54,51,49,45,42,39,36,33,31,29,28,27,25,24,23,22,22,21,19,18,17,16,15,13,12,42,206,169,71,187,255,255,255,255,255,255,255,255,132,3,2,2,1,1,1,1,0,0,0,0,0,0,0,0,
41,42,43,43,43,43,41,40,39,36,34,33,31,29,28,27,26,25,24,23,22,22,21,19,18,17,16,15,14,13,12,11,10,9,41,254,255,255,255,255,255,255,255,255,136,2,2,2,1,1,1,1,0,0,0,0,0,0,0,0,
35,35,36,36,36,35,34,34,33,32,31,30,29,28,26,25,25,24,23,22,22,21,19,18,17,16,15,14,13,12,12,11,10,9,28,241,255,255,255,255,255,255,255,255,141,2,2,2,1,1,1,1,0,0,0,0,0,0,0,0,
31,31,31,31,31,31,30,30,29,29,28,28,26,26,25,24,23,23,22,22,21,19,18,17,16,15,14,13,12,12,11,10,9,9,8,49,210,255,255,255,255,255,255,255,192,1,2,2,1,1,1,1,0,0,0,0,0,0,0,0,
29,29,29,29,29,28,28,28,27,27,26,25,25,24,24,23,22,22,21,20,19,18,17,16,16,14,13,13,12,11,10,9,9,9,8,7,135,255,255,255,255,255,255,255,254,44,1,1,1,1,1,1,1,1,0,0,0,0,0,0,
26,26,27,27,27,26,26,26,25,25,25,24,24,23,22,22,22,21,20,19,18,17,16,15,14,13,13,12,11,10,9,9,9,8,8,7,99,254,255,255,255,255,255,255,254,73,1,1,1,1,1,1,1,1,0,0,0,0,0,0,
25,25,25,25,25,25,25,24,24,24,23,23,22,22,22,21,20,19,18,17,17,16,15,14,13,13,12,11,10,10,9,8,8,8,7,6,53,254,255,255,255,255,255,255,254,81,1,1,1,1,1,1,1,1,0,0,0,0,0,0,
24,24,24,23,23,23,23,23,23,22,22,22,21,21,20,19,18,18,17,16,16,15,14,13,12,12,11,10,10,9,8,8,8,7,6,5,95,254,255,255,255,255,255,255,255,90,2,1,1,1,1,1,1,1,1,0,0,0,0,0,
22,22,22,22,22,22,22,22,22,22,21,20,19,19,18,18,17,17,16,15,14,13,13,12,12,11,10,10,9,8,8,7,7,6,6,5,150,255,255,255,255,255,255,255,254,94,2,2,1,1,1,1,1,1,1,0,0,0,0,0,
21,21,21,21,21,21,21,20,20,19,19,19,18,18,17,17,16,15,15,14,13,13,12,11,11,10,10,9,8,7,6,6,6,6,6,5,192,255,255,255,255,255,255,255,255,112,2,2,1,1,1,1,1,1,1,1,0,0,0,0,
19,19,19,19,19,19,19,18,18,18,18,17,17,16,16,15,15,14,13,13,12,12,11,11,10,9,9,8,7,6,6,6,6,6,5,5,237,255,255,255,255,255,255,255,255,149,2,2,1,1,1,1,1,1,1,1,0,0,0,0,
18,18,18,18,18,18,17,17,17,17,16,16,16,15,15,14,13,13,12,12,11,11,10,10,9,9,8,8,6,6,6,6,6,5,5,30,254,255,255,255,255,255,255,255,255,181,2,2,1,1,1,1,1,1,1,1,0,0,0,0,
16,16,16,16,16,16,16,16,16,15,15,15,14,13,13,13,12,12,12,11,10,10,10,9,8,8,7,6,6,5,5,5,5,5,4,74,255,255,255,255,255,255,255,255,247,176,2,2,1,1,1,1,1,1,1,1,0,0,0,0,
15,15,15,15,15,15,15,15,14,14,13,13,13,13,12,12,11,11,10,10,9,9,9,8,7,7,6,6,5,5,5,5,5,4,3,127,255,255,255,255,255,255,255,255,211,153,4,1,1,1,1,1,1,1,1,1,0,0,0,0,
13,13,13,13,13,13,13,13,13,13,13,12,12,12,11,11,10,10,10,9,9,8,8,8,6,6,6,5,5,4,4,4,4,4,3,185,255,255,255,255,255,255,255,255,230,36,1,1,1,1,1,1,1,1,1,1,0,0,0,0,
12,12,13,13,12,12,12,12,12,12,12,11,11,11,10,10,9,9,9,8,8,7,6,6,6,6,5,5,4,4,3,3,3,3,15,247,255,255,255,255,255,255,255,255,255,76,1,1,1,1,1,1,1,1,1,0,0,0,0,0,
11,11,11,11,11,11,11,11,11,11,10,10,10,10,9,9,9,8,8,8,7,6,6,6,5,5,5,4,4,3,3,3,3,2,90,254,255,255,255,255,255,255,255,255,255,182,1,1,1,1,1,1,1,1,1,0,0,0,0,0,
10,10,10,10,10,10,10,10,10,10,10,9,9,9,8,8,8,7,7,6,6,6,5,5,5,4,4,4,3,3,2,2,2,2,177,255,255,255,255,255,255,255,255,255,255,253,44,1,1,1,1,1,1,1,0,0,0,0,0,0,
9,9,9,9,9,9,9,9,9,9,9,8,8,8,7,7,6,6,6,6,5,5,5,5,4,4,3,3,3,2,2,2,2,19,249,255,255,255,255,255,255,255,255,255,255,254,163,0,1,1,1,1,1,1,0,0,0,0,0,0,
8,8,8,8,8,8,8,8,8,8,8,7,7,6,6,6,6,6,5,5,5,4,4,4,3,3,3,2,2,2,1,1,1,91,254,255,255,255,255,255,255,255,255,255,255,255,251,32,1,1,1,1,1,0,0,0,0,0,0,0,
7,7,8,8,7,7,7,7,6,6,6,6,6,6,6,6,5,5,5,4,4,4,4,3,3,3,2,2,2,1,1,1,0,149,255,255,255,255,255,255,255,255,255,255,255,255,255,139,1,1,1,1,0,0,0,0,0,0,0,0,
6,6,6,6,6,6,6,6,6,6,6,6,6,5,5,5,4,4,4,4,3,3,3,3,2,2,2,2,1,1,1,1,0,199,255,255,255,255,255,255,255,255,255,255,255,255,255,236,7,1,0,0,0,0,0,0,0,0,0,0,
6,6,6,6,6,6,6,5,5,5,5,5,5,5,4,4,4,4,4,3,3,3,2,2,2,2,1,1,1,1,1,1,1,240,255,255,255,255,255,255,255,255,255,255,255,255,255,254,77,0,0,0,0,0,0,0,0,0,0,0,
5,5,5,5,5,5,5,5,5,4,4,4,4,4,4,4,3,3,3,3,2,2,2,2,1,1,1,1,1,1,1,1,32,254,255,255,255,255,255,255,255,255,255,255,255,255,255,255,147,0,0,0,0,0,0,0,0,0,0,0,
