255,255,255,255,255,255,255,255,255,255,255,255,255,255,255,255,255,255,250,164,107,80,59,44,36,30,28,26,24,23,22,20,18,17,16,15,13,12,11,10,9,8,7,6,5,5,4,3,3,2,2,1,1,1,1,1,0,0,0,0,
255,255,255,255,255,255,255,255,255,255,255,255,255,255,255,255,255,255,252,176,110,82,60,46,36,30,28,26,24,23,22,21,18,17,16,15,13,12,11,10,9,8,7,6,5,5,4,3,3,2,2,1,1,1,1,1,0,0,0,0,
255,255,255,255,255,255,255,255,255,255,255,255,255,255,255,255,255,255,253,179,112,84,61,46,36,31,28,26,24,23,22,20,18,17,16,15,13,12,11,10,9,8,7,6,5,5,4,3,3,2,2,1,1,1,1,1,0,0,0,0,
255,255,255,255,255,255,255,255,255,255,255,255,255,255,255,255,255,255,253,177,111,83,61,46,36,31,28,26,24,23,22,20,18,17,16,15,13,12,11,10,9,8,7,6,5,5,4,3,3,2,2,1,1,1,1,1,0,0,0,0,
255,255,255,255,255,255,255,255,255,255,255,255,255,255,255,255,255,255,251,167,108,81,60,45,36,30,28,26,24,23,22,20,18,17,16,14,13,12,11,10,9,8,6,6,5,5,4,3,3,2,1,1,1,1,1,1,0,0,0,0,
255,255,255,255,255,255,255,255,255,255,255,255,255,255,255,255,255,255,246,151,104,78,57,43,35,30,28,25,24,23,22,20,18,17,16,14,13,12,11,10,9,8,6,6,5,4,4,3,3,2,1,1,1,1,1,1,0,0,0,0,
255,255,255,255,255,255,255,255,255,255,255,255,255,255,255,255,255,254,231,135,98,73,54,42,34,29,27,25,24,22,21,20,18,17,15,14,13,12,11,10,9,8,6,6,5,4,4,3,3,2,1,1,1,1,1,1,0,0,0,0,
255,255,255,255,255,255,255,255,255,255,255,255,255,255,255,255,255,254,204,121,91,67,51,40,33,29,27,25,24,22,21,19,18,16,15,13,13,12,10,9,8,7,6,6,5,4,4,3,2,2,1,1,1,1,1,1,0,0,0,0,
255,255,255,255,255,255,255,255,255,255,255,255,255,255,255,255,255,247,165,110,83,62,47,38,31,29,26,25,23,22,21,19,18,16,19,12,12,11,10,9,8,7,6,6,5,4,4,3,2,2,1,1,1,1,1,0,0,0,0,0,
255,255,255,255,255,255,255,255,255,255,255,255,255,255,255,255,254,217,132,99,74,56,43,36,30,28,26,24,23,22,21,19,17,32,252,227,174,122,39,10,8,6,6,5,5,4,4,3,2,2,1,1,1,1,1,0,0,0,0,0,
255,255,255,255,255,255,255,255,255,255,255,255,255,255,255,254,246,166,112,86,66,50,39,33,29,27,25,24,22,22,20,18,17,15,170,255,255,255,254,236,116,7,6,5,5,4,3,3,2,2,1,1,1,1,1,0,0,0,0,0,
255,255,255,255,255,255,255,255,255,255,255,255,255,255,255,252,199,126,96,74,57,45,36,31,28,27,25,23,22,21,19,18,16,15,63,254,255,255,255,255,255,129,5,5,4,4,3,3,2,2,1,1,1,1,1,0,0,0,0,0,
255,255,255,255,255,255,255,255,255,255,255,255,255,255,254,219,139,105,82,64,49,40,33,30,27,25,24,23,22,21,18,17,16,15,156,255,255,255,255,255,255,242,19,5,4,4,3,2,2,1,1,1,1,1,1,0,0,0,0,0,
255,255,255,255,255,255,255,255,255,255,255,255,255,254,224,147,110,87,69,54,43,36,31,28,26,25,24,22,22,19,18,17,16,14,161,255,255,255,255,255,255,254,82,4,4,3,3,2,2,1,1,1,1,1,1,0,0,0,0,0,
255,255,255,255,255,255,255,255,255,255,255,255,252,215,146,112,91,73,57,46,38,33,29,27,25,24,23,22,21,19,18,16,15,13,36,161,254,255,255,255,255,255,119,4,4,3,3,2,2,1,1,1,1,1,0,0,0,0,0,0,
255,255,255,255,255,255,255,255,255,255,253,241,191,135,109,90,73,58,48,39,34,31,28,26,25,23,22,21,20,18,17,16,15,13,12,80,254,255,255,255,255,255,212,7,4,3,2,2,1,1,1,1,1,1,0,0,0,0,0,0,
254,254,255,255,255,255,255,254,252,240,204,154,122,103,86,71,59,49,41,35,31,28,26,25,24,23,22,21,19,18,16,15,14,13,12,11,155,237,255,255,255,255,254,88,3,3,2,2,1,1,1,1,1,1,0,0,0,0,0,0,
213,231,240,244,244,240,229,210,180,148,125,109,94,80,68,57,48,40,36,32,29,27,26,25,24,22,22,20,18,17,16,15,13,12,11,10,9,182,255,254,254,255,255,148,3,3,2,2,1,1,1,1,1,0,0,0,0,0,0,0,
127,136,143,148,147,142,134,125,114,105,95,83,72,62,53,45,39,35,31,29,28,59,112,87,42,23,19,18,17,16,15,81,218,214,161,163,225,255,255,255,255,255,255,168,3,2,2,1,1,1,1,1,1,0,0,0,0,0,0,0,
94,99,103,104,103,101,98,93,86,79,71,63,56,49,43,38,34,31,29,28,77,247,247,254,254,253,242,228,207,173,190,251,255,255,255,255,255,255,255,255,255,255,255,147,3,2,2,1,1,1,1,1,1,0,0,0,0,0,0,0,
70,74,76,77,77,76,73,69,64,59,53,48,44,39,36,33,30,29,27,26,35,167,48,52,51,112,155,204,243,254,249,251,255,255,254,254,254,255,255,255,255,255,255,163,3,2,2,1,1,1,1,1,0,0,0,0,0,0,0,0,
53,55,56,57,57,56,54,52,49,46,42,39,36,34,31,29,28,27,26,25,24,22,21,21,19,18,17,16,14,17,11,87,192,231,129,175,254,255,255,255,255,255,255,254,95,3,3,2,1,1,1,1,0,0,0,0,0,0,0,0,
41,43,44,44,44,43,42,40,39,36,35,33,31,30,29,28,26,25,24,24,23,22,21,20,18,17,16,16,14,13,12,12,24,14,14,247,255,255,255,255,255,255,255,255,115,2,2,2,1,1,1,1,0,0,0,0,0,0,0,0,
35,35,36,36,36,36,35,34,33,32,31,30,29,28,27,26,25,24,23,23,22,21,19,19,17,17,15,15,13,13,12,11,10,9,12,225,255,255,255,255,255,255,255,255,123,2,2,2,1,1,1,1,0,0,0,0,0,0,0,0,
31,31,31,31,31,31,30,30,29,29,29,28,27,26,25,25,24,23,22,22,21,20,18,17,17,16,15,13,13,12,11,10,10,9,8,35,187,255,255,255,255,255,255,255,142,2,2,2,1,1,1,1,0,0,0,0,0,0,0,0,
29,29,29,29,29,29,28,28,28,27,27,26,25,25,24,23,23,22,22,21,19,18,17,17,16,15,13,13,12,11,10,10,9,9,8,8,103,254,255,255,255,255,255,255,237,9,2,2,1,1,1,1,1,1,0,0,0,0,0,0,
27,27,27,27,27,27,26,26,26,25,25,25,24,23,23,22,22,21,20,19,18,17,16,16,15,14,13,12,11,11,10,9,9,8,8,7,70,254,255,255,255,255,255,255,254,36,2,1,1,1,1,1,1,1,0,0,0,0,0,0,
25,25,25,25,25,25,25,25,24,24,24,23,23,22,22,21,21,19,18,18,17,16,15,15,13,13,12,11,11,10,9,9,8,8,7,6,24,254,255,255,255,255,255,255,255,50,2,1,1,1,1,1,1,1,0,0,0,0,0,0,
24,24,24,24,24,24,23,23,23,23,22,22,21,21,21,20,19,18,17,17,16,15,14,13,13,12,11,11,10,9,8,8,8,7,6,6,66,254,255,255,255,255,255,255,254,55,2,2,1,1,1,1,1,1,1,0,0,0,0,0,
22,22,22,22,22,22,22,22,22,22,21,21,20,19,19,18,17,17,16,16,15,14,13,13,12,11,10,10,9,8,8,8,7,6,6,5,117,254,255,255,255,255,255,255,254,64,2,2,1,1,1,1,1,1,1,0,0,0,0,0,
21,21,22,22,21,21,21,21,21,20,19,19,18,18,17,17,16,16,15,14,13,13,12,12,11,10,10,9,8,8,7,6,6,6,6,5,163,255,255,255,255,255,255,255,254,76,2,2,1,1,1,1,1,1,1,1,0,0,0,0,
19,19,20,19,19,19,19,19,19,18,18,17,17,17,16,16,15,14,14,13,13,12,12,11,10,10,9,8,8,7,6,6,6,6,5,5,206,255,255,255,255,255,255,255,254,105,2,2,1,1,1,1,1,1,1,1,0,0,0,0,
18,18,18,18,18,18,17,17,17,17,17,16,16,15,15,14,13,13,13,12,12,11,11,10,9,9,8,8,7,6,6,6,6,5,5,9,247,255,255,255,255,255,255,255,255,145,2,2,1,1,1,1,1,1,1,1,0,0,0,0,
17,17,17,17,16,16,16,16,16,16,15,15,14,14,13,13,13,12,12,11,11,10,10,9,9,8,7,6,6,6,6,5,5,5,4,46,254,255,255,255,255,255,255,255,255,127,2,2,1,1,1,1,1,1,1,1,0,0,0,0,
15,15,15,15,15,15,15,15,15,14,14,13,13,13,13,12,12,11,11,10,10,9,9,8,8,7,6,6,6,5,5,5,5,4,3,98,255,255,255,255,255,255,255,255,254,101,2,1,1,1,1,1,1,1,1,1,0,0,0,0,
14,14,14,14,13,13,13,13,13,13,13,12,12,12,11,11,11,10,10,9,9,8,8,8,7,6,6,6,5,4,4,4,4,4,3,156,255,255,255,255,255,255,255,255,254,37,1,1,1,1,1,1,1,1,1,0,0,0,0,0,
12,13,13,13,13,13,12,12,12,12,12,11,11,11,10,10,10,9,9,8,8,8,7,6,6,6,5,5,4,4,4,4,3,3,4,227,255,255,255,255,255,255,255,255,255,99,1,1,1,1,1,1,1,1,1,0,0,0,0,0,
11,12,12,12,11,11,11,11,11,11,11,10,10,10,9,9,9,9,8,8,7,6,6,6,6,5,5,4,4,4,3,3,3,2,59,254,255,255,255,255,255,255,255,255,255,207,1,1,1,1,1,1,1,1,1,0,0,0,0,0,
10,10,11,11,10,10,10,10,10,10,10,9,9,9,8,8,8,7,7,6,6,6,6,5,5,4,4,4,3,3,2,2,2,2,149,255,255,255,255,255,255,255,255,255,255,254,69,1,1,1,1,1,1,1,0,0,0,0,0,0,
9,9,9,9,9,9,9,9,9,9,9,9,8,8,8,7,6,6,6,6,6,5,5,5,4,4,3,3,3,2,2,2,2,4,234,255,255,255,255,255,255,255,255,255,255,255,187,0,1,1,1,1,1,1,0,0,0,0,0,0,
8,8,8,8,8,8,8,8,8,8,8,7,7,7,6,6,6,6,6,5,5,4,4,4,4,3,3,2,2,2,1,1,1,62,254,255,255,255,255,255,255,255,255,255,255,255,254,53,1,1,1,1,1,0,0,0,0,0,0,0,
8,8,8,8,8,8,7,7,7,6,6,6,6,6,6,6,5,5,5,5,4,4,4,4,3,3,2,2,2,1,1,1,1,123,255,255,255,255,255,255,255,255,255,255,255,255,255,166,0,1,1,1,0,0,0,0,0,0,0,0,
6,6,6,6,6,6,6,6,6,6,6,6,6,5,5,5,5,4,4,4,4,3,3,3,2,2,2,2,1,1,1,1,0,168,254,255,255,255,255,255,255,255,255,255,255,255,255,249,20,1,0,0,0,0,0,0,0,0,0,0,
6,6,6,6,6,6,6,6,5,5,5,5,5,5,4,4,4,4,4,3,3,3,3,2,2,2,1,1,1,1,1,1,1,215,255,255,255,255,255,255,255,255,255,255,255,255,255,255,103,0,0,0,0,0,0,0,0,0,0,0,
5,5,5,5,5,5,5,5,5,5,5,4,4,4,4,4,4,3,3,3,2,2,2,2,2,1,1,1,1,1,1,1,5,250,255,255,255,255,255,255,255,255,255,255,255,255,255,255,174,0,0,0,0,0,0,0,0,0,0,0,
