255,255,255,255,255,255,255,255,255,255,255,255,255,255,255,255,255,255,250,164,107,80,60,45,36,31,28,26,25,23,22,21,19,17,16,15,13,12,11,10,9,8,7,6,6,5,4,3,3,2,2,1,1,1,1,1,0,0,0,0,
255,255,255,255,255,255,255,255,255,255,255,255,255,255,255,255,255,255,252,176,111,82,61,46,37,31,28,26,25,23,22,21,19,17,16,15,13,12,11,10,9,8,7,6,6,5,4,3,3,2,2,1,1,1,1,1,0,0,0,0,
255,255,255,255,255,255,255,255,255,255,255,255,255,255,255,255,255,255,253,179,112,83,62,46,37,31,29,26,25,23,22,21,19,17,16,15,13,12,11,10,9,8,7,6,6,5,4,3,3,2,2,1,1,1,1,1,0,0,0,0,
255,255,255,255,255,255,255,255,255,255,255,255,255,255,255,255,255,255,253,177,111,83,61,46,37,31,29,26,25,23,22,21,19,17,16,15,13,12,11,10,9,8,7,6,6,5,4,3,3,2,2,1,1,1,1,1,0,0,0,0,
255,255,255,255,255,255,255,255,255,255,255,255,255,255,255,255,255,255,251,167,108,81,60,45,36,30,28,26,24,23,22,20,19,17,16,15,13,12,11,10,9,8,7,6,5,5,4,3,3,2,2,1,1,1,1,1,0,0,0,0,
255,255,255,255,255,255,255,255,255,255,255,255,255,255,255,255,255,255,246,151,104,78,57,43,35,30,28,26,24,23,22,20,18,17,16,14,13,12,11,10,9,8,6,6,5,5,4,3,3,2,2,1,1,1,1,1,0,0,0,0,
255,255,255,255,255,255,255,255,255,255,255,255,255,255,255,255,255,254,231,135,98,74,55,42,34,30,27,26,24,22,22,20,18,17,16,14,13,12,11,10,9,8,6,6,5,5,4,3,3,2,1,1,1,1,1,1,0,0,0,0,
255,255,255,255,255,255,255,255,255,255,255,255,255,255,255,255,255,254,204,122,91,68,51,40,33,29,27,25,24,22,21,19,18,17,15,13,13,12,11,9,8,8,6,6,5,4,4,3,3,2,1,1,1,1,1,1,0,0,0,0,
255,255,255,255,255,255,255,255,255,255,255,255,255,255,255,255,255,247,165,110,83,62,47,38,31,29,26,25,23,22,21,19,18,16,15,13,13,12,10,9,8,8,6,6,5,4,4,3,2,2,1,1,1,1,1,1,0,0,0,0,
255,255,255,255,255,255,255,255,255,255,255,255,255,255,255,255,254,217,132,99,74,56,43,36,30,28,26,24,23,22,21,19,17,58,103,85,76,36,19,11,8,7,6,6,5,4,4,3,2,2,1,1,1,1,1,1,0,0,0,0,
255,255,255,255,255,255,255,255,255,255,255,255,255,255,255,254,246,166,112,86,66,50,40,33,29,28,25,24,23,22,20,18,17,131,255,255,254,253,253,237,128,10,6,6,5,4,3,3,2,2,1,1,1,1,1,0,0,0,0,0,
255,255,255,255,255,255,255,255,255,255,255,255,255,255,255,252,199,126,96,74,57,45,36,31,29,27,25,24,22,21,20,18,17,20,190,255,255,255,255,255,254,136,6,6,5,4,3,3,2,2,1,1,1,1,1,0,0,0,0,0,
255,255,255,255,255,255,255,255,255,255,255,255,255,255,254,219,139,105,82,64,50,40,33,30,28,26,24,23,22,21,19,17,16,15,126,254,255,255,255,255,255,248,30,5,5,4,3,2,2,1,1,1,1,1,1,0,0,0,0,0,
255,255,255,255,255,255,255,255,255,255,255,255,255,254,224,147,110,87,69,54,43,36,31,29,26,25,24,22,22,20,18,17,16,15,183,255,255,255,255,255,255,254,103,4,4,4,3,2,2,1,1,1,1,1,1,0,0,0,0,0,
255,255,255,255,255,255,255,255,255,255,255,255,252,215,146,112,91,73,58,46,38,33,29,28,26,24,23,22,21,19,18,17,15,14,81,243,254,255,255,255,255,255,205,11,4,3,3,2,2,1,1,1,1,1,0,0,0,0,0,0,
255,255,255,255,255,255,255,255,255,255,253,241,190,135,109,90,73,59,48,40,35,31,29,27,25,24,22,22,20,19,17,16,15,13,13,32,233,255,255,255,255,255,255,121,4,3,3,2,1,1,1,1,1,1,0,0,0,0,0,0,
254,254,255,255,255,255,255,254,252,240,204,154,122,103,86,71,59,49,41,36,32,29,27,26,25,23,22,21,19,18,17,15,14,13,12,11,105,251,253,255,255,255,255,217,3,3,2,2,1,1,1,1,1,1,0,0,0,0,0,0,
213,231,240,244,244,240,229,210,180,148,125,109,95,81,68,57,48,40,36,32,29,27,26,25,24,22,22,20,18,17,16,15,13,13,12,11,10,69,246,255,255,255,255,246,4,3,2,2,1,1,1,1,1,1,0,0,0,0,0,0,
127,136,143,148,147,142,134,125,114,105,95,84,73,62,53,46,40,35,32,29,28,26,25,23,23,22,21,19,18,17,16,14,26,104,78,83,156,244,255,255,255,255,255,248,7,3,2,2,1,1,1,1,1,0,0,0,0,0,0,0,
94,99,103,104,103,102,98,93,87,80,72,64,56,49,43,38,34,31,29,28,26,25,24,32,28,19,19,18,18,17,15,46,180,254,254,254,255,255,255,255,255,255,255,225,2,3,2,2,1,1,1,1,1,0,0,0,0,0,0,0,
70,74,77,77,77,76,73,69,65,60,54,49,44,40,36,33,30,29,27,26,25,24,143,252,252,240,235,225,218,208,186,238,255,255,255,255,255,255,255,255,255,255,255,244,16,3,2,2,1,1,1,1,0,0,0,0,0,0,0,0,
53,55,56,57,57,56,54,52,49,46,43,39,36,34,32,30,29,28,26,25,24,22,211,177,107,92,144,184,218,250,254,227,239,251,255,241,255,255,255,255,255,255,255,255,81,3,3,2,1,1,1,1,0,0,0,0,0,0,0,0,
41,43,44,44,44,44,42,41,39,37,35,33,31,30,29,28,26,26,25,24,23,22,42,48,19,18,17,16,15,18,18,11,44,104,120,149,255,255,255,255,255,255,255,255,133,3,2,2,1,1,1,1,0,0,0,0,0,0,0,0,
35,36,36,36,36,36,35,34,33,32,31,30,29,29,27,26,25,24,24,23,22,22,20,19,18,17,16,15,13,13,12,11,11,10,9,114,254,255,255,255,255,255,255,255,166,3,2,2,2,1,1,1,0,0,0,0,0,0,0,0,
31,31,31,31,31,31,30,30,30,29,29,28,27,26,25,25,24,23,22,22,21,20,19,18,17,16,15,14,13,12,11,10,10,9,9,8,96,254,255,255,255,255,255,255,137,2,2,2,1,1,1,1,0,0,0,0,0,0,0,0,
29,29,29,29,29,29,29,28,28,27,27,26,25,25,24,24,23,22,22,21,20,19,18,17,16,15,14,13,12,12,11,10,9,9,9,8,9,249,255,255,255,255,255,255,116,2,2,2,1,1,1,1,1,0,0,0,0,0,0,0,
27,27,27,27,28,27,26,26,26,26,25,24,24,23,23,22,22,21,21,19,18,17,17,16,15,13,13,12,11,11,10,9,9,9,8,8,6,216,255,255,255,255,255,254,103,2,2,1,1,1,1,1,1,1,0,0,0,0,0,0,
25,25,25,25,25,25,25,25,24,24,24,23,23,22,22,22,21,19,19,18,17,16,16,15,14,13,12,12,11,10,9,9,9,8,7,6,6,175,255,255,255,255,255,255,121,2,2,1,1,1,1,1,1,1,0,0,0,0,0,0,
24,24,24,24,24,24,24,23,23,23,22,22,22,21,21,20,19,18,17,17,16,15,15,13,13,12,11,11,10,9,9,8,8,7,6,6,5,221,255,255,255,255,255,255,172,2,2,2,1,1,1,1,1,1,1,0,0,0,0,0,
22,22,22,22,22,22,22,22,22,22,21,21,20,19,19,18,18,17,16,16,15,14,13,13,12,12,11,10,9,9,8,8,8,6,6,6,27,254,255,255,255,255,255,255,169,2,2,2,1,1,1,1,1,1,1,0,0,0,0,0,
22,22,22,22,22,22,21,21,21,20,20,19,19,18,17,17,16,16,15,15,13,13,12,12,11,11,10,9,8,8,7,8,6,6,6,5,71,254,255,255,255,255,255,255,195,2,2,2,1,1,1,1,1,1,1,0,0,0,0,0,
20,20,20,20,19,19,19,19,19,18,18,18,17,17,16,16,15,15,14,13,13,12,12,11,10,10,9,8,8,7,6,6,6,6,6,5,121,255,255,255,255,255,255,255,228,1,2,2,1,1,1,1,1,1,1,0,0,0,0,0,
18,18,18,18,18,18,18,18,17,17,17,16,16,15,15,15,14,13,13,12,12,11,11,10,9,9,8,8,7,6,6,6,6,5,5,4,164,255,255,255,255,255,255,255,254,4,2,2,1,1,1,1,1,1,1,1,0,0,0,0,
17,17,17,17,17,17,16,16,16,16,15,15,15,14,13,13,13,13,12,11,11,10,10,9,9,8,8,7,6,6,6,6,5,5,4,4,213,255,255,255,255,255,255,255,246,4,2,2,1,1,1,1,1,1,1,0,0,0,0,0,
15,15,15,15,15,15,15,15,15,14,14,13,13,13,12,12,12,11,11,10,10,9,9,8,8,7,6,6,6,5,5,5,5,4,4,22,253,255,255,255,255,255,255,255,240,10,2,1,1,1,1,1,1,1,1,0,0,0,0,0,
14,14,14,14,14,13,13,13,13,13,13,13,12,12,12,11,11,10,10,10,9,9,8,8,7,6,6,6,5,5,4,5,4,4,4,84,254,255,255,255,255,255,255,255,255,77,1,1,1,1,1,1,1,1,1,0,0,0,0,0,
13,13,13,13,13,13,13,13,12,12,12,12,11,11,11,10,10,9,9,9,8,8,7,6,6,6,5,5,4,4,4,4,4,3,3,160,255,255,255,255,255,255,255,255,255,167,1,1,1,1,1,1,1,1,1,0,0,0,0,0,
12,12,12,12,12,12,12,11,11,11,11,10,10,10,10,9,9,9,8,8,7,7,6,6,6,5,5,4,4,4,3,3,3,3,11,240,255,255,255,255,255,255,255,255,255,247,22,1,1,1,1,1,1,1,0,0,0,0,0,0,
11,11,11,11,10,10,10,10,10,10,10,9,9,9,9,8,8,8,7,7,6,6,6,5,5,5,4,4,3,3,3,2,2,2,92,254,255,255,255,255,255,255,255,255,255,255,124,1,1,1,1,1,1,1,0,0,0,0,0,0,
10,10,10,10,10,10,9,9,9,9,9,9,8,8,8,7,7,6,6,6,6,6,5,5,4,4,4,3,3,3,2,2,2,2,186,255,255,255,255,255,255,255,255,255,255,255,232,8,1,1,1,1,1,1,0,0,0,0,0,0,
9,8,9,9,8,8,8,8,8,8,8,8,7,7,6,6,6,6,6,5,5,5,4,4,4,3,3,3,2,2,2,1,1,17,251,255,255,255,255,255,255,255,255,255,255,255,254,98,1,1,1,1,0,0,0,0,0,0,0,0,
8,8,8,8,8,8,7,7,7,7,6,6,6,6,6,6,6,5,5,5,4,4,4,4,3,3,2,2,2,2,1,1,1,79,254,255,255,255,255,255,255,255,255,255,255,255,255,206,1,1,1,1,0,0,0,0,0,0,0,0,
6,6,6,6,6,6,6,6,6,6,6,6,6,5,5,5,5,4,4,4,4,3,3,3,3,2,2,2,1,1,1,1,1,129,255,255,255,255,255,255,255,255,255,255,255,255,255,254,50,0,0,0,0,0,0,0,0,0,0,0,
6,6,6,6,6,6,6,6,5,5,5,5,5,5,5,4,4,4,4,3,3,3,3,2,2,2,2,1,1,1,1,1,1,175,255,255,255,255,255,255,255,255,255,255,255,255,255,255,137,0,0,0,0,0,0,0,0,0,0,0,
5,5,5,5,5,5,5,5,5,5,5,4,4,4,4,4,4,3,3,3,3,2,2,2,2,1,1,1,1,1,1,1,1,224,255,255,255,255,255,255,255,255,255,255,255,255,255,255,212,0,0,0,0,0,0,0,0,0,0,0,
