255,255,255,255,255,255,255,255,255,255,255,255,255,255,255,255,255,255,254,231,132,96,71,53,41,34,29,27,25,24,22,21,19,18,16,15,13,12,11,10,9,8,8,6,6,5,4,4,3,2,2,1,1,1,1,1,0,0,0,0,
255,255,255,255,255,255,255,255,255,255,255,255,255,255,255,255,255,255,255,237,139,99,73,54,41,35,30,27,25,24,22,21,19,18,16,15,13,12,11,10,9,8,8,6,6,5,4,4,3,2,2,1,1,1,1,1,0,0,0,0,
255,255,255,255,255,255,255,255,255,255,255,255,255,255,255,255,255,255,255,242,143,101,74,55,42,35,30,27,25,24,22,22,19,18,16,15,13,13,12,10,9,8,8,6,6,5,4,4,3,2,2,1,1,1,1,1,0,0,0,0,
255,255,255,255,255,255,255,255,255,255,255,255,255,255,255,255,255,255,255,241,142,100,74,55,42,35,29,27,25,24,22,22,19,18,16,15,13,13,11,10,9,8,7,5,6,5,4,4,3,2,2,1,1,1,1,1,0,0,0,0,
255,255,255,255,255,255,255,255,255,255,255,255,255,255,255,255,255,255,255,234,136,97,72,53,41,34,29,27,25,23,22,21,19,18,16,15,13,12,11,10,9,8,7,5,6,5,4,4,3,2,2,1,1,1,1,1,0,0,0,0,
255,255,255,255,255,255,255,255,255,255,255,255,255,255,255,255,255,255,254,220,127,93,70,52,40,33,29,26,25,23,22,21,19,17,16,15,13,12,11,10,9,8,7,6,6,5,4,4,3,2,2,1,1,1,1,1,0,0,0,0,
255,255,255,255,255,255,255,255,255,255,255,255,255,255,255,255,255,255,254,195,118,89,65,49,38,32,28,26,24,23,22,21,19,17,16,15,13,12,11,10,9,8,7,6,5,5,4,3,3,2,2,1,1,1,1,1,0,0,0,0,
255,255,255,255,255,255,255,255,255,255,255,255,255,255,255,255,255,255,249,164,109,82,61,46,37,32,28,26,24,23,22,20,18,17,16,14,13,12,11,10,9,8,6,6,5,5,4,3,3,2,2,1,1,1,1,1,0,0,0,0,
255,255,255,255,255,255,255,255,255,255,255,255,255,255,255,255,255,254,227,136,100,75,56,43,35,30,27,25,24,22,22,20,18,17,16,14,12,12,11,10,9,8,6,6,5,5,4,3,3,2,2,1,1,1,1,1,0,0,0,0,
255,255,255,255,255,255,255,255,255,255,255,255,255,255,255,255,255,252,183,117,89,67,50,39,33,29,27,25,24,22,21,19,18,17,15,14,13,12,11,9,8,7,6,6,5,4,4,3,3,2,2,1,1,1,0,1,0,0,0,0,
255,255,255,255,255,255,255,255,255,255,255,255,255,255,255,255,254,224,139,102,78,60,46,37,32,29,26,25,23,22,21,19,18,16,15,13,13,11,10,9,8,7,5,6,5,4,4,3,14,86,147,166,175,175,149,10,0,0,0,0,
255,255,255,255,255,255,255,255,255,255,255,255,255,255,255,254,244,165,114,88,68,52,42,35,30,28,26,24,23,22,20,18,17,16,15,13,12,11,10,9,8,7,6,6,4,4,7,123,245,254,255,255,255,255,204,7,0,0,0,0,
255,255,255,255,255,255,255,255,255,255,255,255,255,255,255,249,188,124,97,75,58,46,37,32,29,27,25,24,22,21,19,18,17,15,14,13,12,11,10,9,8,7,6,6,5,5,149,254,255,255,255,255,255,218,32,0,0,0,0,0,
255,255,255,255,255,255,255,255,255,255,255,255,255,254,250,195,130,102,81,63,50,40,35,30,28,26,24,23,22,21,19,18,16,15,13,13,12,11,10,8,8,6,6,5,4,69,251,255,255,255,255,255,255,161,1,0,0,0,0,0,
255,255,255,255,255,255,255,255,255,255,255,255,254,246,190,131,105,84,67,54,44,36,32,28,26,25,24,22,21,20,18,17,16,15,13,12,11,10,9,8,8,6,6,5,4,181,255,255,255,255,255,255,255,204,2,0,0,0,0,0,
255,255,255,255,255,255,255,255,255,255,254,252,228,168,126,103,84,68,55,45,38,34,30,27,26,24,23,22,21,19,18,17,15,14,13,12,11,10,9,8,7,6,6,5,64,247,255,255,255,255,255,255,241,83,0,0,0,0,0,0,
254,254,254,255,255,255,255,254,254,250,231,185,140,115,98,81,68,55,46,39,34,30,28,26,25,24,22,21,20,18,17,16,15,13,12,12,11,10,8,8,6,6,6,14,214,254,255,255,255,255,254,223,32,1,0,0,0,0,0,0,
194,219,235,242,243,242,236,224,200,168,139,119,105,90,76,64,54,45,39,34,31,29,27,26,24,23,22,21,19,18,17,15,14,13,12,11,10,9,8,7,6,6,5,85,254,255,255,255,255,241,205,25,0,1,0,0,0,0,0,0,
120,129,138,145,148,146,141,131,122,112,102,91,81,69,59,51,44,38,34,31,29,27,26,25,24,22,22,20,18,17,16,15,13,13,12,10,10,9,8,6,6,6,5,145,254,255,255,255,255,215,103,23,1,0,0,0,0,0,0,0,
91,97,101,103,104,104,102,97,92,85,78,69,62,54,47,41,37,33,31,29,28,26,25,24,23,22,20,19,17,16,15,13,13,12,11,10,9,8,8,6,6,6,5,181,255,255,255,255,255,255,254,213,16,0,0,0,0,0,0,0,
69,73,76,77,77,77,76,73,68,64,58,53,47,43,38,35,33,30,29,27,26,25,24,23,22,20,19,18,17,16,15,13,12,12,10,9,9,8,7,6,6,6,5,200,255,255,255,255,255,255,255,254,132,1,0,0,0,0,0,0,
52,54,56,57,57,58,57,54,52,49,45,42,39,36,34,31,30,29,27,25,25,24,22,22,21,19,18,17,16,15,13,13,12,11,10,9,9,8,8,6,6,6,46,248,255,255,255,255,255,255,255,255,213,5,0,0,0,0,0,0,
41,42,43,44,44,44,44,42,41,39,37,35,33,31,30,29,28,27,25,24,23,22,22,21,19,18,17,16,15,14,13,12,11,10,10,9,9,8,7,6,6,6,126,254,255,255,255,255,255,255,255,255,254,82,0,0,0,0,0,0,
35,36,36,36,36,36,36,35,34,33,32,31,30,29,29,27,26,25,24,23,22,22,21,20,18,17,16,15,14,13,12,12,11,10,10,9,9,8,6,6,6,5,188,255,255,255,255,255,255,255,255,255,255,168,0,0,0,0,0,0,
31,31,32,32,32,32,32,31,30,30,29,29,28,27,26,25,25,24,23,22,22,21,19,18,17,16,15,14,13,13,12,11,10,10,9,9,8,7,6,6,5,5,181,255,255,255,255,255,255,255,255,255,255,242,45,0,0,0,0,0,
29,29,29,29,29,29,29,29,29,29,28,27,26,25,25,24,23,23,22,22,21,19,18,17,16,15,14,13,13,12,11,10,10,9,9,8,8,6,6,6,5,5,156,255,255,255,255,255,255,255,255,255,255,255,155,0,0,0,0,0,
28,28,28,28,28,28,27,27,27,26,26,25,25,24,23,23,22,22,22,20,19,18,17,16,15,14,13,13,12,11,10,10,9,9,9,8,6,6,6,5,5,4,122,254,255,228,239,255,255,255,255,255,254,252,60,0,0,0,0,0,
26,26,26,26,26,26,25,25,25,25,24,24,23,23,22,22,21,20,19,18,18,17,16,15,14,13,13,12,11,10,10,9,9,9,8,7,6,6,6,5,5,5,131,254,255,186,127,254,255,255,255,254,169,42,3,0,0,0,0,0,
24,24,24,24,24,24,24,24,23,23,23,22,22,22,21,21,20,19,18,17,17,16,15,14,13,12,12,11,10,10,9,8,8,8,7,6,6,6,6,5,5,5,142,255,255,189,45,249,255,255,255,254,138,1,1,0,0,0,0,0,
23,23,23,23,23,23,22,22,22,22,22,22,21,20,19,19,18,18,17,16,16,15,14,13,12,12,11,10,10,9,8,8,8,7,6,6,6,6,6,5,5,5,120,237,254,202,170,255,255,255,255,255,246,42,1,0,0,0,0,0,
22,22,22,22,22,22,22,22,21,21,20,19,19,18,18,18,17,16,16,15,14,13,13,12,12,11,10,9,9,8,8,8,7,6,6,5,5,5,5,5,4,4,62,245,233,220,246,255,255,255,255,255,255,169,1,0,0,0,0,0,
20,20,20,20,20,20,20,19,19,19,18,18,18,17,17,16,16,15,15,13,13,13,12,11,10,10,9,9,8,8,7,7,6,6,6,5,5,5,5,4,4,4,6,171,190,221,254,255,255,255,255,255,255,248,42,0,0,0,0,0,
18,18,18,18,18,18,18,18,18,17,17,17,16,16,15,15,14,14,13,13,12,12,11,10,10,9,9,8,7,6,6,6,6,6,5,5,5,4,4,4,4,4,4,54,197,213,255,255,255,255,255,255,255,255,147,0,0,0,0,0,
17,17,17,17,17,17,17,17,16,16,16,16,15,15,14,13,13,13,12,12,11,11,10,10,9,8,8,7,6,6,6,6,6,5,5,5,4,4,4,4,3,3,3,4,77,253,255,255,255,255,255,255,255,255,238,26,0,0,0,0,
16,16,16,16,16,16,16,15,15,15,14,14,14,13,13,13,12,12,11,11,10,10,9,9,8,8,7,6,6,6,5,5,5,5,4,4,4,4,4,3,3,3,3,3,112,254,255,255,255,255,255,255,255,255,254,144,0,0,0,0,
14,14,14,14,14,14,14,14,13,13,13,13,13,12,12,12,11,11,10,10,9,9,8,8,7,6,6,6,5,5,5,5,5,5,4,3,3,3,3,3,3,2,2,5,205,255,255,255,255,255,255,255,255,255,255,244,43,0,0,0,
13,13,13,13,13,13,13,13,13,12,12,12,12,11,11,10,10,10,9,9,8,8,8,7,6,6,6,5,5,4,4,4,4,4,4,3,3,3,2,2,2,2,2,60,252,255,255,255,255,255,255,255,255,255,255,255,187,4,0,0,
12,12,12,12,12,12,12,12,11,11,11,11,10,10,10,10,9,9,9,8,8,7,6,6,6,6,5,5,4,4,4,3,3,3,3,3,2,2,2,1,1,1,2,165,254,255,255,255,255,255,255,255,255,255,255,255,254,105,0,0,
11,11,11,11,11,11,11,11,10,10,10,10,10,9,9,9,8,8,8,7,6,6,6,6,5,5,4,4,4,3,3,3,3,3,3,2,2,2,1,1,1,1,38,246,255,255,255,255,255,255,255,255,255,255,255,255,255,241,39,0,
10,10,10,10,10,10,10,10,9,9,9,9,9,8,8,8,7,7,6,6,6,6,5,5,5,4,4,4,3,3,2,2,2,2,2,2,2,2,1,1,1,1,157,255,255,255,255,255,255,255,255,255,255,255,255,255,255,255,195,7,
9,9,9,9,9,9,9,9,8,8,8,8,7,7,7,6,6,6,6,5,5,5,5,4,4,4,3,3,3,2,2,2,1,1,2,2,1,1,1,1,1,53,247,255,255,255,255,255,255,255,255,255,255,255,255,255,255,255,254,125,
8,8,8,8,8,8,8,8,8,7,7,7,6,6,6,6,6,6,5,5,5,4,4,4,4,3,3,2,2,2,2,1,1,1,1,1,1,1,1,1,6,196,255,255,255,255,255,255,255,255,255,255,255,255,255,255,255,255,255,244,
6,7,6,6,6,6,6,6,6,6,6,6,6,6,5,5,5,5,4,4,4,4,3,3,3,2,2,2,2,1,1,1,1,1,1,1,1,1,1,0,95,254,255,255,255,255,255,255,255,255,255,255,255,255,255,255,255,255,255,255,
6,6,6,6,6,6,6,6,6,6,6,5,5,5,5,5,4,4,4,4,3,3,3,3,2,2,2,2,1,1,1,1,1,1,1,1,1,1,1,13,215,255,255,255,255,255,255,255,255,255,255,255,255,255,255,255,255,255,255,255,
5,5,5,5,5,5,5,5,5,5,5,5,5,5,4,4,4,4,3,3,3,3,2,2,2,2,1,1,1,1,1,1,1,1,1,1,0,0,0,65,252,255,255,255,255,255,255,255,255,255,255,255,255,255,255,255,255,255,255,255,
