17,17,19,20,22,23,24,26,28,29,31,33,34,36,37,41,44,51,63,81,105,132,231,255,255,255,255,255,255,255,255,255,255,255,255,255,255,255,255,255,255,255,255,255,255,255,255,255,255,255,255,255,222,122,88,63,46,34,27,22,
17,18,19,21,22,23,24,26,28,29,31,33,34,36,38,41,44,51,64,83,106,137,239,255,255,255,255,255,255,255,255,255,255,255,255,255,255,255,255,255,255,255,255,255,255,255,254,255,255,255,255,255,231,128,90,65,46,34,27,23,
17,18,19,21,22,23,24,26,29,29,31,33,34,36,38,41,44,51,64,84,108,139,241,255,255,255,255,255,255,255,255,255,255,255,255,255,255,255,255,255,255,255,255,255,255,255,255,255,255,255,255,255,233,131,92,66,47,35,27,24,
17,17,19,20,22,23,24,26,29,29,31,33,34,36,38,40,45,51,64,84,107,138,239,255,255,255,255,255,255,255,255,255,255,255,255,255,255,255,255,255,255,255,255,255,255,255,255,255,255,255,255,255,232,130,92,66,48,35,28,24,
16,17,18,20,22,23,24,26,28,29,31,32,34,36,38,40,44,51,63,82,105,134,234,255,255,255,255,255,255,255,255,255,255,255,255,255,255,255,255,255,255,255,255,255,255,255,255,255,255,255,255,255,225,124,89,63,47,34,28,24,
16,17,18,20,22,23,24,26,28,29,31,32,34,36,37,39,43,50,62,79,102,127,220,255,255,255,255,255,255,255,255,255,255,255,255,255,255,255,255,255,255,255,255,255,255,255,255,255,255,255,255,254,210,117,85,61,44,33,27,23,
16,17,18,20,22,23,24,25,28,29,30,32,33,36,37,39,43,48,58,75,97,121,195,254,255,255,255,255,255,255,255,255,255,255,255,255,255,255,255,255,255,255,255,255,255,255,255,255,255,255,255,253,183,109,79,57,42,31,26,23,
16,17,18,19,21,22,24,25,27,29,30,31,33,35,37,38,42,47,56,71,91,115,161,250,255,255,255,255,255,255,255,255,255,255,255,255,255,255,255,255,255,255,255,255,255,255,255,255,255,255,255,246,150,100,74,53,39,30,26,22,
15,16,18,19,21,22,23,25,26,29,30,31,33,35,36,38,41,45,53,65,84,107,135,228,254,255,255,255,255,255,255,255,255,255,255,255,255,255,255,255,255,255,255,255,255,255,255,255,255,255,254,219,124,91,67,49,36,29,25,22,
15,16,18,19,20,22,23,25,26,29,29,31,32,34,36,37,40,43,49,60,76,97,120,181,252,255,255,255,255,255,255,255,255,255,255,255,255,255,255,255,255,255,255,255,255,255,255,255,255,255,250,170,108,81,59,43,34,27,24,22,
15,16,17,19,20,22,23,24,26,28,29,30,31,33,35,36,39,42,47,55,68,86,109,137,225,254,255,255,255,255,255,255,255,255,255,255,255,255,255,255,255,255,255,255,255,255,255,255,255,254,217,128,94,70,52,39,31,26,23,22,
14,16,17,18,19,22,22,24,25,27,29,29,31,33,35,36,38,40,44,50,61,76,96,117,163,245,255,255,255,255,255,255,255,255,255,255,255,255,255,255,255,255,255,255,255,255,255,255,254,239,156,105,81,60,45,35,28,24,22,22,
13,15,17,18,19,21,22,23,24,26,28,29,30,32,33,35,36,38,41,46,54,66,82,103,125,185,250,255,255,255,255,255,255,255,255,255,255,255,255,255,255,255,255,255,255,255,255,255,247,177,115,89,69,52,39,31,26,23,22,21,
13,15,16,17,18,20,22,23,24,25,27,29,30,31,32,35,36,37,39,43,49,58,70,88,108,129,195,250,255,255,255,255,255,255,255,255,255,255,255,255,255,255,255,255,255,255,254,248,185,122,94,73,57,44,35,28,25,23,21,19,
13,14,16,16,18,19,21,22,23,25,26,28,29,30,31,33,35,36,37,40,45,51,60,73,90,109,131,189,246,254,255,255,255,255,255,255,255,255,255,255,255,255,255,255,255,254,242,179,122,97,77,60,47,37,31,27,24,22,21,19,
12,14,15,16,17,19,21,22,22,24,25,27,29,29,31,32,33,35,36,38,41,46,52,61,74,90,107,126,166,227,253,255,255,255,255,255,255,255,255,255,255,255,255,255,252,223,160,117,95,78,62,49,40,32,28,25,23,22,20,18,
12,13,14,15,17,18,19,21,22,23,25,26,28,29,29,31,32,33,35,36,38,42,46,52,61,72,86,102,119,139,185,230,250,254,255,255,255,255,255,255,254,253,249,227,180,134,109,91,75,61,50,40,34,29,26,23,22,21,19,18,
12,12,14,15,16,17,19,20,22,22,24,25,26,28,29,30,31,32,34,35,36,38,42,45,52,59,69,81,94,108,121,137,167,201,223,237,243,244,242,236,221,197,164,133,114,99,84,71,59,49,40,34,29,26,24,22,22,19,18,17,
11,12,13,14,16,17,18,19,21,22,23,24,25,27,28,29,30,31,32,34,35,36,38,40,44,49,56,64,73,83,94,103,113,122,131,140,148,149,146,138,128,118,108,98,87,75,65,55,47,39,34,29,27,24,22,22,20,19,18,16,
11,12,12,13,15,16,17,18,20,21,22,23,24,26,27,28,29,30,31,32,33,35,36,37,39,42,46,51,57,64,71,79,85,92,97,101,103,104,102,99,95,89,82,74,65,57,49,43,37,32,29,27,24,23,22,21,19,18,17,16,
10,11,12,13,14,15,17,17,19,20,22,22,23,24,25,26,28,29,30,31,31,32,34,35,36,38,41,43,47,51,56,60,65,69,73,76,76,77,76,73,70,66,60,55,49,43,39,35,31,29,26,24,23,22,21,19,18,17,16,15,
10,11,12,12,13,14,16,17,18,19,21,22,22,23,24,25,26,28,29,29,30,31,32,33,35,35,36,38,40,42,44,47,50,53,55,56,57,57,56,54,52,49,45,42,39,35,32,30,28,26,24,23,22,21,19,18,18,16,15,14,
9,10,11,12,13,13,15,16,17,18,19,21,22,22,23,24,25,26,28,29,29,30,31,31,32,33,34,35,36,37,38,39,40,42,43,44,44,44,43,42,40,38,37,34,31,30,29,27,25,24,22,22,21,20,19,18,16,15,15,13,
9,9,10,11,12,13,14,15,16,17,18,19,21,22,22,23,24,25,26,27,28,29,29,30,31,31,32,32,33,34,34,35,36,36,37,37,36,36,36,35,34,32,31,29,28,27,26,25,24,23,22,21,20,19,17,17,16,15,13,13,
8,9,10,10,11,12,13,14,15,16,17,18,19,20,22,22,23,24,25,26,27,28,28,29,29,30,30,31,31,31,32,32,32,32,32,32,32,32,31,30,29,29,28,26,26,25,24,23,22,22,21,20,19,18,17,16,15,13,13,12,
8,8,9,10,11,12,13,13,14,15,16,17,18,19,20,22,22,22,23,24,25,26,27,28,29,29,29,29,29,30,30,30,30,30,29,29,29,29,29,28,27,26,25,25,24,24,23,22,22,21,20,18,18,16,16,15,14,13,12,12,
7,8,8,9,10,11,12,13,13,14,15,16,17,18,18,20,20,22,22,23,24,24,25,26,26,27,28,28,29,29,29,29,29,28,29,28,28,28,27,27,26,25,24,23,23,22,22,22,21,19,18,17,17,16,15,14,13,12,11,10,
6,7,8,9,9,10,11,12,13,13,14,15,16,17,18,18,19,21,22,22,23,23,24,24,25,26,26,26,28,27,28,28,28,27,27,26,26,26,26,25,24,24,23,22,22,22,21,20,19,18,17,17,16,15,14,13,12,12,11,10,
6,6,7,8,9,9,10,11,12,12,13,14,15,16,16,17,18,19,20,22,22,22,22,23,24,24,25,25,25,25,26,26,26,26,25,25,25,25,24,24,23,22,22,22,21,21,19,18,18,17,16,15,15,13,13,12,11,11,10,9,
6,6,6,7,8,9,10,10,11,12,13,13,14,15,15,16,17,18,19,19,20,21,22,22,22,23,24,24,24,24,24,24,24,24,24,24,23,23,23,22,22,21,21,20,19,18,18,17,16,16,15,14,13,13,12,11,11,10,9,9,
5,5,6,6,7,8,9,9,10,11,11,12,13,13,14,15,16,17,18,18,18,20,21,21,22,22,22,22,23,23,23,23,23,23,22,22,22,22,22,21,21,20,19,19,18,17,17,16,15,15,14,13,13,12,11,10,10,9,8,8,
4,5,6,6,6,8,8,9,10,10,10,11,12,12,13,13,15,16,16,17,18,19,19,19,21,22,22,22,22,23,22,22,22,22,22,21,21,21,20,20,19,18,18,17,17,16,16,15,14,13,13,13,12,11,10,10,9,9,8,7,
4,4,5,6,6,6,7,8,8,9,10,10,11,12,12,12,13,15,15,16,16,17,18,18,19,19,20,21,22,22,21,21,20,20,20,19,19,19,18,18,17,17,16,16,15,15,14,13,13,12,12,11,11,10,9,9,8,8,6,6,
4,4,5,5,5,6,6,7,8,8,9,10,10,10,11,12,13,13,13,15,15,16,16,17,18,18,18,20,22,22,20,19,19,19,18,18,18,18,17,17,16,16,15,15,14,13,13,13,12,12,11,11,10,10,9,8,8,7,6,6,
3,3,4,4,5,5,6,6,7,8,8,9,9,10,10,11,12,12,13,13,14,14,15,16,16,17,17,18,18,19,18,18,17,17,17,17,16,16,16,16,15,14,14,13,13,12,12,12,11,10,10,10,9,8,8,7,6,6,6,5,
3,3,4,4,4,5,5,6,6,6,8,8,8,9,9,10,11,11,12,12,13,13,14,14,15,16,16,16,16,16,17,16,16,16,16,15,15,15,15,15,13,13,13,12,12,12,11,11,10,10,9,9,8,8,7,6,6,6,5,5,
2,2,3,3,4,4,5,5,6,6,6,7,7,8,8,9,10,10,11,11,12,12,12,13,14,14,14,15,15,15,15,15,15,15,14,14,14,14,13,13,12,12,12,11,11,10,10,10,9,9,8,8,7,6,6,6,5,5,4,4,
2,2,3,3,3,4,4,5,5,6,6,6,6,7,8,8,9,9,10,10,11,11,12,12,12,13,13,13,13,13,13,13,13,13,13,13,13,13,12,12,11,11,11,10,10,10,9,9,8,8,7,6,6,6,6,5,5,5,4,4,
1,2,2,2,3,3,3,4,4,5,5,6,6,6,6,7,8,8,9,9,9,10,11,11,11,11,12,12,12,12,12,12,12,12,12,12,12,12,11,11,10,10,9,9,9,9,8,8,7,6,6,6,6,5,5,4,4,4,3,3,
1,1,2,2,2,3,3,3,4,4,5,5,5,6,6,6,6,7,8,8,9,9,10,10,10,10,11,11,11,11,11,11,11,11,11,11,10,10,10,9,9,9,8,8,8,8,8,7,6,6,6,6,5,5,4,4,4,3,3,3,
1,1,1,2,2,2,3,3,3,4,4,4,5,5,5,5,6,6,6,7,8,8,8,9,9,9,9,10,10,10,10,10,10,10,10,10,9,9,9,8,8,8,7,7,7,6,6,6,6,5,5,5,4,4,4,3,3,3,2,2,
1,1,1,1,2,2,2,2,3,3,3,4,4,4,5,5,5,6,6,6,6,7,8,8,8,9,9,9,9,9,9,9,9,9,9,9,9,8,8,8,7,6,6,6,6,6,6,5,5,5,5,4,4,4,3,3,3,2,2,2,
1,1,1,1,1,1,2,2,2,3,3,3,3,4,4,4,5,5,5,5,6,6,6,7,7,7,8,8,8,8,8,8,8,8,8,8,7,7,6,6,6,6,6,6,5,5,5,4,4,4,4,4,3,3,3,2,2,2,1,1,
1,1,1,1,1,1,1,1,2,2,2,3,3,3,4,4,4,4,4,5,5,5,6,6,6,6,8,8,8,7,7,6,6,6,6,6,6,6,6,6,5,5,5,5,5,5,4,4,4,4,3,3,3,2,2,2,2,2,1,1,
1,1,1,1,1,1,1,1,1,2,2,2,2,3,3,3,3,4,4,4,4,4,5,5,5,6,10,11,10,6,6,6,6,6,5,5,5,5,5,5,5,5,5,4,4,4,4,3,3,3,3,2,2,2,2,1,1,1,1,1,
