11,12,12,12,15,16,18,19,22,22,24,25,27,29,30,32,33,36,38,43,49,62,80,106,139,240,255,255,255,255,255,255,255,255,255,255,255,255,255,255,255,255,255,255,255,255,255,255,255,255,255,255,255,255,254,210,120,88,64,46,
11,12,12,13,15,16,18,19,22,22,24,25,27,29,30,32,33,36,38,43,50,63,82,108,147,246,255,255,255,255,255,255,255,255,255,255,255,255,255,255,255,255,255,255,255,255,255,255,255,255,255,255,255,255,255,221,125,91,66,47,
11,12,12,13,15,16,18,19,22,22,24,25,28,29,30,32,33,36,38,43,51,64,84,110,149,247,255,255,255,255,255,255,255,255,255,255,255,255,255,255,255,255,255,255,255,255,255,255,255,255,255,255,255,255,255,222,127,93,67,49,
11,12,12,13,15,16,18,19,22,22,24,25,28,29,30,32,33,36,38,43,50,64,83,108,148,246,255,255,255,255,255,255,255,255,255,255,255,255,255,255,255,255,255,255,255,255,255,255,255,255,255,255,255,255,255,222,126,92,67,48,
11,12,13,13,15,16,18,19,21,22,24,25,27,29,30,31,33,35,38,43,50,62,81,106,143,242,255,255,255,255,255,255,255,255,255,255,255,255,255,255,255,255,255,255,255,255,255,255,255,255,255,255,255,255,254,212,122,90,65,48,
11,12,13,13,15,16,18,19,21,22,23,25,26,29,30,31,33,35,38,42,49,61,78,103,132,231,255,255,255,255,255,255,255,255,255,255,255,255,255,255,255,255,255,255,255,255,255,255,255,255,255,255,255,255,254,196,115,85,62,45,
11,12,13,13,15,16,18,19,21,22,23,25,26,29,29,31,33,35,37,41,46,58,75,98,123,207,254,255,255,255,255,255,255,255,255,255,255,255,255,255,255,255,255,255,255,255,255,255,255,255,255,255,255,255,252,170,109,79,59,43,
11,11,12,13,15,16,17,19,20,22,23,24,26,28,29,30,32,34,37,40,45,55,70,91,117,174,253,255,255,255,255,255,255,255,255,255,255,255,255,255,255,255,255,255,255,255,255,255,255,255,255,255,255,255,239,143,100,75,55,40,
10,11,12,13,14,16,17,18,20,22,23,24,26,28,29,30,32,34,36,39,44,51,64,83,108,142,237,254,255,255,255,255,255,255,255,255,255,255,255,255,255,255,255,255,255,255,255,255,255,255,255,255,255,254,207,123,91,68,50,38,
10,11,12,12,14,16,17,18,19,21,22,24,25,27,29,30,31,33,36,38,42,48,59,74,97,122,193,254,255,255,255,255,255,255,255,255,255,255,255,255,255,255,255,255,255,255,255,255,255,255,255,255,255,246,159,107,80,60,45,35,
10,10,12,12,14,15,17,18,19,21,22,23,25,26,29,29,31,32,34,36,40,46,54,67,84,109,144,234,254,255,255,255,255,255,255,255,255,255,255,255,255,255,255,255,255,255,255,255,255,255,255,255,254,206,124,94,71,53,40,32,
9,10,11,12,13,15,16,18,19,21,22,23,24,26,28,29,30,32,33,36,38,42,49,60,74,95,119,174,249,255,255,255,255,255,255,255,255,255,255,255,255,255,255,255,255,255,255,255,255,255,255,254,234,147,106,81,61,47,36,30,
9,10,11,12,13,14,16,17,18,20,22,22,24,25,27,29,30,31,33,34,37,40,45,54,65,81,103,128,197,252,255,255,255,255,255,255,255,255,255,255,255,255,255,255,255,255,255,255,255,255,254,244,169,115,89,69,53,40,32,28,
9,10,11,12,13,14,15,17,18,19,21,22,23,25,26,28,29,30,32,33,36,37,42,48,57,70,87,108,134,205,252,255,255,255,255,255,255,255,255,255,255,255,255,255,255,255,255,255,255,254,245,178,120,95,74,58,45,36,30,27,
9,10,10,11,12,13,15,16,17,19,20,22,23,24,25,26,29,30,31,32,34,36,39,43,50,60,73,90,109,133,196,249,254,255,255,255,255,255,255,255,255,255,255,255,255,255,255,255,254,238,172,120,97,78,61,48,39,32,28,25,
9,9,10,11,12,13,15,15,17,18,20,22,22,23,25,26,28,29,30,31,33,34,37,39,44,51,61,74,90,108,128,173,232,253,255,255,255,255,255,255,255,255,255,255,255,255,254,250,216,154,117,96,78,63,51,41,34,30,26,24,
9,9,9,10,12,13,13,15,16,17,19,20,22,23,24,25,26,28,29,30,31,33,35,37,40,45,52,61,72,86,103,120,143,192,234,251,254,255,255,255,255,255,255,254,253,248,221,172,132,109,92,76,62,51,42,35,31,28,25,23,
8,8,9,10,11,12,13,14,16,17,18,19,21,22,23,24,25,27,29,29,31,31,33,35,37,40,45,51,58,69,82,95,109,123,141,171,204,225,238,244,244,242,235,219,193,161,132,114,99,85,72,59,50,42,36,31,28,25,24,23,
7,8,9,10,11,12,13,14,15,16,17,18,20,21,22,23,24,26,27,29,29,31,32,33,35,37,39,43,49,56,64,73,84,94,104,114,123,133,141,148,149,145,138,128,117,108,99,87,76,66,56,48,40,35,31,28,26,24,23,22,
6,8,8,9,10,11,12,13,14,15,17,18,19,21,22,23,24,25,26,27,29,29,30,32,33,35,36,39,42,46,51,58,64,71,79,86,93,98,102,103,104,103,100,95,89,82,74,66,58,50,44,39,34,31,28,26,24,23,22,22,
6,7,8,9,10,11,12,13,13,15,16,17,18,19,21,22,23,24,25,26,28,29,29,30,31,33,34,36,37,40,43,47,51,56,61,65,70,74,76,77,77,77,74,71,66,61,56,50,45,40,37,33,30,28,26,25,23,23,22,20,
6,6,8,9,9,10,11,12,13,14,15,16,17,18,19,21,22,23,24,25,26,28,29,29,30,31,32,34,35,36,38,39,42,45,48,50,53,55,56,57,57,57,55,53,50,46,43,39,37,33,31,29,28,26,24,23,22,22,21,19,
6,6,6,8,9,10,10,12,12,13,14,15,16,17,18,20,22,22,23,24,25,26,28,29,29,30,31,31,32,34,34,36,37,38,39,41,42,43,44,44,44,44,42,41,39,37,35,33,31,30,28,27,25,25,23,22,21,20,19,18,
5,6,6,7,8,9,10,11,12,13,13,15,16,17,18,18,21,22,22,23,24,25,26,27,28,29,29,30,31,31,31,32,33,34,35,36,36,37,37,36,36,36,35,34,33,32,31,30,28,27,26,25,24,23,22,22,20,19,18,17,
5,5,6,6,8,8,9,10,11,12,13,13,14,16,17,18,19,20,21,22,23,24,25,25,26,28,28,29,29,30,30,30,31,31,31,32,32,32,32,32,32,32,31,30,30,29,28,27,26,25,25,24,23,22,22,21,19,18,17,16,
4,5,6,6,7,8,9,10,10,11,12,13,13,15,16,17,18,19,20,22,22,23,23,24,25,26,26,28,28,29,29,29,29,29,30,30,30,29,29,29,29,29,29,28,28,27,26,25,24,24,24,23,22,21,20,19,18,17,16,15,
4,5,5,6,6,7,8,9,10,10,12,12,13,13,15,16,17,18,19,20,21,22,22,23,24,25,25,26,26,27,27,28,28,28,29,29,28,29,29,28,27,27,27,26,26,25,25,24,23,22,22,22,22,20,19,18,17,16,15,15,
4,4,5,6,6,6,8,8,9,10,11,11,12,13,14,15,16,17,18,19,20,21,22,22,23,24,24,24,25,26,26,26,26,26,27,27,27,26,26,26,25,25,25,25,24,24,23,23,22,22,21,20,20,18,18,17,16,15,15,13,
3,4,4,5,6,6,7,8,8,9,10,11,11,12,13,14,15,16,17,18,19,20,21,22,22,22,23,23,23,24,25,24,25,25,25,25,25,25,25,24,24,24,23,23,23,22,22,22,21,21,19,19,18,17,16,16,15,14,13,13,
2,4,4,4,6,6,6,6,8,8,9,10,11,12,13,13,14,15,16,17,18,18,19,20,21,22,22,22,22,23,23,23,23,23,24,24,24,24,23,23,23,22,22,22,22,22,21,21,19,19,18,18,17,16,16,15,14,13,13,12,
3,3,4,4,5,5,5,6,6,8,8,9,10,10,12,12,13,14,15,16,17,17,18,19,20,21,22,22,22,22,22,22,22,22,22,22,22,22,22,22,22,22,22,21,21,20,19,19,18,17,17,16,16,15,14,13,13,12,11,11,
2,2,3,4,4,5,5,6,6,7,8,8,9,10,11,12,13,13,13,14,16,16,17,18,18,20,21,22,20,21,22,22,22,22,22,22,22,22,21,21,20,20,19,19,19,18,18,17,17,16,16,15,15,13,13,13,12,11,11,10,
3,2,3,3,4,4,5,5,6,6,7,7,8,9,10,11,12,12,12,13,14,15,16,16,17,19,21,20,19,19,19,19,19,20,19,19,19,19,19,18,18,18,18,17,17,17,16,16,15,15,14,13,13,13,12,12,11,10,10,9,
5,2,2,3,3,4,4,5,5,6,6,6,7,8,9,10,11,12,12,12,13,13,15,15,16,18,20,19,18,18,18,18,18,18,18,18,18,18,18,17,17,17,16,16,16,16,15,15,14,13,13,13,12,12,11,11,10,10,9,8,
10,1,2,2,3,3,4,4,5,5,6,6,6,7,8,9,10,11,11,11,12,13,13,14,15,16,17,17,17,16,17,17,17,16,17,17,17,17,16,16,16,15,15,15,15,14,14,13,13,13,12,12,11,11,10,10,9,9,8,7,
17,1,2,2,2,3,3,4,4,4,5,6,6,6,8,8,9,10,10,11,11,12,13,13,13,14,15,15,15,15,15,16,15,15,15,15,15,15,15,14,14,14,14,13,13,13,13,12,12,12,11,11,10,10,9,9,8,8,7,6,
25,1,1,1,2,2,3,3,4,4,4,5,5,6,7,7,8,9,9,10,10,11,11,12,12,13,13,13,13,14,14,14,14,14,14,14,14,14,13,13,13,13,13,13,13,12,12,11,11,11,10,10,9,9,8,8,8,7,6,6,
37,1,1,1,2,2,2,3,3,4,4,4,5,5,6,6,8,8,9,9,9,10,10,11,11,12,12,12,13,13,13,13,13,13,13,13,13,12,12,12,12,12,12,11,11,11,11,10,10,10,9,9,8,8,8,7,6,6,6,6,
49,1,1,1,1,2,2,2,3,3,3,4,4,4,5,5,6,6,8,8,9,9,9,10,10,10,11,11,11,11,11,11,12,12,12,12,12,11,11,11,11,10,10,10,10,10,10,9,9,9,8,8,8,7,6,6,6,6,5,5,
13,1,1,1,1,1,1,2,2,2,3,3,4,4,4,5,5,6,6,6,8,8,8,9,9,9,10,10,10,10,10,10,11,11,11,11,11,10,10,10,10,10,10,10,9,9,9,8,8,8,8,7,6,6,6,6,5,5,5,5,
1,1,1,1,1,1,1,1,2,2,2,3,3,3,4,4,5,5,6,6,6,7,7,8,8,8,9,9,9,9,9,10,10,10,10,10,9,9,9,9,9,9,8,8,8,8,8,7,7,6,6,6,6,6,5,5,5,4,4,4,
5,1,1,1,1,1,1,1,1,2,2,2,3,3,3,4,4,5,5,5,6,6,6,6,8,8,8,8,8,9,9,9,9,9,9,9,8,8,8,8,8,8,7,8,7,6,6,6,6,6,6,6,5,5,5,4,4,4,3,3,
16,0,0,1,1,1,1,1,1,1,1,2,2,2,3,3,3,4,4,4,5,6,6,6,6,6,7,7,7,8,8,8,8,8,7,7,6,6,6,6,6,6,6,6,6,6,6,6,5,5,5,5,4,4,4,4,4,3,3,3,
38,0,0,0,1,1,1,1,1,1,1,1,2,2,2,2,3,3,3,4,5,6,6,6,6,6,6,6,6,6,6,6,6,6,6,6,6,6,6,6,6,6,6,6,6,5,5,5,5,5,4,4,4,4,3,3,3,3,2,2,
71,0,0,0,1,1,1,1,1,1,1,1,1,1,2,2,2,3,3,3,5,9,10,6,5,5,5,5,6,6,5,5,5,5,5,5,5,5,5,5,5,5,5,5,5,5,5,4,4,4,4,4,3,3,3,3,2,2,2,2,
