1,1,2,2,3,4,4,5,6,6,7,8,9,10,11,13,14,15,17,18,19,21,22,24,25,27,29,31,37,45,61,82,111,184,254,255,255,255,255,255,255,255,255,255,255,255,255,255,255,255,255,255,255,255,255,255,255,255,255,255,
1,1,2,2,3,4,4,5,6,6,8,9,10,10,12,13,14,15,17,18,19,21,22,24,25,27,29,31,37,46,62,84,115,195,254,255,255,255,255,255,255,255,255,255,255,255,255,255,255,255,255,255,255,255,255,255,255,255,255,255,
1,1,2,2,3,4,4,5,6,6,8,9,9,10,12,13,14,15,16,18,19,21,22,24,25,27,29,31,38,47,64,87,116,197,254,255,255,255,255,255,255,255,255,255,255,255,255,255,255,255,255,255,255,255,255,255,255,255,255,255,
1,1,2,2,3,4,4,5,6,6,8,9,9,10,12,13,14,15,16,18,19,21,22,24,25,27,29,32,38,47,63,87,115,197,254,255,255,255,255,255,255,255,255,255,255,255,255,255,255,255,255,255,255,255,255,255,255,255,255,255,
1,1,2,2,3,4,4,5,6,6,7,9,9,10,12,13,13,15,16,18,19,21,22,24,25,27,29,32,38,47,61,84,113,186,254,255,255,255,255,255,255,255,255,255,255,255,255,255,255,255,255,255,255,255,255,255,255,255,255,255,
1,1,2,2,3,4,4,5,6,6,7,8,9,10,11,13,13,15,16,18,19,21,22,23,25,26,29,31,37,45,60,81,108,168,252,255,255,255,255,255,255,255,255,255,255,255,255,255,255,255,255,255,255,255,255,255,255,255,255,255,
1,1,2,2,3,4,4,5,6,6,7,8,9,10,11,12,13,15,16,18,19,21,22,23,25,26,28,31,35,44,57,77,103,147,244,255,255,255,255,255,255,255,255,255,255,255,255,255,255,255,255,255,255,255,255,255,255,255,255,255,
1,1,2,2,3,3,4,5,6,6,7,8,9,10,11,12,13,15,16,17,18,20,22,23,24,26,29,30,34,42,53,71,94,127,222,254,255,255,255,255,255,255,255,255,255,255,255,255,255,255,255,255,255,255,255,255,255,255,255,255,
1,1,2,2,3,3,4,5,5,6,7,8,9,10,11,12,13,15,16,17,18,20,22,23,24,25,28,29,33,39,50,65,86,113,180,253,255,255,255,255,255,255,255,255,255,255,255,255,255,255,255,255,255,255,255,255,255,255,255,255,
1,1,2,2,3,3,4,4,5,6,6,8,9,10,11,12,13,14,16,17,18,20,21,22,24,25,28,29,32,37,45,59,77,102,139,233,255,255,255,255,255,255,255,255,255,255,255,255,255,255,255,255,255,255,255,255,255,255,255,255,
1,1,2,2,3,3,4,4,5,6,6,8,8,9,11,12,13,14,15,16,18,19,21,22,23,25,26,29,31,35,41,52,69,89,117,182,252,255,255,255,255,255,255,255,255,255,255,255,255,255,255,255,255,255,255,255,255,255,255,254,
1,1,1,2,3,3,4,4,5,6,6,7,8,9,10,11,12,13,15,16,17,19,21,22,23,24,26,28,30,33,38,46,60,77,101,132,217,253,255,255,255,255,255,255,255,255,255,255,255,255,255,255,255,255,255,255,255,255,255,255,
1,1,1,2,4,11,5,4,5,6,6,7,8,9,10,11,12,13,14,16,17,18,20,22,22,24,25,26,29,31,35,42,52,67,85,109,148,232,254,255,255,255,255,255,255,255,255,255,255,255,255,255,255,255,255,255,255,255,255,254,
1,1,11,103,216,251,205,82,10,6,6,6,8,9,10,11,12,13,14,15,17,18,19,21,22,23,25,26,28,30,33,38,45,56,72,91,115,157,235,254,255,255,255,255,255,255,255,255,255,255,255,255,255,255,255,255,255,255,254,222,
0,16,141,246,255,255,254,224,82,7,6,6,8,8,10,10,11,12,14,15,16,17,19,20,22,23,24,25,27,29,31,35,40,48,60,74,94,115,154,227,253,254,255,255,255,255,255,255,255,255,255,255,255,255,255,255,255,252,213,145,
1,86,232,255,255,255,255,254,182,33,6,6,7,8,9,10,11,12,13,14,15,17,18,19,22,22,23,25,26,28,30,32,36,41,50,61,76,93,113,141,200,247,254,255,255,255,255,255,255,255,255,255,255,255,255,254,241,189,136,112,
3,116,245,255,255,255,255,254,226,76,6,6,6,8,9,10,11,12,13,13,15,16,17,19,20,22,23,24,25,27,29,30,33,37,42,51,61,74,90,106,125,160,211,244,253,254,255,255,255,255,255,255,254,253,239,203,154,123,105,89,
2,102,238,255,255,255,255,254,247,125,10,6,6,7,8,9,10,11,12,13,14,16,17,18,19,21,22,23,24,26,28,29,31,33,37,42,49,59,70,83,97,111,127,152,186,214,232,242,244,244,240,230,209,178,146,125,110,97,83,70,
1,11,98,210,254,255,255,255,254,164,21,6,6,7,8,9,10,11,12,13,13,15,16,17,18,20,22,22,23,24,26,27,29,30,33,37,41,47,55,64,74,85,96,107,117,127,137,144,149,149,143,135,125,116,106,97,85,75,65,55,
1,0,3,64,201,249,253,255,254,190,36,5,6,6,8,9,10,10,11,12,13,14,16,17,18,19,21,21,22,24,25,26,28,29,31,33,35,39,45,50,58,65,72,80,88,95,100,103,105,105,103,99,94,88,81,73,65,59,51,45,
1,1,1,8,133,237,248,255,255,213,57,5,6,6,8,9,10,10,11,12,13,14,15,16,18,18,19,21,22,23,24,25,26,27,29,30,32,34,37,41,45,50,56,61,66,71,75,77,78,78,77,75,70,66,61,56,51,46,42,38,
1,1,1,34,173,253,255,255,255,237,93,5,5,6,8,8,9,10,11,12,13,13,15,16,17,18,18,20,21,22,23,24,24,26,28,29,29,31,33,35,37,40,44,47,51,53,56,57,58,58,58,56,53,51,48,45,42,38,37,35,
0,1,0,62,218,254,255,255,255,250,133,10,5,6,7,8,9,10,11,11,12,13,14,15,16,17,18,19,19,21,22,22,23,24,26,27,28,29,30,31,32,34,36,39,40,42,43,45,45,45,45,44,42,40,39,37,35,34,32,31,
0,1,3,114,245,255,255,255,255,254,170,24,6,6,7,8,9,10,10,11,12,12,13,14,16,16,18,18,19,21,21,22,22,24,24,25,26,28,29,29,30,31,32,33,34,35,36,37,37,37,37,36,35,35,33,33,31,31,29,29,
0,0,17,160,253,255,255,255,255,254,194,40,5,6,6,7,8,9,10,10,11,12,12,13,15,15,17,17,18,19,19,21,22,22,23,23,25,25,27,28,28,29,29,30,31,31,32,32,32,32,32,32,32,31,31,30,29,29,28,28,
0,0,31,187,255,255,255,255,255,255,210,54,5,6,6,6,8,9,9,10,11,11,12,13,13,15,16,17,17,18,19,20,21,22,22,22,24,24,25,25,27,28,29,29,29,29,29,29,29,29,29,29,29,29,29,29,28,28,27,26,
0,0,21,169,254,255,255,255,255,255,224,71,4,5,6,6,8,9,9,10,10,11,12,13,13,13,15,16,16,17,18,18,19,20,22,22,22,23,24,24,25,26,26,26,27,27,28,28,28,28,28,28,28,28,28,27,26,26,26,25,
0,0,4,124,248,255,255,255,255,255,239,99,4,5,5,6,7,8,9,10,10,11,12,12,13,13,14,15,16,16,17,18,18,18,20,21,22,22,22,23,23,24,25,25,25,25,26,26,26,26,26,26,26,26,25,25,25,24,24,24,
0,0,1,87,233,255,255,255,255,255,249,126,8,4,5,6,6,7,9,9,10,10,11,12,12,13,13,13,15,15,16,16,17,17,18,19,20,21,21,22,22,23,23,23,24,24,24,24,24,24,24,24,24,24,24,24,24,23,23,22,
0,0,1,75,228,255,255,255,255,255,253,146,14,4,5,5,6,7,8,9,9,10,11,11,12,12,13,13,14,15,15,16,16,17,17,17,18,19,20,21,22,22,22,22,22,22,23,23,23,23,23,23,23,23,22,22,22,22,22,21,
0,0,0,80,232,255,255,255,255,255,254,166,21,4,5,5,6,6,8,8,9,9,10,10,11,11,12,12,13,13,14,15,15,15,16,16,17,17,18,19,19,20,21,21,21,22,22,22,22,22,22,22,22,22,22,21,21,21,20,19,
0,0,0,98,240,255,255,255,255,255,254,179,28,4,5,5,6,6,8,8,9,9,10,10,11,11,11,11,12,12,13,14,15,15,15,16,16,16,17,17,18,18,19,19,19,19,20,21,20,20,21,21,21,21,20,19,19,19,18,18,
0,0,2,116,246,255,255,255,255,255,255,188,34,3,5,5,6,6,8,9,9,9,9,9,10,10,10,11,11,11,12,12,13,13,13,13,15,15,16,16,17,17,17,17,18,18,18,18,18,18,18,18,18,18,18,18,17,17,17,17,
0,0,18,161,252,255,255,255,255,255,255,200,44,3,4,4,5,6,8,9,9,8,8,9,9,9,10,10,11,11,12,12,12,12,12,12,13,14,14,15,15,16,16,16,17,17,17,17,17,17,17,17,17,17,17,17,16,16,16,15,
0,1,86,232,255,255,255,255,255,255,255,214,56,2,3,3,5,6,6,7,6,6,7,8,8,8,8,9,9,10,10,11,11,11,11,12,12,12,13,13,14,14,15,15,15,15,16,16,16,16,16,16,16,16,15,15,15,15,14,13,
0,5,126,247,255,255,255,255,255,255,255,225,72,2,3,3,4,5,5,6,6,6,6,6,8,8,8,8,9,9,10,10,10,10,10,11,11,12,12,12,13,13,13,13,14,14,14,14,14,14,14,14,14,14,14,13,13,13,13,13,
0,0,30,178,254,255,255,255,255,255,255,235,90,2,2,3,3,4,5,5,5,6,6,6,6,6,7,7,8,8,8,9,9,9,9,10,10,11,11,11,12,12,12,12,13,13,13,13,13,13,13,13,13,13,13,13,12,12,12,12,
0,0,15,155,254,255,255,255,255,255,255,243,109,3,2,2,3,3,4,4,5,5,5,5,6,6,6,6,6,7,8,8,8,8,9,9,9,10,10,10,11,11,11,11,12,12,12,12,12,12,12,12,12,12,12,12,11,11,11,11,
0,0,14,155,254,255,255,255,255,255,254,244,126,6,1,2,2,3,3,3,4,4,4,5,5,5,6,6,6,6,6,6,7,7,8,8,8,8,9,9,10,10,10,10,11,11,11,11,11,11,11,11,11,11,11,10,10,10,10,10,
0,0,20,167,254,255,255,255,255,255,251,163,38,2,1,1,2,2,2,3,3,3,4,4,5,5,5,5,6,6,6,6,6,6,6,7,8,8,8,8,9,9,9,9,10,10,10,10,10,10,10,10,10,10,10,10,9,9,9,9,
0,0,27,180,255,255,255,255,255,255,253,165,20,1,1,1,2,2,2,2,3,3,3,3,4,4,4,5,5,5,5,5,5,5,6,6,6,6,7,7,8,8,8,8,9,9,9,9,9,9,9,9,9,9,9,8,8,8,8,8,
0,0,36,192,255,255,255,255,255,255,255,197,40,1,1,1,1,1,2,2,2,3,3,3,4,4,4,4,4,4,4,4,5,5,5,6,6,6,6,6,6,7,7,7,8,8,8,8,8,8,8,8,8,8,8,8,8,7,7,7,
0,0,48,207,255,255,255,255,255,255,255,224,70,0,1,1,1,1,1,2,2,2,2,3,3,3,3,3,3,3,4,4,4,4,5,5,5,5,5,6,6,6,6,6,6,6,6,6,6,6,6,6,6,6,6,6,6,6,6,6,
0,0,63,220,255,255,255,255,255,255,255,242,108,2,1,1,1,1,1,1,1,2,2,2,2,2,2,2,3,3,3,3,4,4,4,4,5,5,5,5,5,5,6,6,6,6,6,6,6,6,6,6,6,6,6,6,6,6,5,5,
0,0,83,232,255,255,255,255,255,255,255,253,152,14,1,1,1,1,1,1,1,1,1,1,2,2,2,2,2,2,3,3,3,3,4,4,4,4,4,4,5,5,5,5,5,5,5,5,5,5,5,5,5,5,5,5,5,5,5,4,
