0,0,0,0,0,0,0,0,0,0,0,0,0,1,1,1,1,1,2,2,3,3,4,5,5,6,7,8,9,10,11,12,13,15,16,17,19,21,22,23,24,27,30,34,41,54,74,101,148,247,255,255,255,255,255,255,255,255,255,255,
0,0,0,0,0,0,0,0,0,0,0,0,0,1,1,1,1,1,2,2,3,3,4,5,5,6,7,8,9,10,11,12,13,15,16,17,19,21,22,23,25,27,29,34,43,55,76,103,157,251,255,255,255,255,255,255,255,255,255,255,
0,0,0,0,0,0,0,0,0,0,0,0,0,1,1,1,1,1,2,2,3,3,4,5,5,6,7,8,9,10,11,12,13,15,16,17,19,21,22,23,25,27,29,34,43,56,77,104,159,251,255,255,255,255,255,255,255,255,255,255,
0,0,0,0,0,0,0,0,0,0,0,0,0,1,1,1,1,1,2,2,3,3,4,5,5,6,7,8,9,10,11,12,13,15,16,17,19,21,22,23,25,27,29,34,42,56,77,103,158,251,255,255,255,255,255,255,255,255,255,255,
0,0,0,0,0,0,0,0,0,0,0,0,0,1,1,1,1,1,2,2,3,3,4,5,5,6,7,8,9,10,11,12,13,15,16,17,19,21,22,23,24,26,29,34,41,55,75,101,150,249,255,255,255,255,255,255,255,255,255,255,
0,0,0,0,0,0,0,0,0,0,0,0,0,1,1,1,1,1,2,2,3,3,4,5,5,6,7,8,9,10,11,12,13,15,16,17,18,20,22,23,24,26,29,33,41,53,72,98,138,240,255,255,255,255,255,255,255,255,255,255,
0,0,0,0,0,0,0,0,0,0,0,0,0,1,1,1,1,1,2,2,3,3,4,5,5,6,6,8,9,10,11,12,13,14,16,17,18,20,22,23,24,26,29,32,39,51,67,91,125,221,255,255,255,255,255,255,255,255,255,255,
0,0,0,0,0,0,0,0,0,0,0,0,0,1,1,1,1,1,1,2,3,3,4,4,5,6,6,8,9,10,11,12,13,14,16,17,18,20,22,22,24,25,28,31,37,47,63,84,114,188,253,255,255,255,255,255,255,255,255,255,
0,0,0,0,0,0,0,0,0,0,0,0,0,1,1,1,1,1,1,2,3,3,4,4,5,6,6,8,8,9,11,12,13,13,15,17,18,19,22,22,24,25,27,30,36,44,58,77,103,150,244,255,255,255,255,255,255,255,255,255,
0,0,0,0,0,0,0,0,0,0,0,0,0,1,1,1,1,1,1,2,2,3,4,4,5,6,6,7,8,9,10,11,12,13,15,16,17,19,21,22,23,25,26,29,34,41,52,69,92,123,206,254,255,255,255,255,255,255,255,255,
0,0,0,0,0,0,0,0,0,0,0,0,0,1,1,1,1,1,1,2,2,3,4,4,5,6,6,7,8,9,10,11,12,13,15,16,17,18,20,22,23,24,26,28,32,37,47,61,81,107,152,242,255,255,255,255,255,255,255,255,
0,0,0,0,0,0,0,0,0,0,0,0,0,0,1,1,1,1,1,2,2,3,3,4,5,5,6,6,8,9,10,11,12,13,14,16,17,18,20,22,22,24,25,27,30,34,42,54,70,92,119,187,251,255,255,255,255,255,255,255,
0,0,0,0,0,0,0,0,0,0,0,0,0,0,1,1,1,1,1,2,2,3,3,4,4,5,6,6,6,25,9,11,12,13,14,15,17,18,19,21,22,23,24,26,29,32,38,47,60,78,100,130,209,253,255,255,255,255,255,255,
0,0,0,0,0,0,0,0,0,0,0,0,0,0,1,1,1,1,1,1,2,2,3,4,4,5,6,100,224,254,216,82,11,12,13,15,16,17,18,20,22,23,24,25,28,30,34,41,51,65,83,105,137,215,253,255,255,255,255,255,
0,0,0,0,0,0,0,0,0,0,0,0,0,0,1,1,1,1,1,1,2,2,3,3,4,5,141,254,255,255,255,248,65,12,13,15,16,17,18,20,21,22,24,25,26,29,32,36,44,54,68,86,107,138,207,251,255,255,255,255,
0,0,0,0,0,0,0,0,0,0,0,0,0,0,0,1,1,1,1,1,2,2,3,3,4,58,254,255,255,255,255,255,216,12,12,13,15,17,18,19,21,22,23,24,25,27,29,33,38,46,56,69,86,105,129,181,237,254,255,255,
0,0,0,0,0,0,0,0,0,0,0,0,0,0,0,1,1,1,1,1,1,2,2,3,4,105,254,255,255,255,255,255,254,59,12,13,15,16,17,18,20,21,22,24,24,26,28,31,34,39,46,56,68,83,100,119,147,197,237,252,
0,0,0,0,0,0,0,0,0,0,0,0,0,0,0,1,1,1,1,1,1,2,2,3,3,84,253,255,255,255,255,255,255,131,12,13,14,16,17,18,19,21,22,22,24,25,26,29,31,34,39,46,55,66,78,91,106,122,143,175,
0,0,0,0,0,0,0,0,0,0,0,0,0,0,0,0,1,1,1,1,1,1,2,3,4,4,101,213,254,255,255,255,255,183,11,12,13,15,16,17,18,19,21,22,23,24,25,26,28,30,34,39,44,51,61,71,81,93,103,113,
0,0,0,0,0,0,0,0,0,0,0,0,0,0,0,0,1,1,1,1,1,1,2,2,3,4,4,49,216,248,255,255,255,228,10,12,13,14,16,16,17,18,20,21,22,23,24,25,27,29,31,33,37,42,48,55,62,70,78,85,
0,0,0,0,0,0,0,0,0,0,1,1,1,1,1,1,1,1,1,1,1,1,2,2,3,3,4,4,136,235,253,255,255,253,23,11,12,13,15,15,16,17,19,20,22,22,23,24,25,27,29,30,32,35,39,43,48,53,59,63,
0,0,0,0,0,0,0,0,0,1,1,1,1,1,1,1,1,1,1,1,1,1,2,2,3,3,3,12,195,255,255,255,255,254,79,11,12,12,13,15,16,17,18,19,21,22,22,23,24,25,26,28,29,31,33,36,39,42,45,49,
0,0,0,0,0,0,1,1,1,1,1,1,1,1,1,1,1,1,1,1,1,1,1,2,2,3,3,23,250,255,255,255,255,255,132,10,11,12,13,13,15,16,17,18,19,21,22,22,23,24,25,26,28,29,30,32,33,35,37,39,
0,0,0,0,1,1,1,1,1,1,1,1,1,1,1,1,1,1,1,1,1,1,1,2,2,3,3,101,254,255,255,255,255,255,187,9,10,11,12,13,14,15,16,17,18,19,21,22,22,23,24,25,26,27,29,29,30,31,32,33,
0,0,0,0,1,1,1,1,1,1,1,1,1,1,1,1,1,1,1,1,1,1,1,2,2,2,3,167,255,255,255,255,255,255,221,8,10,11,12,12,13,14,15,16,17,18,19,20,22,22,23,24,25,25,26,27,28,29,29,30,
0,0,0,1,1,1,1,1,1,1,1,1,1,1,1,1,1,1,1,1,1,2,2,2,2,2,2,206,255,255,255,255,255,255,245,7,9,10,11,12,13,13,14,15,16,17,18,19,20,21,22,22,23,24,25,25,26,27,28,28,
0,0,1,1,1,1,1,1,1,1,1,1,1,1,1,1,1,1,1,1,1,1,2,2,2,2,1,180,255,255,255,255,255,255,253,15,9,9,10,11,12,13,13,14,15,16,17,18,19,20,21,22,22,23,23,24,25,25,26,26,
0,1,1,1,1,1,1,1,1,1,1,1,1,1,1,1,1,1,1,1,1,1,2,2,2,2,2,112,254,255,255,255,255,255,254,52,8,9,10,10,11,12,13,13,14,15,16,17,17,18,19,20,21,22,22,23,23,24,24,25,
0,1,1,1,1,1,1,1,1,1,1,1,1,1,1,1,1,1,1,1,1,1,1,1,1,1,2,61,254,255,255,255,255,255,254,81,7,8,9,9,10,11,12,12,13,14,15,16,16,17,18,19,19,21,21,22,22,22,23,23,
0,1,1,1,1,1,1,1,1,1,1,1,1,1,1,1,1,1,1,1,1,1,1,1,1,1,1,83,254,255,255,255,255,255,254,100,6,7,8,9,9,10,11,12,12,12,13,15,15,16,17,17,18,19,19,20,21,22,22,22,
1,1,1,1,1,1,1,1,1,1,1,1,1,1,1,1,1,1,1,1,1,1,1,1,1,1,1,113,255,255,255,255,255,255,254,111,6,6,7,8,9,9,10,11,11,12,13,13,13,15,15,16,17,17,18,19,19,20,21,21,
1,1,1,1,1,1,1,1,1,1,1,2,2,2,1,1,1,1,1,1,1,1,1,1,1,1,1,140,255,255,255,255,255,255,255,111,6,6,6,8,8,9,9,10,11,11,12,13,13,13,14,15,16,16,17,17,18,18,19,19,
1,1,1,1,1,1,1,1,1,1,2,2,2,1,1,1,1,1,1,1,1,1,1,1,1,1,0,168,255,255,255,255,255,255,255,113,5,6,6,6,7,8,9,9,10,10,11,11,12,13,13,13,14,15,16,16,16,17,17,17,
1,1,1,1,1,1,1,1,1,2,2,2,2,1,1,1,1,1,1,1,1,1,1,1,1,1,1,206,255,255,255,255,255,255,255,120,4,5,5,6,6,7,8,8,9,10,10,11,11,12,12,13,13,13,14,15,15,16,16,16,
1,1,1,1,1,1,1,1,1,2,1,1,1,1,1,1,1,1,1,1,1,1,1,1,1,1,61,253,255,255,255,255,255,255,255,128,4,4,5,5,6,6,7,7,8,9,9,10,10,11,11,12,12,12,13,13,13,14,15,15,
1,1,1,1,1,1,1,1,1,1,1,1,1,1,1,1,1,1,1,1,1,1,1,1,1,1,105,254,255,255,255,255,255,255,255,131,4,4,4,5,5,6,6,6,7,8,9,9,9,10,10,11,11,12,12,12,12,13,13,13,
1,1,1,1,1,1,1,1,1,1,1,1,1,1,1,1,1,1,1,1,1,1,1,1,0,0,11,176,255,255,255,255,255,255,255,132,3,3,4,4,4,5,6,6,6,7,8,8,9,9,9,10,10,11,11,11,12,12,12,12,
0,0,1,1,1,1,1,1,1,1,1,1,1,1,1,1,1,1,1,1,1,1,1,0,0,0,0,148,254,255,255,255,255,255,255,139,3,3,3,3,4,4,5,5,6,6,6,7,8,8,8,9,9,10,10,10,11,11,11,11,
0,0,1,1,1,1,1,1,1,1,1,1,1,1,1,1,1,1,1,1,1,1,0,0,0,0,0,165,254,255,255,255,255,255,255,153,2,2,3,3,4,4,4,5,5,6,6,6,6,7,7,8,8,9,9,9,10,10,10,10,
0,0,1,1,1,1,1,1,1,1,1,1,1,1,1,1,1,1,1,1,1,1,0,0,0,0,0,181,254,255,255,255,255,255,255,155,2,2,2,3,3,3,4,4,4,5,5,6,6,6,6,7,8,8,8,8,9,9,9,9,
0,0,0,1,1,1,1,1,1,1,1,1,1,1,1,1,1,1,1,1,1,0,0,0,0,0,0,206,255,255,255,255,255,255,255,193,1,2,2,2,2,3,3,3,4,4,5,5,5,6,6,6,6,6,7,7,8,8,8,8,
0,0,0,0,1,1,1,1,1,1,1,1,1,1,1,1,1,1,1,1,0,0,0,0,0,0,0,226,255,255,255,255,255,255,255,240,3,1,1,2,2,2,3,3,3,4,4,4,5,5,5,5,6,6,6,6,6,7,7,7,
0,0,0,0,0,0,1,1,1,1,1,1,1,1,1,1,1,1,0,0,0,0,0,0,0,0,2,249,255,255,255,255,255,255,255,254,46,1,1,1,2,2,2,2,3,3,3,4,4,4,4,5,5,5,6,6,6,6,6,6,
0,0,0,0,0,0,0,0,1,1,1,1,1,1,1,1,1,0,0,0,0,0,0,0,0,0,25,254,255,255,255,255,255,255,255,255,103,1,1,1,1,1,2,2,2,2,3,3,3,4,4,4,4,4,5,5,5,5,6,6,
0,0,0,0,0,0,0,0,0,0,1,1,1,1,0,0,0,0,0,0,0,0,0,0,0,0,60,254,255,255,255,255,255,255,255,255,168,0,1,1,1,1,1,2,2,2,2,3,3,3,3,4,4,4,4,4,5,5,5,5,
