0,0,0,0,0,0,0,0,0,0,0,0,0,1,1,1,1,1,2,2,3,3,4,5,5,6,7,8,9,10,11,12,13,14,16,17,19,21,22,23,24,26,29,33,40,51,70,96,136,241,255,255,255,255,255,255,255,255,255,255,
0,0,0,0,0,0,0,0,0,0,0,0,0,1,1,1,1,1,2,2,3,3,4,5,5,6,7,8,9,10,11,12,13,15,16,17,19,21,22,23,25,26,29,33,40,53,72,99,142,244,255,255,255,255,255,255,255,255,255,255,
0,0,0,0,0,0,0,0,0,0,0,0,0,1,1,1,1,1,2,2,3,3,4,5,5,6,7,8,9,10,11,12,13,15,16,17,19,21,22,23,25,27,29,33,41,54,73,99,143,245,255,255,255,255,255,255,255,255,255,255,
0,0,0,0,0,0,0,0,0,0,0,0,0,1,1,1,1,1,2,2,3,3,4,5,5,6,7,8,9,10,11,12,13,15,16,17,19,21,22,23,25,27,29,33,40,54,73,99,142,245,255,255,255,255,255,255,255,255,255,255,
0,0,0,0,0,0,0,0,0,0,0,0,0,1,1,1,1,1,2,2,3,3,4,5,5,6,7,8,9,10,11,12,13,15,16,17,18,21,22,23,24,26,29,33,40,53,71,96,135,238,255,255,255,255,255,255,255,255,255,255,
0,0,0,0,0,0,0,0,0,0,0,0,0,1,1,1,1,1,2,2,3,3,4,5,5,6,7,8,9,10,11,12,13,15,16,17,18,20,22,23,24,26,29,32,39,51,68,93,126,224,255,255,255,255,255,255,255,255,255,255,
0,0,0,0,0,0,0,0,0,0,0,0,0,1,1,1,1,1,2,2,3,3,4,5,5,6,6,8,9,10,11,12,13,14,16,17,18,20,22,23,24,26,28,31,37,48,64,87,116,199,254,255,255,255,255,255,255,255,255,255,
0,0,0,0,0,0,0,0,0,0,0,0,0,1,1,1,1,1,1,2,3,3,4,4,5,6,6,8,9,10,11,12,13,14,16,17,18,20,22,22,24,25,28,31,36,45,60,80,107,164,251,255,255,255,255,255,255,255,255,255,
0,0,0,0,0,0,0,0,0,0,0,0,0,1,1,1,1,1,1,2,3,3,4,4,5,6,6,8,8,9,11,12,13,13,15,17,18,19,22,22,24,25,27,30,35,42,55,73,97,134,230,255,255,255,255,255,255,255,255,255,
0,0,0,0,0,0,0,0,0,0,0,0,0,0,1,1,1,1,1,2,2,3,4,4,5,6,6,7,8,9,10,11,12,13,15,16,17,19,21,22,23,25,26,29,33,39,49,65,86,115,181,252,255,255,255,255,255,255,255,255,
0,0,0,0,0,0,0,0,0,0,0,0,0,0,1,1,1,1,1,2,2,3,4,4,5,6,6,7,8,9,10,11,12,13,15,16,17,18,20,22,23,24,26,28,31,36,45,58,76,101,135,225,254,255,255,255,255,255,255,255,
0,0,0,0,0,0,0,0,0,0,0,0,0,0,1,1,1,1,1,2,2,3,3,4,5,5,6,6,8,9,10,11,12,13,14,16,17,18,20,22,22,24,25,27,30,34,40,51,66,87,110,161,244,254,255,255,255,255,255,255,
0,0,0,0,0,0,0,0,0,0,0,0,0,0,1,1,1,1,1,2,2,3,3,4,4,5,6,6,15,68,53,10,12,13,14,15,17,18,19,21,22,23,24,26,29,32,37,45,57,73,93,120,182,250,254,255,255,255,255,255,
0,0,0,0,0,0,0,0,0,0,0,0,0,0,1,1,1,1,1,1,2,2,3,4,4,5,6,107,235,254,254,193,33,12,13,15,16,17,18,20,22,23,24,25,28,30,34,40,48,62,78,100,125,190,249,254,255,255,255,255,
0,0,0,0,0,0,0,0,0,0,0,0,0,0,1,1,1,1,1,1,2,2,3,3,4,5,140,254,255,255,255,255,188,13,13,15,16,17,18,20,21,22,24,25,26,28,31,35,42,51,64,81,100,126,180,243,254,255,255,255,
0,0,0,0,0,0,0,0,0,0,0,0,0,0,0,1,1,1,1,1,2,2,3,3,4,26,253,255,255,255,255,255,254,83,12,13,15,17,18,19,21,22,23,24,25,27,29,32,37,43,52,66,81,99,120,159,220,251,254,255,
0,0,0,0,0,0,0,0,0,0,0,0,0,0,0,1,1,1,1,1,1,2,2,3,4,62,254,255,255,255,255,255,255,160,12,13,15,16,17,18,20,21,22,24,24,26,28,30,33,38,44,53,65,78,93,111,134,175,222,247,
0,0,0,0,0,0,0,0,0,0,0,0,0,0,0,1,1,1,1,1,1,2,2,3,3,43,234,254,255,255,255,255,255,225,11,13,14,16,17,18,19,21,22,22,24,25,26,28,30,33,38,44,52,62,74,87,100,115,132,157,
0,0,0,0,0,0,0,0,0,0,0,0,0,0,0,0,1,1,1,1,1,1,2,3,3,4,47,181,254,255,255,255,255,254,27,12,13,15,16,17,18,19,21,22,23,24,25,26,28,30,33,37,42,48,57,67,77,88,99,108,
0,0,0,0,0,0,0,0,0,0,0,0,0,0,0,0,1,1,1,1,1,1,2,2,3,4,4,23,194,248,254,255,255,254,62,12,13,14,16,16,17,18,20,21,22,23,24,25,27,29,30,32,36,40,45,52,59,67,75,82,
0,0,0,0,0,0,0,0,0,0,1,1,1,1,1,1,1,1,1,1,1,1,2,2,3,3,4,4,105,231,254,255,255,255,97,11,12,13,15,15,16,17,19,20,21,22,23,24,25,26,28,30,32,34,37,41,46,51,57,61,
0,0,0,0,0,0,0,0,0,1,1,1,1,1,1,1,1,1,1,1,1,1,2,2,3,3,3,6,155,254,255,255,255,254,139,11,12,12,13,15,16,17,18,19,20,22,22,23,24,25,26,28,29,30,32,35,38,41,44,47,
0,0,0,0,0,0,1,1,1,1,1,1,1,1,1,1,1,1,1,1,1,1,1,2,2,3,3,23,251,255,255,255,255,255,191,10,11,12,13,14,15,16,17,18,19,20,21,22,23,24,25,26,28,29,29,31,32,34,36,38,
0,0,0,0,1,1,1,1,1,1,1,1,1,1,1,1,1,1,1,1,1,1,1,2,2,3,3,89,254,255,255,255,255,255,238,10,10,11,12,13,14,15,16,17,18,19,21,22,22,23,24,25,26,27,28,29,29,31,32,33,
0,0,0,0,1,1,1,1,1,1,1,1,1,1,1,1,1,1,1,1,1,1,1,1,2,2,3,154,255,255,255,255,255,255,254,32,10,11,12,12,13,14,15,16,17,18,19,20,22,22,23,24,24,25,26,27,28,29,29,29,
0,0,0,1,1,1,1,1,1,1,1,1,1,1,1,1,1,1,1,1,1,1,1,1,2,2,2,226,255,255,255,255,255,255,254,60,9,10,11,12,13,13,14,15,16,17,18,19,20,22,22,22,23,24,24,25,26,27,27,28,
0,0,1,1,1,1,1,1,1,1,1,1,1,1,1,1,1,1,1,1,1,1,1,1,2,2,2,215,255,255,255,255,255,255,254,71,9,9,10,11,12,13,13,14,15,16,17,18,19,19,21,22,22,22,23,24,24,25,25,26,
0,1,1,1,1,1,1,1,1,1,1,1,1,1,1,1,1,1,1,1,1,1,1,1,2,2,2,152,255,255,255,255,255,255,254,92,8,9,10,10,11,12,13,13,14,15,16,17,17,18,19,20,21,22,22,22,23,24,24,24,
0,1,1,1,1,1,1,1,1,1,1,1,1,1,1,1,1,1,1,1,1,1,1,1,1,1,2,88,254,255,255,255,255,255,254,124,7,8,9,9,10,11,12,12,13,14,15,16,16,17,18,19,19,20,21,22,22,22,23,23,
0,1,1,1,1,1,1,1,1,1,1,1,1,1,1,1,1,1,1,1,1,1,1,1,1,1,1,94,254,255,255,255,255,255,255,141,6,7,8,9,9,10,11,12,12,13,13,15,15,16,17,17,18,19,19,20,21,22,22,22,
1,1,1,1,1,1,1,1,1,1,1,1,1,1,1,1,1,1,1,1,1,1,1,1,1,1,1,124,254,255,255,255,255,255,255,158,6,6,7,8,9,9,10,11,11,12,13,13,14,15,15,16,17,17,18,18,19,20,20,21,
1,1,1,1,1,1,1,1,1,1,1,2,2,2,1,1,1,1,1,1,1,1,1,1,1,1,1,154,255,255,255,255,255,255,255,159,6,6,6,8,8,9,9,10,11,11,12,13,13,13,14,15,15,16,17,17,18,18,18,18,
1,1,1,1,1,1,1,1,1,1,2,2,2,1,1,1,1,1,1,1,1,1,1,1,1,1,0,186,255,255,255,255,255,255,255,159,5,5,6,6,7,8,8,9,10,10,11,12,12,12,13,13,14,15,15,16,16,17,17,17,
1,1,1,1,1,1,1,1,1,2,2,2,2,1,1,1,1,1,1,1,1,1,1,1,1,1,1,220,255,255,255,255,255,255,255,159,4,5,6,6,6,7,8,8,9,10,10,11,11,12,12,13,13,13,14,15,15,15,16,16,
1,1,1,1,1,1,1,1,1,2,1,1,1,1,1,1,1,1,1,1,1,1,1,1,1,1,14,251,255,255,255,255,255,255,255,160,4,4,5,5,6,6,7,7,8,9,9,10,10,11,11,12,12,12,13,13,13,14,14,14,
1,1,1,1,1,1,1,1,1,1,1,1,1,1,1,1,1,1,1,1,1,1,1,1,1,1,114,254,255,255,255,255,255,255,255,161,4,4,4,5,5,6,6,6,7,8,9,9,9,10,10,11,11,12,12,12,13,13,13,13,
1,1,1,1,1,1,1,1,1,1,1,1,1,1,1,1,1,1,1,1,1,1,1,1,0,0,117,254,255,255,255,255,255,255,255,163,3,4,4,4,4,5,6,6,6,7,8,8,8,9,9,10,10,11,11,11,12,12,12,12,
0,0,1,1,1,1,1,1,1,1,1,1,1,1,1,1,1,1,1,1,1,1,1,0,0,0,0,165,254,255,255,255,255,255,255,166,3,3,3,3,4,4,5,5,6,6,6,7,8,8,8,9,9,10,10,10,11,11,11,11,
0,0,1,1,1,1,1,1,1,1,1,1,1,1,1,1,1,1,1,1,1,1,0,0,0,0,0,169,254,255,255,255,255,255,255,171,2,2,3,3,4,4,4,5,5,6,6,6,6,7,7,8,8,9,9,9,9,10,10,10,
0,0,1,1,1,1,1,1,1,1,1,1,1,1,1,1,1,1,1,1,1,1,0,0,0,0,0,184,254,255,255,255,255,255,255,177,2,2,2,3,3,3,4,4,4,5,5,6,6,6,6,7,8,8,8,8,9,9,9,9,
0,0,0,1,1,1,1,1,1,1,1,1,1,1,1,1,1,1,1,1,1,0,0,0,0,0,0,207,255,255,255,255,255,255,255,208,1,1,2,2,2,3,3,3,4,4,4,5,5,6,6,6,6,6,7,7,7,8,8,8,
0,0,0,0,1,1,1,1,1,1,1,1,1,1,1,1,1,1,1,1,0,0,0,0,0,0,0,226,255,255,255,255,255,255,255,248,9,1,1,2,2,2,3,3,3,4,4,4,5,5,5,5,6,6,6,6,6,6,7,7,
0,0,0,0,0,0,1,1,1,1,1,1,1,1,1,1,1,1,0,0,0,0,0,0,0,0,1,247,255,255,255,255,255,255,255,254,57,1,1,1,2,2,2,2,3,3,3,4,4,4,4,5,5,5,6,6,6,6,6,6,
0,0,0,0,0,0,0,0,1,1,1,1,1,1,1,1,1,0,0,0,0,0,0,0,0,0,19,254,255,255,255,255,255,255,255,255,110,1,1,1,1,1,2,2,2,2,3,3,3,4,4,4,4,4,5,5,5,5,5,6,
0,0,0,0,0,0,0,0,0,0,1,1,1,1,0,0,0,0,0,0,0,0,0,0,0,0,49,254,255,255,255,255,255,255,255,255,173,0,1,1,1,1,1,2,2,2,2,3,3,3,3,4,4,4,4,4,5,5,5,5,
