0,0,0,0,0,0,0,0,0,0,0,0,0,1,1,1,1,1,2,2,3,3,4,5,5,6,7,8,9,10,11,12,13,14,16,17,18,20,22,22,24,26,28,31,37,46,62,85,114,199,254,255,255,255,255,255,255,255,255,255,
0,0,0,0,0,0,0,0,0,0,0,0,0,1,1,1,1,1,2,2,3,3,4,5,5,6,7,8,9,10,11,12,13,14,16,17,18,20,22,23,24,26,28,31,37,47,63,86,117,204,254,255,255,255,255,255,255,255,255,255,
0,0,0,0,0,0,0,0,0,0,0,0,0,1,1,1,1,1,2,2,3,3,4,5,5,6,7,8,9,10,11,12,13,15,16,17,19,21,22,23,25,26,29,31,37,48,64,86,117,205,254,255,255,255,255,255,255,255,255,255,
0,0,0,0,0,0,0,0,0,0,0,0,0,1,1,1,1,1,2,2,3,3,4,5,5,6,7,8,9,10,11,12,13,15,16,17,19,21,22,23,25,26,28,31,37,48,63,86,116,200,254,255,255,255,255,255,255,255,255,255,
0,0,0,0,0,0,0,0,0,0,0,0,0,1,1,1,1,1,2,2,3,3,4,5,5,6,7,8,9,10,11,12,13,14,16,17,18,20,22,23,24,26,28,30,36,46,62,83,111,185,254,255,255,255,255,255,255,255,255,255,
0,0,0,0,0,0,0,0,0,0,0,0,0,1,1,1,1,1,2,2,3,3,4,5,5,6,7,8,9,10,11,12,13,14,16,17,18,20,22,23,24,25,28,30,35,44,58,79,105,162,252,255,255,255,255,255,255,255,255,255,
0,0,0,0,0,0,0,0,0,0,0,0,0,1,1,1,1,1,2,2,3,3,4,5,5,6,6,8,9,10,11,12,13,14,15,17,18,20,22,23,24,25,27,30,34,42,55,74,100,141,241,255,255,255,255,255,255,255,255,255,
0,0,0,0,0,0,0,0,0,0,0,0,0,1,1,1,1,1,1,2,3,3,4,4,5,6,6,8,9,10,11,12,13,14,15,17,18,19,21,22,24,25,27,29,34,40,51,68,92,122,211,254,255,255,255,255,255,255,255,255,
0,0,0,0,0,0,0,0,0,0,0,0,0,1,1,1,1,1,1,2,3,3,4,4,5,6,6,8,8,9,11,12,13,13,15,16,17,19,21,22,23,24,26,28,32,38,48,62,83,109,166,250,255,255,255,255,255,255,255,255,
0,0,0,0,0,0,0,0,0,0,0,0,0,0,1,1,1,1,1,2,2,3,4,4,5,6,6,7,8,9,10,11,12,13,15,16,17,19,21,22,23,24,25,28,31,36,43,56,73,96,129,216,254,255,255,255,255,255,255,255,
0,0,0,0,0,0,0,0,0,0,0,0,0,0,1,1,1,1,1,2,2,3,4,4,5,6,6,7,8,9,10,11,12,13,14,16,17,18,20,22,22,24,25,27,29,33,39,49,65,84,110,157,244,255,255,255,255,255,255,255,
0,0,0,0,0,0,0,0,0,0,0,0,0,0,1,1,1,1,1,2,2,3,3,4,5,5,6,6,8,9,10,11,12,13,14,15,17,18,19,21,22,23,25,26,29,31,36,44,56,72,94,120,186,251,255,255,255,255,255,255,
0,0,0,0,0,0,0,0,0,0,0,0,0,0,1,1,1,1,1,2,2,3,3,4,4,5,6,6,30,101,98,23,12,13,13,15,16,17,19,20,22,23,24,25,28,30,34,39,48,61,79,100,129,202,252,255,255,255,255,255,
0,0,0,0,0,0,0,0,0,0,0,0,0,0,1,1,1,1,1,1,2,2,3,4,4,5,9,132,249,254,254,234,69,12,13,14,16,17,18,20,22,22,24,25,27,28,31,35,42,52,65,83,103,132,201,251,255,255,255,255,
0,0,0,0,0,0,0,0,0,0,0,0,0,0,1,1,1,1,1,1,1,2,3,3,4,4,156,254,255,255,255,255,231,29,13,14,15,16,18,19,21,22,23,25,26,28,29,32,37,44,54,67,84,104,129,184,241,254,255,255,
0,0,0,0,0,0,0,0,0,0,0,0,0,0,0,1,1,1,1,1,1,2,3,3,4,23,253,255,255,255,255,255,254,135,12,13,15,16,17,19,20,22,22,24,25,26,28,30,34,39,46,55,68,84,100,121,156,213,248,254,
0,0,0,0,0,0,0,0,0,0,0,0,0,0,0,1,1,1,1,1,1,2,2,3,3,59,254,255,255,255,255,255,255,211,12,13,14,16,17,18,19,21,22,23,24,26,27,29,31,35,40,46,55,66,80,95,111,129,161,203,
0,0,0,0,0,0,0,0,0,0,0,0,0,0,0,1,1,1,1,1,1,2,2,3,3,29,215,254,255,255,255,255,255,253,26,12,14,15,17,18,18,20,22,22,23,24,26,28,29,31,35,39,45,52,63,74,85,98,111,123,
0,0,0,0,0,0,0,0,0,0,0,0,0,0,0,0,1,1,1,1,1,1,2,2,3,4,29,163,254,255,255,255,255,254,71,12,13,15,16,17,18,19,20,21,23,24,25,26,28,29,31,34,37,42,49,57,66,75,84,92,
0,0,0,0,0,0,0,0,0,0,0,0,0,0,0,0,1,1,1,1,1,1,2,2,3,3,4,13,179,246,254,255,255,255,104,12,13,14,15,16,17,18,19,21,22,23,24,25,26,28,29,31,33,36,40,45,51,57,64,70,
0,0,0,0,0,0,0,0,0,0,1,1,1,1,1,1,1,1,1,1,1,1,1,2,2,3,4,4,83,240,246,255,255,255,132,11,12,13,14,15,16,17,18,20,22,22,23,24,25,27,28,29,30,31,34,37,40,45,49,53,
0,0,0,0,0,0,0,0,0,1,1,1,1,1,1,1,1,1,1,1,1,1,1,2,2,3,3,5,148,254,254,255,255,255,174,11,11,12,13,14,15,17,18,19,20,22,22,23,24,25,26,28,29,29,30,32,34,37,39,42,
0,0,0,0,0,0,1,1,1,1,1,1,1,1,1,1,1,1,1,1,1,1,1,2,2,3,3,23,251,255,255,255,255,255,226,9,11,11,13,13,15,16,17,17,19,20,22,22,23,24,25,26,27,28,29,30,31,32,34,35,
0,0,0,0,1,1,1,1,1,1,1,1,1,1,1,1,1,1,1,1,1,1,1,2,2,2,3,87,255,255,255,255,255,255,253,28,10,11,12,13,13,15,16,17,18,19,20,22,22,23,24,25,26,27,28,29,29,29,30,31,
0,0,0,1,1,1,1,1,1,1,1,1,1,1,1,1,1,1,1,1,1,1,1,1,2,2,3,153,255,255,255,255,255,255,254,66,10,10,11,12,13,13,15,16,17,18,19,20,21,22,23,24,24,25,26,27,28,28,29,29,
0,0,0,1,1,1,1,1,1,1,1,1,1,1,1,1,1,1,1,1,1,1,1,1,2,2,2,228,255,255,255,255,255,255,254,89,9,10,11,11,12,13,14,15,16,17,18,19,20,21,22,22,23,23,24,25,26,27,27,28,
0,0,1,1,1,1,1,1,1,1,1,1,1,1,1,1,1,1,1,1,1,1,1,1,1,2,2,230,255,255,255,255,255,255,254,99,8,9,10,11,11,12,13,14,15,16,17,18,18,19,21,22,22,22,23,24,24,25,25,26,
0,1,1,1,1,1,1,1,1,1,1,1,1,1,1,1,1,1,1,1,1,1,1,1,1,1,1,171,255,255,255,255,255,255,255,118,8,8,9,10,11,12,12,13,14,15,16,17,17,18,19,20,21,22,22,22,23,24,24,24,
0,1,1,1,1,1,1,1,1,1,1,1,1,1,1,1,1,1,1,1,1,1,1,1,1,1,1,106,254,255,255,255,255,255,255,150,7,8,9,9,10,11,12,12,13,13,15,16,16,17,18,18,19,20,21,22,22,22,22,23,
1,1,1,1,1,1,1,1,1,1,1,1,1,1,1,1,1,1,1,1,1,1,1,1,1,1,1,91,255,255,255,255,255,255,255,171,6,7,8,9,9,10,11,12,12,13,13,15,15,16,17,17,18,19,19,20,21,22,22,22,
1,1,1,1,1,1,1,1,1,1,1,1,1,1,1,1,1,1,1,1,1,1,1,1,1,1,1,123,255,255,255,255,255,255,255,189,6,6,7,8,9,9,10,11,11,12,13,13,14,15,15,16,17,17,18,18,19,19,20,21,
1,1,1,1,1,1,1,1,1,1,1,2,2,2,1,1,1,1,1,1,1,1,1,1,1,1,1,153,255,255,255,255,255,255,255,200,5,6,6,7,8,9,9,10,10,11,12,12,13,13,14,15,15,16,16,17,17,18,18,18,
1,1,1,1,1,1,1,1,1,1,2,2,2,1,1,1,1,1,1,1,1,1,1,1,1,1,0,189,255,255,255,255,255,255,255,189,4,5,6,6,7,8,8,9,9,10,11,11,12,12,13,13,14,15,15,16,16,17,17,17,
1,1,1,1,1,1,1,1,1,2,2,2,2,1,1,1,1,1,1,1,1,1,1,1,1,1,1,224,255,255,255,255,255,255,255,189,4,5,5,6,6,6,8,8,9,9,10,11,11,12,12,13,13,13,14,15,15,15,16,16,
1,1,1,1,1,1,1,1,1,2,1,1,1,1,1,1,1,1,1,1,1,1,1,1,1,1,11,253,255,255,255,255,255,255,255,189,4,4,5,5,6,6,6,7,8,8,9,9,10,11,11,12,12,12,13,13,13,14,14,15,
1,1,1,1,1,1,1,1,1,1,1,1,1,1,1,1,1,1,1,1,1,1,1,1,1,1,97,254,255,255,255,255,255,255,255,189,4,4,4,5,5,6,6,6,6,8,8,9,9,10,10,11,11,12,12,12,13,13,13,13,
1,1,1,1,1,1,1,1,1,1,1,1,1,1,1,1,1,1,1,1,1,1,1,1,0,0,149,254,255,255,255,255,255,255,255,189,3,3,4,4,4,5,6,6,6,6,7,8,8,9,9,10,10,10,11,11,12,12,12,12,
0,1,1,1,1,1,1,1,1,1,1,1,1,1,1,1,1,1,1,1,1,1,1,0,0,0,37,203,254,255,255,255,255,255,255,189,2,3,3,4,4,4,5,5,6,6,6,7,8,8,8,9,9,9,10,10,10,11,11,11,
0,0,1,1,1,1,1,1,1,1,1,1,1,1,1,1,1,1,1,1,1,1,0,0,0,0,0,168,254,255,255,255,255,255,255,188,2,2,3,3,4,4,4,5,5,6,6,6,6,6,7,8,8,8,9,9,9,10,10,10,
0,0,1,1,1,1,1,1,1,1,1,1,1,1,1,1,1,1,1,1,1,0,0,0,0,0,0,188,254,255,255,255,255,255,255,188,2,2,2,3,3,3,4,4,4,5,5,5,6,6,6,6,7,8,8,8,9,9,9,9,
0,0,0,1,1,1,1,1,1,1,1,1,1,1,1,1,1,1,1,1,1,0,0,0,0,0,0,207,255,255,255,255,255,255,255,220,1,1,2,2,2,3,3,3,4,4,4,5,5,5,6,6,6,6,7,7,7,8,8,8,
0,0,0,0,1,1,1,1,1,1,1,1,1,1,1,1,1,1,1,1,0,0,0,0,0,0,0,228,255,255,255,255,255,255,255,252,15,1,1,2,2,2,3,3,3,4,4,4,5,5,5,5,6,6,6,6,6,6,7,7,
0,0,0,0,0,1,1,1,1,1,1,1,1,1,1,1,1,1,0,0,0,0,0,0,0,0,1,247,255,255,255,255,255,255,255,254,67,1,1,1,2,2,2,2,3,3,3,4,4,4,4,5,5,5,5,6,6,6,6,6,
0,0,0,0,0,0,1,1,1,1,1,1,1,1,1,1,1,0,0,0,0,0,0,0,0,0,18,254,255,255,255,255,255,255,255,255,118,1,1,1,1,1,2,2,2,2,3,3,3,3,4,4,4,4,5,5,5,5,5,6,
0,0,0,0,0,0,0,0,0,0,1,1,1,1,0,0,0,0,0,0,0,0,0,0,0,0,46,254,255,255,255,255,255,255,255,255,178,0,1,1,1,1,1,2,2,2,2,3,3,3,3,3,4,4,4,4,5,5,5,5,
