0,0,0,0,0,0,0,0,0,0,0,0,0,1,1,1,1,1,1,2,3,3,4,4,5,6,6,8,8,9,10,12,13,13,15,17,18,19,21,22,23,25,27,29,34,40,52,70,96,130,233,255,255,255,255,255,255,255,255,255,
0,0,0,0,0,0,0,0,0,0,0,0,0,1,1,1,1,1,1,2,3,3,4,4,5,6,6,8,8,9,10,11,13,13,15,17,18,19,22,22,24,25,28,29,34,40,52,70,96,133,235,255,255,255,255,255,255,255,255,255,
0,0,0,0,0,0,0,0,0,0,0,0,0,1,1,1,1,1,1,2,3,3,4,4,5,6,6,8,8,9,10,11,13,13,15,16,18,19,21,22,24,25,27,30,34,41,52,70,95,131,233,255,255,255,255,255,255,255,255,255,
0,0,0,0,0,0,0,0,0,0,0,0,0,1,1,1,1,1,1,2,2,3,4,4,5,6,6,8,8,9,10,11,13,13,15,17,18,19,22,22,24,25,27,29,33,40,52,68,93,126,225,255,255,255,255,255,255,255,255,255,
0,0,0,0,0,0,0,0,0,0,0,0,0,0,1,1,1,1,1,2,2,3,4,4,5,6,6,8,8,9,10,11,12,13,15,16,17,19,21,22,23,25,27,29,32,39,50,66,89,120,206,254,255,255,255,255,255,255,255,255,
0,0,0,0,0,0,0,0,0,0,0,0,0,0,1,1,1,1,1,2,2,3,4,4,5,6,6,7,8,9,10,11,12,13,15,16,17,19,21,22,23,25,27,29,32,38,48,62,84,112,178,254,255,255,255,255,255,255,255,255,
0,0,0,0,0,0,0,0,0,0,0,0,0,0,1,1,1,1,1,2,2,3,3,4,5,5,6,7,8,9,10,11,12,13,15,16,17,19,21,22,23,24,26,29,31,36,45,58,77,103,148,245,255,255,255,255,255,255,255,255,
0,0,0,0,0,0,0,0,0,0,0,0,0,0,1,1,1,1,1,2,2,3,3,4,5,5,6,7,8,9,10,11,12,13,14,16,17,18,20,22,23,24,26,28,31,35,42,53,70,93,125,214,254,255,255,255,255,255,255,255,
0,0,0,0,0,0,0,0,0,0,0,0,0,0,1,1,1,1,1,2,2,3,3,4,5,5,6,6,8,9,10,11,12,13,14,16,17,18,20,22,23,24,25,26,30,34,40,49,63,83,109,164,249,254,255,255,255,255,255,255,
0,0,0,0,0,0,0,0,0,0,0,0,0,0,1,1,1,1,1,1,2,2,3,4,4,5,6,6,8,9,9,10,12,13,14,15,16,18,19,22,22,23,25,26,29,32,37,45,57,73,96,126,210,254,255,255,255,255,255,255,
0,0,0,0,0,0,0,0,0,0,0,0,0,0,1,1,1,1,1,1,2,2,3,4,4,5,6,6,8,8,9,10,12,13,13,15,16,17,19,21,22,23,25,26,28,30,34,41,50,64,83,107,147,236,254,255,255,255,255,255,
0,0,0,0,0,0,0,0,0,0,0,0,0,0,1,1,1,1,1,1,2,2,3,3,4,5,6,6,7,8,9,10,11,12,13,14,16,17,18,20,22,22,24,25,28,29,32,37,44,55,71,91,115,166,244,254,255,255,255,255,
0,0,0,0,0,0,0,0,0,0,0,0,0,0,0,1,1,1,1,1,2,2,3,3,4,5,6,6,65,142,152,70,11,12,13,14,15,17,18,19,21,22,23,24,27,29,31,34,40,48,60,76,96,119,173,243,254,255,255,255,
0,0,0,0,0,0,0,0,0,0,0,0,0,0,0,1,1,1,1,1,1,2,3,3,4,5,16,170,254,255,255,254,141,11,13,13,15,16,18,19,20,22,23,24,26,28,29,32,36,42,51,63,79,98,121,166,235,254,255,255,
0,0,0,0,0,0,0,0,0,0,0,0,0,0,0,1,1,1,1,1,1,2,2,3,4,4,174,254,255,255,255,255,254,79,12,14,15,16,17,18,20,21,22,24,25,26,28,30,33,37,43,53,64,79,97,117,149,210,249,254,
0,0,0,0,0,0,0,0,0,0,0,0,0,0,0,1,1,1,1,1,1,2,2,3,3,21,254,255,255,255,255,255,255,196,12,13,14,16,17,18,19,21,22,24,25,26,27,29,31,34,38,44,53,64,77,92,110,130,165,212,
0,0,0,0,0,0,0,0,0,0,0,0,0,0,0,0,1,1,1,1,1,1,2,2,3,57,254,255,255,255,255,255,255,252,22,13,14,15,16,17,18,20,21,22,24,25,26,28,29,31,34,38,44,52,62,74,85,99,113,127,
0,0,0,0,0,0,0,0,0,0,0,0,0,0,0,0,1,1,1,1,1,1,2,2,3,20,190,252,255,255,255,255,255,254,76,12,13,15,16,17,18,19,21,22,23,24,25,27,29,29,31,34,38,42,49,58,67,77,87,96,
0,0,0,0,0,0,0,0,0,0,0,0,0,0,0,0,1,1,1,1,1,1,2,2,3,4,15,136,254,255,255,255,255,255,119,12,12,14,15,16,17,18,19,21,22,23,24,25,27,28,29,31,34,37,41,46,52,59,66,73,
0,0,0,0,0,0,0,0,0,0,0,0,0,0,0,0,1,1,1,1,1,1,1,2,2,3,4,6,158,254,244,255,255,255,147,11,12,13,15,16,16,17,19,20,22,22,23,24,25,27,29,29,31,33,35,38,42,47,52,56,
0,0,0,0,0,0,0,0,0,0,0,0,0,0,0,0,1,1,1,1,1,1,1,2,2,3,4,4,72,254,233,255,255,255,177,11,11,12,13,15,15,16,18,19,20,22,22,23,24,26,27,28,29,30,32,33,36,38,42,44,
0,0,0,0,0,0,0,0,0,1,1,1,1,1,1,1,1,1,1,1,1,1,1,2,2,3,3,5,140,254,255,255,255,255,219,10,11,12,13,13,15,16,17,18,19,21,22,22,24,25,25,26,28,29,29,31,32,34,36,37,
0,0,0,0,0,0,1,1,1,1,1,1,1,1,1,1,1,1,1,1,1,1,1,1,2,2,3,27,252,255,255,255,255,255,252,22,10,11,12,13,13,15,16,17,18,19,21,22,22,23,24,25,26,27,28,29,29,31,32,32,
0,0,0,0,1,1,1,1,1,1,1,1,1,1,1,1,1,1,1,1,1,1,1,1,2,2,3,86,254,255,255,255,255,255,254,67,10,10,11,12,13,14,16,16,17,18,19,21,22,22,23,24,25,26,26,27,29,29,29,30,
0,0,0,1,1,1,1,1,1,1,1,1,1,1,1,1,1,1,1,1,1,1,1,1,1,2,3,156,255,255,255,255,255,255,255,103,9,10,11,11,12,13,14,15,16,17,18,19,20,22,22,23,23,24,25,25,27,28,29,29,
0,0,0,1,1,1,1,1,1,1,1,1,1,1,1,1,1,1,1,1,1,1,1,1,1,2,3,234,255,255,255,255,255,255,255,127,8,9,10,11,12,12,13,14,15,16,17,18,19,20,21,22,22,23,24,24,25,26,27,27,
0,0,1,1,1,1,1,1,1,1,1,1,1,1,1,1,1,1,1,1,1,1,1,1,1,1,3,245,255,255,255,255,255,255,255,138,8,9,9,10,11,12,13,13,14,15,16,17,18,19,19,21,21,22,22,23,24,25,25,25,
0,1,1,1,1,1,1,1,1,1,1,1,1,1,1,1,1,1,1,1,1,1,1,1,1,1,1,188,255,255,255,255,255,255,255,157,6,8,9,10,10,11,12,12,13,14,15,16,17,17,18,19,20,21,22,22,22,23,23,24,
0,1,1,1,1,1,1,1,1,1,1,1,1,1,1,1,1,1,1,1,1,1,1,1,1,1,1,123,255,255,255,255,255,255,255,187,7,7,8,9,9,10,11,12,12,13,14,15,15,16,17,18,18,19,20,21,21,22,22,22,
1,1,1,1,1,1,1,1,1,1,1,1,1,1,1,1,1,1,1,1,1,1,1,1,1,1,1,88,255,255,255,255,255,255,255,209,6,6,7,8,9,9,10,11,12,12,13,13,15,15,16,17,17,18,18,19,20,21,22,22,
1,1,1,1,1,1,1,1,1,1,1,1,1,1,1,1,1,1,1,1,1,1,1,1,1,1,1,113,254,255,255,255,255,255,255,224,5,6,6,7,8,9,9,10,11,11,12,13,13,14,15,15,16,16,17,17,18,19,19,20,
1,1,1,1,1,1,1,1,1,1,1,1,1,1,1,1,1,1,1,1,1,1,1,1,1,1,1,148,255,255,255,255,255,255,255,229,5,6,6,7,8,8,9,9,10,10,11,12,12,13,13,14,15,15,16,16,17,17,18,18,
1,1,1,1,1,1,1,1,1,1,2,2,2,1,1,1,1,1,1,1,1,1,1,1,1,1,0,182,255,255,255,255,255,255,255,229,4,5,5,6,6,7,8,8,9,10,10,11,11,12,13,13,13,14,14,15,16,16,17,17,
1,1,1,1,1,1,1,1,1,2,2,2,2,1,1,1,1,1,1,1,1,1,1,1,1,1,1,220,255,255,255,255,255,255,255,229,4,4,5,5,6,6,7,8,8,9,9,10,10,11,12,12,13,13,13,13,14,15,15,15,
1,1,1,1,1,1,1,1,1,2,1,1,1,1,1,1,1,1,1,1,1,1,1,1,1,1,10,252,255,255,255,255,255,255,255,213,3,4,4,5,5,6,6,7,7,8,8,9,9,10,10,11,11,12,12,12,13,13,14,14,
1,1,1,1,1,1,1,1,1,1,1,1,1,1,1,1,1,1,1,1,1,1,1,1,0,0,69,254,255,255,255,255,255,255,255,210,3,4,4,4,5,5,6,6,6,7,8,8,9,9,10,10,11,11,11,11,12,12,13,13,
1,1,1,1,1,1,1,1,1,1,1,1,1,1,1,1,1,1,1,1,1,1,1,1,0,0,172,254,255,255,255,255,255,255,255,210,2,3,4,4,4,4,5,6,6,6,6,7,8,8,9,9,9,10,10,10,11,11,12,12,
0,1,1,1,1,1,1,1,1,1,1,1,1,1,1,1,1,1,1,1,1,1,1,0,0,0,99,247,255,255,255,255,255,255,255,210,2,2,3,3,4,4,5,5,5,6,6,6,6,7,8,8,9,9,9,9,10,10,11,11,
0,0,1,1,1,1,1,1,1,1,1,1,1,1,1,1,1,1,1,1,1,1,0,0,0,0,0,174,254,255,255,255,255,255,255,210,1,2,2,3,3,3,4,4,5,5,5,6,6,6,6,7,8,8,8,8,9,9,10,9,
0,0,1,1,1,1,1,1,1,1,1,1,1,1,1,1,1,1,1,1,1,0,0,0,0,0,0,194,254,255,255,255,255,255,255,210,2,2,2,2,3,3,3,4,4,4,5,5,6,6,6,6,6,6,7,8,8,8,9,9,
0,0,1,1,1,1,1,1,1,1,1,1,1,1,1,1,1,1,1,1,1,0,0,0,0,0,0,209,255,255,255,255,255,255,255,233,1,1,1,2,2,2,3,3,3,4,4,4,5,5,5,6,6,6,6,6,7,7,8,8,
0,0,0,0,1,1,1,1,1,1,1,1,1,1,1,1,1,1,1,0,0,0,0,0,0,0,0,232,255,255,255,255,255,255,255,254,31,1,1,1,2,2,2,3,3,3,4,4,4,4,5,5,5,6,6,6,6,6,6,6,
0,0,0,0,1,1,1,1,1,1,1,1,1,1,1,1,1,1,0,0,0,0,0,0,0,0,2,249,255,255,255,255,255,255,255,254,81,1,1,1,1,1,2,2,2,3,3,3,4,4,4,4,4,5,5,5,6,6,6,6,
0,0,0,0,0,0,1,1,1,1,1,1,1,1,1,1,1,0,0,0,0,0,0,0,0,0,18,254,255,255,255,255,255,255,255,255,131,1,1,1,1,1,1,2,2,2,2,3,3,3,4,4,4,4,5,5,5,5,5,5,
0,0,0,0,0,0,0,0,1,1,1,1,1,1,0,0,0,0,0,0,0,0,0,0,0,0,43,254,255,255,255,255,255,255,255,255,190,0,1,1,1,1,1,1,2,2,2,2,2,3,3,3,4,4,4,4,4,4,5,5,
