0,0,0,0,0,0,0,0,0,0,0,0,0,0,0,0,0,0,0,1,1,1,1,1,2,2,3,3,4,5,6,6,7,8,9,10,11,12,13,15,16,17,18,20,22,23,24,26,28,29,30,32,35,36,37,39,41,43,45,48,
0,0,0,0,0,0,0,0,0,0,0,0,0,0,0,0,0,0,0,1,1,1,1,1,2,2,3,3,4,5,6,6,7,8,9,10,11,12,13,15,16,17,18,21,22,23,24,26,28,29,30,32,35,36,37,39,40,42,44,46,
0,0,0,0,0,0,0,0,0,0,0,0,0,0,0,0,0,0,0,1,1,1,1,1,1,2,3,3,4,5,5,6,6,8,8,10,11,12,13,14,16,17,18,19,22,22,24,25,28,29,30,31,33,35,36,38,39,42,43,44,
0,0,0,0,0,0,0,0,0,0,0,0,0,0,0,0,0,0,0,1,1,1,1,1,1,2,3,3,4,5,5,6,6,8,8,10,11,12,13,14,16,17,18,19,21,22,24,25,27,29,30,31,33,35,36,38,39,42,43,43,
0,0,0,0,0,0,0,0,0,0,0,0,0,0,0,0,0,0,0,1,1,1,1,1,1,2,2,3,4,4,5,6,6,7,8,9,10,11,12,13,15,16,17,19,21,22,23,24,26,28,29,30,32,34,36,37,39,40,42,43,
0,0,0,0,0,0,0,0,0,0,0,0,0,0,0,0,0,0,0,1,1,1,1,1,1,2,2,3,4,4,5,6,6,7,8,9,10,11,12,13,14,16,17,18,21,22,23,24,25,28,29,30,31,33,36,36,38,39,41,43,
0,0,0,0,0,0,0,0,0,0,0,0,0,0,0,0,0,0,0,1,1,1,1,1,1,2,2,3,3,4,5,5,6,6,8,9,10,11,12,13,14,16,17,18,20,22,22,23,25,26,29,29,31,32,35,36,37,38,40,41,
0,0,0,0,0,0,0,0,0,0,0,0,0,0,0,0,0,0,0,0,1,1,1,1,1,1,2,3,3,4,5,5,6,6,7,9,10,11,11,12,13,15,16,18,19,21,22,23,24,26,28,29,30,32,33,36,36,37,39,40,
0,0,0,0,0,0,0,0,0,0,0,0,0,0,0,0,0,0,0,0,1,1,1,1,1,1,2,3,3,4,4,5,6,6,7,8,9,10,11,12,13,14,16,17,18,20,22,22,24,25,27,28,29,31,32,34,35,37,38,39,
0,0,0,0,0,0,0,0,0,0,0,0,0,0,0,0,0,0,0,0,0,1,1,1,1,1,2,2,10,89,161,201,187,122,18,8,9,10,11,12,13,14,15,17,18,19,21,22,23,24,26,28,29,29,31,32,34,36,37,38,
0,0,0,0,0,0,0,0,0,0,0,0,0,0,0,0,0,0,0,0,0,1,1,1,1,1,1,79,226,254,255,255,255,255,210,40,9,10,10,11,13,13,15,16,17,18,20,22,22,24,25,26,28,29,30,32,33,35,36,36,
0,0,0,0,0,0,0,0,0,0,0,0,0,0,0,0,0,0,0,0,0,1,1,1,1,1,81,251,255,255,255,255,255,255,255,209,11,9,10,11,12,13,14,16,17,18,19,21,22,23,24,26,28,29,29,30,32,33,35,36,
0,0,0,0,0,0,0,0,0,0,0,0,0,0,0,0,0,0,0,0,0,1,1,1,1,2,218,255,255,255,255,255,255,255,255,255,82,9,10,11,12,13,13,15,16,17,18,19,22,22,23,25,26,28,29,29,31,32,33,34,
0,0,0,0,0,0,0,0,0,0,0,0,0,0,0,0,0,0,0,0,0,0,1,1,1,55,254,255,255,255,255,255,255,255,255,255,181,9,9,10,11,12,13,14,16,17,18,19,20,22,22,24,25,26,28,29,30,31,32,32,
0,0,0,0,0,0,0,0,0,0,0,0,0,0,0,0,0,0,0,0,0,0,1,1,1,81,254,255,255,255,255,255,255,255,255,255,239,9,9,10,11,12,12,14,15,16,17,18,20,21,22,23,24,25,26,28,29,30,31,31,
0,0,0,0,0,0,0,0,0,0,0,0,0,0,0,0,0,0,0,0,0,0,0,1,1,2,194,253,255,255,255,255,255,255,255,255,254,30,9,10,11,11,12,13,14,15,16,17,18,20,22,22,23,24,25,27,28,29,29,30,
0,0,0,0,0,0,0,0,0,0,0,0,0,0,0,0,0,0,0,0,0,0,0,1,1,1,25,131,254,255,255,255,255,255,255,255,255,52,9,9,10,11,12,12,13,14,15,16,17,19,20,22,22,23,24,25,26,28,29,29,
0,0,0,0,0,0,0,0,0,0,0,0,0,0,0,0,0,0,0,0,0,0,0,0,1,1,1,74,252,255,255,255,255,255,255,255,254,69,9,9,10,10,11,12,12,13,14,16,17,18,19,20,22,22,23,24,25,26,27,28,
0,0,0,0,0,0,0,0,0,0,0,0,0,0,0,0,0,0,0,0,0,0,0,0,1,1,1,1,135,255,255,255,255,255,255,255,254,80,8,8,9,9,10,11,12,13,13,15,16,17,18,19,20,21,22,23,24,25,25,26,
0,0,0,0,0,0,0,0,0,0,0,0,0,0,0,0,0,0,0,0,0,0,0,0,1,1,1,1,3,197,255,255,255,255,255,255,255,83,7,8,8,9,9,10,11,12,13,13,15,16,17,18,19,20,22,22,23,23,24,25,
0,0,0,0,0,0,0,0,0,0,0,0,0,0,0,0,0,0,0,0,0,0,0,0,0,1,1,1,2,181,253,254,255,255,255,255,255,96,6,6,7,8,9,9,10,11,12,13,14,15,16,17,18,18,19,21,22,22,23,24,
0,0,0,0,0,0,0,0,0,0,0,0,0,0,0,0,0,0,0,0,0,0,0,0,0,1,1,1,32,234,255,255,255,255,255,255,254,112,6,6,6,8,8,9,10,11,11,12,13,14,15,16,17,17,18,20,21,22,22,23,
0,0,0,0,0,0,0,0,0,0,0,0,0,0,0,0,0,0,0,0,0,0,0,0,0,0,1,48,229,255,255,255,255,255,255,255,255,145,5,5,6,6,7,8,9,10,11,11,12,13,13,15,15,16,17,18,19,20,21,22,
0,0,0,0,0,0,0,0,1,1,1,0,1,0,0,0,0,0,0,0,0,0,0,0,0,0,0,66,254,255,255,255,255,255,255,255,255,178,5,5,6,6,7,8,9,9,10,10,12,12,13,13,14,15,16,17,18,19,19,20,
0,0,0,0,1,1,1,1,1,1,1,1,1,1,0,0,0,0,0,0,0,0,0,0,0,0,0,151,255,255,255,255,255,255,255,255,255,210,4,4,5,6,6,7,8,9,9,10,10,11,12,12,13,14,15,16,17,17,18,18,
0,0,0,1,1,1,1,1,1,1,1,1,1,1,1,1,0,0,0,0,0,0,0,0,0,0,5,249,255,255,255,255,255,255,255,255,255,245,5,4,5,5,6,6,8,8,9,10,10,11,11,12,13,13,14,15,16,16,17,17,
0,1,1,1,1,1,1,1,1,1,1,1,1,1,1,1,1,0,0,0,0,0,0,0,0,0,79,254,255,255,255,255,255,255,255,255,255,254,30,4,4,5,6,6,6,7,8,8,9,10,10,11,11,12,13,13,15,15,16,16,
1,1,1,1,1,1,1,1,1,1,1,1,1,1,1,1,1,0,0,0,0,0,0,0,0,0,164,255,255,255,255,255,255,255,255,255,255,254,51,4,4,4,5,6,6,6,8,8,8,9,10,10,11,12,12,13,13,13,14,15,
1,1,1,1,1,1,1,1,1,1,1,1,1,1,1,1,1,1,1,0,0,0,0,0,0,0,191,255,255,255,255,255,255,255,255,255,255,254,63,3,3,4,4,5,5,6,6,6,8,8,9,9,10,10,11,12,12,13,13,14,
1,1,1,1,1,1,1,1,1,1,1,1,1,1,1,1,1,1,1,0,0,0,0,0,0,0,165,255,255,255,255,255,255,255,255,255,255,254,80,2,3,3,4,4,5,6,6,6,6,7,8,8,9,10,10,11,11,12,12,13,
1,1,1,1,1,1,1,1,1,1,1,1,1,1,1,1,1,1,1,1,0,0,0,0,0,0,108,254,255,255,255,255,255,255,255,255,255,255,73,2,3,3,3,4,4,5,5,6,6,6,7,7,8,9,9,10,10,11,11,11,
1,1,1,1,1,1,1,1,1,1,1,1,1,1,1,1,1,1,1,1,0,0,0,0,0,0,44,254,255,255,255,255,255,255,255,255,255,255,100,2,2,2,3,3,4,4,5,5,6,6,6,6,7,8,9,9,9,10,10,10,
1,1,1,1,1,1,1,1,1,1,1,1,1,1,1,1,1,1,1,1,0,0,0,0,0,0,3,249,255,255,255,255,255,255,255,255,255,255,121,1,2,2,2,3,3,4,4,5,5,5,6,6,6,7,8,8,8,9,9,9,
1,1,1,1,1,1,1,1,1,1,1,1,1,1,1,1,1,1,1,1,0,0,0,0,0,0,0,226,255,255,255,255,255,255,255,255,255,255,147,1,1,1,2,2,3,3,4,4,4,5,5,5,6,6,6,7,8,8,8,9,
1,1,1,1,1,1,1,1,2,1,1,1,1,1,1,1,1,1,1,1,1,0,0,0,0,0,0,208,255,255,255,255,255,255,255,255,255,255,161,1,1,1,2,2,2,3,3,3,4,4,4,5,5,6,6,6,6,7,8,7,
1,1,1,1,1,1,1,2,2,1,1,1,1,1,1,1,1,1,1,1,1,0,0,0,0,0,0,193,255,255,255,255,255,255,255,255,255,255,175,1,1,1,1,1,1,2,2,3,3,3,4,4,5,5,5,6,6,6,6,6,
1,1,1,1,1,2,2,2,2,1,1,1,1,1,1,1,1,1,1,1,1,0,0,0,0,0,0,194,255,255,255,255,255,255,255,255,255,255,182,1,1,1,1,1,1,1,2,2,2,3,3,3,4,4,5,5,5,5,6,6,
1,1,1,1,1,1,1,1,1,1,1,1,1,1,1,1,1,1,1,1,0,0,0,0,0,0,0,235,255,255,255,255,255,255,255,255,255,255,182,1,1,1,1,1,1,1,2,2,2,2,3,3,3,4,4,4,4,5,5,5,
1,1,1,1,1,1,1,1,1,1,1,1,1,1,1,1,1,1,1,1,0,0,0,0,0,0,16,254,255,255,255,255,255,255,255,255,255,255,182,1,1,1,1,1,1,1,1,1,2,2,2,2,3,3,3,3,4,4,4,4,
1,1,1,1,1,1,1,1,1,1,1,1,1,1,1,1,1,1,1,1,0,0,0,0,0,0,68,254,255,255,255,255,255,255,255,255,255,255,182,0,0,1,1,1,1,1,1,1,1,1,2,2,2,2,3,3,3,3,4,4,
1,1,1,1,1,1,1,1,1,1,1,1,1,1,1,1,1,1,1,0,0,0,0,0,0,0,128,255,255,255,255,255,255,255,255,255,255,255,173,0,0,0,1,1,1,1,1,1,1,1,1,1,1,2,2,2,3,3,3,3,
1,1,1,1,1,1,1,1,1,1,1,1,1,1,1,1,1,1,0,0,0,0,0,0,0,11,226,255,255,255,255,255,255,255,255,255,255,255,157,0,0,0,0,1,1,1,1,1,1,1,1,1,1,1,2,2,2,2,3,3,
1,1,1,1,1,1,1,1,1,1,1,1,1,1,1,1,1,1,0,0,0,0,0,0,0,123,255,255,255,255,255,255,255,255,255,255,255,255,146,0,0,0,0,0,0,1,1,1,1,1,1,1,1,1,1,1,2,2,2,2,
1,1,1,1,1,1,1,1,1,1,1,1,1,1,1,1,1,1,0,0,0,0,0,0,18,240,255,255,255,255,255,255,255,255,255,255,255,255,142,0,0,0,0,0,0,0,1,1,1,1,1,1,1,1,1,1,1,1,1,2,
0,1,1,1,1,1,1,1,1,1,1,1,1,1,1,1,0,0,0,0,0,0,0,0,27,214,255,255,255,255,255,255,255,255,255,255,255,255,135,0,0,0,0,0,0,0,0,1,1,1,1,1,1,1,1,1,1,1,1,1,
