0,0,0,0,0,0,0,0,0,0,0,0,0,0,0,0,0,0,0,0,0,0,0,0,0,0,1,1,1,1,1,1,1,1,1,2,3,3,4,5,6,6,6,8,9,10,11,12,13,14,15,17,18,20,22,22,24,25,26,28,
0,0,0,0,0,0,0,0,0,0,0,0,0,0,0,0,0,0,0,0,0,0,0,0,0,0,1,1,1,1,1,1,1,1,1,2,3,3,4,5,6,6,6,8,9,10,11,12,13,15,15,17,18,19,21,22,23,24,25,27,
0,0,0,0,0,0,0,0,0,0,0,0,0,0,0,0,0,0,0,0,0,0,0,0,0,0,0,0,1,1,1,1,1,1,1,2,3,3,4,4,5,6,6,8,8,9,10,11,12,13,15,16,17,18,20,22,22,24,25,26,
0,0,0,0,0,0,0,0,0,0,0,0,0,0,0,0,0,0,0,0,0,0,0,0,0,0,0,0,1,1,1,1,1,1,1,2,2,3,4,4,5,5,6,7,8,9,10,11,12,13,14,16,16,18,19,21,22,23,24,25,
0,0,0,0,0,0,0,0,0,0,0,0,0,0,0,0,0,0,0,0,0,0,0,0,0,0,0,0,0,1,1,1,1,1,1,1,2,3,3,4,5,5,6,6,8,8,9,11,11,12,13,15,16,17,18,20,22,22,23,24,
0,0,0,0,0,0,0,0,0,0,0,0,0,0,0,0,0,0,0,0,0,0,0,0,0,0,0,0,0,0,1,1,1,1,1,1,2,3,3,4,4,5,6,6,8,8,9,10,11,12,13,14,16,17,18,19,21,22,23,24,
0,0,0,0,0,0,0,0,0,0,0,0,0,0,0,0,0,0,0,0,0,0,0,0,0,0,0,0,0,0,35,102,152,182,182,154,86,8,3,3,4,5,5,6,7,8,9,9,10,11,13,13,15,16,17,18,19,21,22,23,
0,0,0,0,0,0,0,0,0,0,0,0,0,0,0,0,0,0,0,0,0,0,0,0,0,0,0,0,70,199,254,255,255,255,255,255,255,217,49,4,4,5,5,6,6,7,8,9,10,11,12,13,13,15,16,17,18,20,22,22,
0,0,0,0,0,0,0,0,0,0,0,0,0,0,0,0,0,0,0,0,0,0,0,0,0,0,0,114,253,255,255,255,255,255,255,255,255,255,233,39,4,4,5,6,6,7,8,9,9,10,11,12,13,14,15,16,18,18,21,22,
0,0,0,0,0,0,0,0,0,0,0,0,0,0,0,0,0,0,0,0,0,0,0,0,0,0,59,252,255,255,255,255,255,255,255,255,255,255,255,234,29,4,5,5,6,6,7,8,9,10,11,12,13,13,15,15,17,18,19,20,
0,0,0,0,0,0,0,0,0,0,0,0,0,0,0,0,0,0,0,0,0,0,0,0,0,1,204,255,255,255,255,255,255,255,255,255,255,255,255,255,167,4,4,5,5,6,7,8,9,9,10,11,12,12,13,15,16,17,18,19,
0,0,0,0,0,0,0,0,0,0,0,0,0,0,0,0,0,0,0,0,0,0,0,0,0,66,254,255,255,255,255,255,255,255,255,255,255,255,255,255,242,11,4,4,5,5,6,8,8,9,9,10,11,12,13,13,15,16,17,18,
0,0,0,0,0,0,0,0,0,0,0,0,0,0,0,0,0,0,0,0,0,0,0,0,0,140,254,255,255,255,255,255,255,255,255,255,255,255,255,255,254,64,4,4,5,5,6,6,8,8,9,10,10,11,12,13,14,15,16,17,
0,0,0,0,0,0,0,0,0,0,0,0,0,0,0,0,0,0,0,0,0,0,0,0,0,81,253,255,255,255,255,255,255,255,255,255,255,255,255,255,255,124,4,4,4,5,6,6,6,7,8,9,10,11,12,12,13,14,15,16,
0,0,0,0,0,0,0,0,0,0,0,0,0,0,0,0,0,0,0,0,0,0,0,0,0,17,186,253,254,255,255,255,255,255,255,255,255,255,255,255,255,157,3,3,4,4,5,6,6,6,8,9,9,10,11,12,12,13,14,15,
0,0,0,0,0,0,0,0,0,0,0,0,0,0,0,0,0,0,0,0,0,0,0,0,0,0,58,154,235,255,255,255,255,255,255,255,255,255,255,255,255,182,3,3,4,4,5,5,6,6,7,8,9,9,10,11,12,12,13,14,
0,0,0,0,0,0,0,0,0,0,0,0,0,0,0,0,0,0,0,0,0,0,0,0,0,0,0,54,244,255,255,255,255,255,255,255,255,255,255,255,255,208,3,3,3,4,4,5,5,6,6,7,8,8,9,10,11,12,12,13,
0,0,0,0,0,0,0,0,0,0,0,0,0,0,0,0,0,0,0,0,0,0,0,0,0,0,0,60,242,255,255,255,255,255,255,255,255,255,255,255,255,212,2,2,3,3,4,4,5,5,6,6,7,8,9,9,10,11,12,12,
0,0,0,0,0,0,0,0,0,0,0,0,0,0,0,0,0,0,0,0,0,0,0,0,0,0,0,0,146,254,255,255,255,255,255,255,255,255,255,255,255,211,1,2,2,3,3,4,4,5,5,6,6,7,8,9,9,10,11,11,
0,0,0,0,0,0,0,0,0,0,0,0,0,0,0,0,0,0,0,0,0,0,0,0,0,0,0,0,20,225,255,255,255,255,255,255,255,255,255,255,255,211,1,2,2,2,3,3,4,4,5,6,6,6,7,8,9,9,10,10,
0,0,0,0,0,0,0,0,0,0,0,0,0,0,0,0,0,0,0,0,0,0,0,0,0,0,0,0,0,72,205,255,255,255,255,255,255,255,255,255,255,209,1,1,1,2,2,3,3,4,4,5,6,6,6,7,8,8,9,9,
0,0,0,0,0,0,0,0,0,0,0,0,0,0,0,0,0,0,0,0,0,0,0,0,0,0,0,0,0,0,174,255,255,255,255,255,255,255,255,255,255,187,1,1,1,2,2,2,3,3,4,4,5,6,6,6,7,8,8,9,
0,0,0,0,0,0,0,0,0,0,0,0,0,0,0,0,0,0,0,0,0,0,0,0,0,0,0,0,0,0,197,255,255,255,255,255,255,255,255,255,255,174,1,1,1,1,2,2,2,3,3,4,4,5,5,6,6,6,7,8,
0,0,0,0,0,0,0,0,0,0,0,0,0,0,0,0,0,0,0,0,0,0,0,0,0,0,0,0,2,125,244,255,255,255,255,255,255,255,255,255,255,155,1,1,1,1,1,2,2,3,3,4,4,4,5,5,6,6,6,7,
0,0,0,0,0,0,0,0,0,0,0,0,0,0,0,0,0,0,0,0,0,0,0,0,0,0,0,7,159,254,255,255,255,255,255,255,255,255,255,255,255,136,1,1,1,1,1,1,2,2,2,3,3,4,4,4,5,5,6,6,
0,0,0,0,0,0,0,0,0,0,0,0,0,0,0,0,0,0,0,0,0,0,0,0,0,0,0,60,249,255,255,255,255,255,255,255,255,255,255,255,255,161,1,1,1,1,1,1,1,2,2,2,3,3,4,4,4,5,6,6,
0,0,0,0,0,0,0,0,0,0,0,0,0,0,0,0,0,0,0,0,0,0,0,0,0,0,0,55,251,255,255,255,255,255,255,255,255,255,255,255,255,183,1,1,1,1,1,1,1,1,1,2,2,3,3,3,4,4,5,5,
1,1,1,1,1,1,1,1,0,0,0,0,0,0,0,0,0,0,0,0,0,0,0,0,0,0,39,235,255,255,255,255,255,255,255,255,255,255,255,255,255,209,1,1,1,1,1,1,1,1,1,2,2,2,3,3,3,4,4,4,
1,1,1,1,1,1,1,1,1,1,0,0,0,0,0,0,0,0,0,0,0,0,0,0,0,0,73,254,255,255,255,255,255,255,255,255,255,255,255,255,255,231,0,0,0,0,1,1,1,1,1,1,1,2,2,2,3,3,3,4,
1,1,1,1,1,1,1,1,1,1,1,0,0,0,0,0,0,0,0,0,0,0,0,0,0,0,195,255,255,255,255,255,255,255,255,255,255,255,255,255,255,250,3,0,0,0,1,1,1,1,1,1,1,1,2,2,2,2,3,3,
1,1,1,1,1,1,1,1,1,1,1,1,1,0,0,0,0,0,0,0,0,0,0,0,0,19,236,255,255,255,255,255,255,255,255,255,255,255,255,255,255,254,21,0,0,0,0,0,1,1,1,1,1,1,1,1,2,2,2,2,
1,1,1,1,1,1,1,1,1,1,1,1,1,1,0,0,0,0,0,0,0,0,0,0,0,130,255,255,255,255,255,255,255,255,255,255,255,255,255,255,255,255,47,0,0,0,0,0,1,1,1,1,1,1,1,1,1,2,2,2,
1,1,1,1,1,1,1,1,1,1,1,1,1,1,0,0,0,0,0,0,0,0,0,0,0,218,255,255,255,255,255,255,255,255,255,255,255,255,255,255,255,254,66,0,0,0,0,0,0,0,1,1,1,1,1,1,1,1,1,2,
1,1,1,1,1,1,1,1,1,1,1,1,1,1,1,0,0,0,0,0,0,0,0,0,0,248,255,255,255,255,255,255,255,255,255,255,255,255,255,255,255,255,75,0,0,0,0,0,0,0,0,1,1,1,1,1,1,1,1,1,
1,1,1,1,1,1,1,1,1,1,1,1,1,1,1,0,0,0,0,0,0,0,0,0,0,239,255,255,255,255,255,255,255,255,255,255,255,255,255,255,255,254,81,0,0,0,0,0,0,0,0,0,0,0,1,1,1,1,1,1,
1,1,1,1,1,1,1,1,1,1,1,1,1,1,1,0,0,0,0,0,0,0,0,0,0,200,255,255,255,255,255,255,255,255,255,255,255,255,255,255,255,255,97,0,0,0,0,0,0,0,0,0,0,0,1,1,1,1,1,1,
1,1,1,1,1,1,1,1,1,1,1,1,1,1,1,1,0,0,0,0,0,0,0,0,0,132,255,255,255,255,255,255,255,255,255,255,255,255,255,255,255,255,98,0,0,0,0,0,0,0,0,0,0,0,0,0,1,1,1,1,
1,1,1,1,1,1,1,1,1,1,1,1,1,1,1,1,0,0,0,0,0,0,0,0,0,56,254,255,255,255,255,255,255,255,255,255,255,255,255,255,255,255,81,0,0,0,0,0,0,0,0,0,0,0,0,0,0,1,1,1,
1,1,1,2,2,2,1,1,1,1,1,1,1,1,1,1,0,0,0,0,0,0,0,0,0,3,241,255,255,255,255,255,255,255,255,255,255,255,255,255,255,255,91,0,0,0,0,0,0,0,0,0,0,0,0,0,0,0,0,0,
1,1,2,2,2,1,1,1,1,1,1,1,1,1,1,1,0,0,0,0,0,0,0,0,0,0,197,255,255,255,255,255,255,255,255,255,255,255,255,255,255,255,105,0,0,0,0,0,0,0,0,0,0,0,0,0,0,0,0,0,
2,2,2,1,1,1,1,1,1,1,1,1,1,1,1,1,0,0,0,0,0,0,0,0,0,0,169,255,255,255,255,255,255,255,255,255,255,255,255,255,255,255,119,0,0,0,0,0,0,0,0,0,0,0,0,0,0,0,0,0,
2,2,1,1,1,1,1,1,1,1,1,1,1,1,1,1,0,0,0,0,0,0,0,0,0,0,160,255,255,255,255,255,255,255,255,255,255,255,255,255,255,255,136,0,0,0,0,0,0,0,0,0,0,0,0,0,0,0,0,0,
1,1,1,1,1,1,1,1,1,1,1,1,1,1,1,1,0,0,0,0,0,0,0,0,0,0,150,255,255,255,255,255,255,255,255,255,255,255,255,255,255,255,148,0,0,0,0,0,0,0,0,0,0,0,0,0,0,0,0,0,
1,1,1,1,1,1,1,1,1,1,1,1,1,1,1,1,0,0,0,0,0,0,0,0,0,0,142,255,255,255,255,255,255,255,255,255,255,255,255,255,255,255,166,0,0,0,0,0,0,0,0,0,0,0,0,0,0,0,0,0,
1,1,1,1,1,1,1,1,1,1,1,1,1,1,1,0,0,0,0,0,0,0,0,0,0,0,130,255,255,255,255,255,255,255,255,255,255,255,255,255,255,255,166,0,0,0,0,0,0,0,0,0,0,0,0,0,0,0,0,0,
