0,0,0,0,0,0,0,0,0,0,0,0,0,0,0,0,0,0,0,0,0,0,0,0,0,0,0,0,1,1,1,1,1,1,1,2,2,3,3,4,5,5,6,6,8,9,10,11,12,13,14,15,16,17,19,21,22,23,24,26,
0,0,0,0,0,0,0,0,0,0,0,0,0,0,0,0,0,0,0,0,0,0,0,0,0,0,0,0,1,1,1,1,1,1,1,2,2,3,3,4,5,5,6,6,8,9,10,11,12,13,14,15,16,17,19,21,22,23,24,25,
0,0,0,0,0,0,0,0,0,0,0,0,0,0,0,0,0,0,0,0,0,0,0,0,0,0,0,0,0,0,1,1,1,1,1,1,2,2,3,4,4,5,6,6,7,8,9,10,11,12,13,14,15,17,18,19,21,22,23,24,
0,0,0,0,0,0,0,0,0,0,0,0,0,0,0,0,0,0,0,0,0,0,0,0,0,0,0,0,0,0,1,1,1,1,1,1,2,2,3,3,4,5,5,6,7,8,9,10,10,12,12,13,15,16,17,18,20,22,23,23,
0,0,0,0,0,0,0,0,0,0,0,0,0,0,0,0,0,0,0,0,0,0,0,0,0,0,0,0,0,0,0,1,1,1,1,1,1,2,3,3,4,4,5,6,6,8,8,9,10,11,12,13,14,15,17,18,19,21,22,23,
0,0,0,0,0,0,0,0,0,0,0,0,0,0,0,0,0,0,0,0,0,0,0,0,0,0,0,0,0,0,0,1,1,1,1,1,1,2,2,3,4,4,5,5,6,7,8,9,10,10,12,12,14,15,16,17,18,20,22,22,
0,0,0,0,0,0,0,0,0,0,0,0,0,0,0,0,0,0,0,0,0,0,0,0,0,0,0,0,0,6,72,138,187,219,225,192,129,29,2,3,3,4,4,5,6,6,7,8,9,10,11,12,13,14,15,16,17,19,21,22,
0,0,0,0,0,0,0,0,0,0,0,0,0,0,0,0,0,0,0,0,0,0,0,0,0,0,0,2,112,229,254,255,255,255,255,255,255,242,81,3,3,4,4,5,5,6,7,8,9,9,11,12,12,13,14,16,17,18,19,20,
0,0,0,0,0,0,0,0,0,0,0,0,0,0,0,0,0,0,0,0,0,0,0,0,0,0,0,159,254,255,255,255,255,255,255,255,255,255,249,77,3,4,4,5,5,6,6,7,8,9,10,11,12,13,13,14,16,17,18,19,
0,0,0,0,0,0,0,0,0,0,0,0,0,0,0,0,0,0,0,0,0,0,0,0,0,0,96,254,255,255,255,255,255,255,255,255,255,255,255,250,63,3,4,4,5,5,6,7,8,9,9,11,11,12,13,14,15,16,17,18,
0,0,0,0,0,0,0,0,0,0,0,0,0,0,0,0,0,0,0,0,0,0,0,0,0,7,226,255,255,255,255,255,255,255,255,255,255,255,255,255,209,3,3,4,4,5,6,7,8,8,9,10,11,12,12,13,14,15,16,17,
0,0,0,0,0,0,0,0,0,0,0,0,0,0,0,0,0,0,0,0,0,0,0,0,0,93,254,255,255,255,255,255,255,255,255,255,255,255,255,255,254,43,2,3,4,5,5,6,7,7,9,9,10,11,12,13,13,14,16,16,
0,0,0,0,0,0,0,0,0,0,0,0,0,0,0,0,0,0,0,0,0,0,0,0,0,171,254,255,255,255,255,255,255,255,255,255,255,255,255,255,255,110,2,3,4,4,5,6,6,7,8,9,9,10,11,12,13,13,14,15,
0,0,0,0,0,0,0,0,0,0,0,0,0,0,0,0,0,0,0,0,0,0,0,0,0,108,253,255,255,255,255,255,255,255,255,255,255,255,255,255,255,165,3,3,4,4,5,5,6,6,6,8,9,10,11,11,12,13,13,15,
0,0,0,0,0,0,0,0,0,0,0,0,0,0,0,0,0,0,0,0,0,0,0,0,0,39,206,254,255,255,255,255,255,255,255,255,255,255,255,255,255,208,2,3,4,4,4,5,5,6,6,7,8,9,10,10,11,12,13,13,
0,0,0,0,0,0,0,0,0,0,0,0,0,0,0,0,0,0,0,0,0,0,0,0,0,0,81,185,235,255,255,255,255,255,255,255,255,255,255,255,255,233,3,2,3,4,4,4,5,6,6,6,8,8,9,10,10,11,12,13,
0,0,0,0,0,0,0,0,0,0,0,0,0,0,0,0,0,0,0,0,0,0,0,0,0,0,0,52,246,255,255,255,255,255,255,255,255,255,255,255,255,250,4,2,2,3,3,4,5,5,6,6,6,8,8,9,9,10,11,12,
0,0,0,0,0,0,0,0,0,0,0,0,0,0,0,0,0,0,0,0,0,0,0,0,0,0,0,78,248,255,255,255,255,255,255,255,255,255,255,255,255,254,7,2,2,3,3,4,4,5,5,6,6,6,8,8,9,9,10,11,
0,0,0,0,0,0,0,0,0,0,0,0,0,0,0,0,0,0,0,0,0,0,0,0,0,0,0,0,168,254,255,255,255,255,255,255,255,255,255,255,255,252,5,1,1,2,3,3,4,4,5,5,6,6,6,8,8,9,9,10,
0,0,0,0,0,0,0,0,0,0,0,0,0,0,0,0,0,0,0,0,0,0,0,0,0,0,0,0,29,234,255,255,255,255,255,255,255,255,255,255,255,252,4,1,1,1,2,2,3,4,4,5,5,6,6,6,8,8,9,9,
0,0,0,0,0,0,0,0,0,0,0,0,0,0,0,0,0,0,0,0,0,0,0,0,0,0,0,0,0,90,229,255,255,255,255,255,255,255,255,255,255,252,3,1,1,1,2,2,3,3,4,4,5,5,6,6,6,7,8,8,
0,0,0,0,0,0,0,0,0,0,0,0,0,0,0,0,0,0,0,0,0,0,0,0,0,0,0,0,0,0,195,255,255,255,255,255,255,255,255,255,255,243,1,1,1,1,2,2,2,3,3,4,4,5,6,6,6,6,7,8,
0,0,0,0,0,0,0,0,0,0,0,0,0,0,0,0,0,0,0,0,0,0,0,0,0,0,0,0,0,0,218,255,255,255,255,255,255,255,255,255,255,229,1,1,1,1,1,1,2,2,3,3,4,4,5,5,6,6,6,7,
0,0,0,0,0,0,0,0,0,0,0,0,0,0,0,0,0,0,0,0,0,0,0,0,0,0,0,0,0,85,248,255,255,255,255,255,255,255,255,255,255,213,0,1,1,1,1,1,2,2,2,3,3,4,4,5,5,6,6,6,
0,0,0,0,0,0,0,0,0,0,0,0,0,0,0,0,0,0,0,0,0,0,0,0,0,0,0,0,117,254,255,255,255,255,255,255,255,255,255,255,255,194,0,1,1,1,1,1,1,1,2,2,3,3,4,4,4,5,5,6,
0,0,0,0,0,0,0,0,0,0,0,0,0,0,0,0,0,0,0,0,0,0,0,0,0,0,0,36,249,255,255,255,255,255,255,255,255,255,255,255,255,203,1,1,1,1,1,1,1,1,2,2,2,3,3,4,4,4,5,5,
0,0,0,0,0,0,0,0,0,0,0,0,0,0,0,0,0,0,0,0,0,0,0,0,0,0,0,25,246,255,255,255,255,255,255,255,255,255,255,255,255,228,0,0,0,1,1,1,1,1,1,1,2,2,2,3,3,4,4,4,
1,1,1,1,1,1,1,0,0,0,0,0,0,0,0,0,0,0,0,0,0,0,0,0,0,0,27,201,255,255,255,255,255,255,255,255,255,255,255,255,255,246,1,0,0,1,1,1,1,1,1,1,2,2,2,2,3,3,4,4,
1,1,1,1,1,1,1,1,1,1,0,0,0,0,0,0,0,0,0,0,0,0,0,0,0,0,66,254,255,255,255,255,255,255,255,255,255,255,255,255,255,254,14,0,0,0,0,1,1,1,1,1,1,1,1,2,2,2,3,3,
1,1,1,1,1,1,1,1,1,1,1,0,0,0,0,0,0,0,0,0,0,0,0,0,0,0,179,255,255,255,255,255,255,255,255,255,255,255,255,255,255,254,39,0,0,0,0,0,1,1,1,1,1,1,1,1,2,2,3,3,
1,1,1,1,1,1,1,1,1,1,1,1,1,0,0,0,0,0,0,0,0,0,0,0,0,5,228,255,255,255,255,255,255,255,255,255,255,255,255,255,255,254,59,0,0,0,0,0,0,1,1,1,1,1,1,1,1,1,2,2,
1,1,1,1,1,1,1,1,1,1,1,1,1,1,0,0,0,0,0,0,0,0,0,0,0,103,254,255,255,255,255,255,255,255,255,255,255,255,255,255,255,254,85,0,0,0,0,0,0,0,1,1,1,1,1,1,1,1,1,2,
1,1,1,1,1,1,1,1,1,1,1,1,1,1,0,0,0,0,0,0,0,0,0,0,0,205,255,255,255,255,255,255,255,255,255,255,255,255,255,255,255,255,105,0,0,0,0,0,0,0,0,0,1,1,1,1,1,1,1,1,
1,1,1,1,1,1,1,1,1,1,1,1,1,1,1,0,0,0,0,0,0,0,0,0,5,250,255,255,255,255,255,255,255,255,255,255,255,255,255,255,255,255,115,0,0,0,0,0,0,0,0,0,0,1,1,1,1,1,1,1,
1,1,1,1,1,1,1,1,1,1,1,1,1,1,1,1,0,0,0,0,0,0,0,0,4,251,255,255,255,255,255,255,255,255,255,255,255,255,255,255,255,255,118,0,0,0,0,0,0,0,0,0,0,0,0,1,1,1,1,1,
1,1,1,1,1,1,1,1,1,1,1,1,1,1,1,1,0,0,0,0,0,0,0,0,0,219,255,255,255,255,255,255,255,255,255,255,255,255,255,255,255,255,120,0,0,0,0,0,0,0,0,0,0,0,0,0,1,1,1,1,
1,1,1,1,1,1,1,1,1,1,1,1,1,1,1,1,0,0,0,0,0,0,0,0,0,159,255,255,255,255,255,255,255,255,255,255,255,255,255,255,255,255,127,0,0,0,0,0,0,0,0,0,0,0,0,0,0,0,1,1,
1,1,1,1,1,1,1,1,1,1,1,1,1,1,1,1,0,0,0,0,0,0,0,0,0,83,254,255,255,255,255,255,255,255,255,255,255,255,255,255,255,255,131,0,0,0,0,0,0,0,0,0,0,0,0,0,0,0,1,1,
1,1,1,2,2,1,1,1,1,1,1,1,1,1,1,1,0,0,0,0,0,0,0,0,0,11,249,255,255,255,255,255,255,255,255,255,255,255,255,255,255,255,135,0,0,0,0,0,0,0,0,0,0,0,0,0,0,0,0,0,
1,1,2,2,2,1,1,1,1,1,1,1,1,1,1,1,0,0,0,0,0,0,0,0,0,0,204,255,255,255,255,255,255,255,255,255,255,255,255,255,255,255,141,0,0,0,0,0,0,0,0,0,0,0,0,0,0,0,0,0,
2,2,2,1,1,1,1,1,1,1,1,1,1,1,1,1,0,0,0,0,0,0,0,0,0,0,168,255,255,255,255,255,255,255,255,255,255,255,255,255,255,255,163,0,0,0,0,0,0,0,0,0,0,0,0,0,0,0,0,0,
2,2,1,1,1,1,1,1,1,1,1,1,1,1,1,1,0,0,0,0,0,0,0,0,0,0,156,255,255,255,255,255,255,255,255,255,255,255,255,255,255,255,171,0,0,0,0,0,0,0,0,0,0,0,0,0,0,0,0,0,
1,1,1,1,1,1,1,1,1,1,1,1,1,1,1,1,0,0,0,0,0,0,0,0,0,0,144,255,255,255,255,255,255,255,255,255,255,255,255,255,255,255,197,0,0,0,0,0,0,0,0,0,0,0,0,0,0,0,0,0,
1,1,1,1,1,1,1,1,1,1,1,1,1,1,1,1,0,0,0,0,0,0,0,0,0,0,142,255,255,255,255,255,255,255,255,255,255,255,255,255,255,255,197,0,0,0,0,0,0,0,0,0,0,0,0,0,0,0,0,0,
1,1,1,1,1,1,1,1,1,1,1,1,1,1,1,0,0,0,0,0,0,0,0,0,0,0,132,255,255,255,255,255,255,255,255,255,255,255,255,255,255,255,197,0,0,0,0,0,0,0,0,0,0,0,0,0,0,0,0,0,
