0,0,0,0,0,0,0,0,0,0,0,0,0,0,0,0,0,0,0,1,2,2,3,4,4,5,6,7,9,9,11,12,13,14,16,17,19,21,22,24,26,28,29,31,33,35,37,38,40,43,44,46,48,50,52,53,54,55,58,60,
0,0,0,0,0,0,0,0,0,0,0,0,0,0,0,0,0,0,0,0,2,2,3,4,4,5,6,7,8,9,10,11,13,13,16,17,19,21,22,23,25,28,29,30,32,34,36,37,39,41,43,45,47,49,50,52,54,55,57,58,
0,0,0,0,0,0,0,0,0,0,0,0,0,0,0,0,0,0,0,1,2,2,3,3,4,5,6,6,8,9,10,11,12,13,15,16,18,19,22,23,24,26,28,29,31,33,35,36,38,40,42,44,45,47,49,50,52,54,56,56,
0,0,0,0,0,0,0,0,0,0,0,0,0,0,0,0,0,0,1,1,2,2,2,3,4,5,6,6,8,9,10,11,12,13,15,16,17,19,22,22,23,25,28,29,30,32,33,36,37,39,41,43,44,46,48,49,50,52,54,55,
0,0,0,0,0,0,0,0,0,0,0,0,0,0,0,0,0,1,1,1,1,2,2,3,4,5,5,6,7,8,9,10,12,13,13,15,17,18,20,22,23,24,26,28,29,31,32,35,36,37,39,42,43,44,46,48,50,50,52,53,
0,0,0,0,0,0,0,0,0,0,0,0,0,0,0,0,1,1,1,1,1,2,2,3,3,5,5,6,6,8,9,10,11,12,13,15,16,18,19,21,22,23,25,27,29,30,32,33,36,36,38,40,42,43,44,46,48,49,50,51,
0,0,0,0,0,0,0,0,0,0,0,0,0,0,0,0,0,1,1,1,1,1,2,2,3,4,5,23,34,22,13,10,11,12,13,14,16,17,18,20,22,23,24,26,28,29,30,32,34,35,37,38,40,42,43,44,46,47,48,50,
0,0,0,0,0,0,0,0,0,0,0,0,0,0,0,0,0,1,1,1,1,1,2,2,23,122,212,250,247,238,228,199,150,96,43,15,15,16,18,19,21,22,23,25,27,29,29,30,33,34,36,37,38,40,42,43,44,45,46,47,
0,0,0,0,0,0,0,0,0,0,0,0,0,0,0,0,0,0,1,1,1,1,18,138,242,254,255,255,255,255,255,254,254,254,241,188,89,23,17,18,20,21,22,24,25,27,29,30,31,33,34,36,37,38,39,41,42,43,44,45,
0,0,0,0,0,0,0,0,0,0,0,0,0,0,0,0,0,0,1,1,1,94,233,254,255,255,255,255,255,255,255,255,255,255,255,254,212,50,16,17,19,20,22,23,24,25,28,29,30,31,33,35,36,37,38,39,41,42,43,43,
0,0,0,0,0,0,0,0,0,0,0,0,0,0,0,0,0,0,1,16,176,254,255,255,255,255,255,255,255,255,255,255,255,255,255,254,209,49,16,17,18,19,22,22,23,24,26,28,29,30,31,33,34,35,36,37,38,40,41,42,
0,0,0,0,0,0,0,0,0,0,0,0,0,0,0,0,0,0,31,215,254,255,255,255,255,255,255,255,255,255,255,255,255,255,255,255,253,158,28,16,17,18,21,22,22,23,25,25,28,29,30,32,32,34,36,36,37,38,38,39,
0,0,0,0,0,0,0,0,0,0,0,0,0,0,0,0,0,30,223,255,255,255,255,255,255,255,255,255,255,255,255,255,255,255,255,255,255,203,32,15,16,17,19,20,21,22,23,25,26,28,29,30,31,32,33,35,36,36,37,38,
0,0,0,0,0,0,0,0,0,0,0,0,0,0,0,0,10,209,254,255,255,255,255,255,255,255,255,255,255,255,255,255,255,255,255,255,255,222,53,15,15,16,17,19,20,22,22,23,25,26,28,29,29,30,31,33,34,35,36,36,
0,0,0,0,0,0,0,0,0,0,0,0,0,0,0,0,143,254,255,255,255,255,255,255,255,255,255,255,255,255,255,255,255,255,255,255,253,186,23,13,14,15,16,18,19,20,22,22,24,25,26,27,29,29,29,31,32,33,33,34,
0,0,0,0,0,0,0,0,0,0,0,0,0,0,0,37,251,255,255,255,255,255,255,255,255,255,255,255,255,255,255,255,255,255,255,254,209,47,13,13,13,14,15,16,17,19,21,22,22,23,24,25,26,28,29,29,30,31,31,32,
0,0,0,0,0,0,0,0,0,0,0,0,0,0,0,137,255,255,255,255,255,255,255,255,255,255,255,255,255,255,255,255,255,255,255,254,230,142,132,63,13,13,15,16,16,17,19,20,21,22,23,24,25,26,27,28,29,29,29,30,
0,0,0,0,0,0,0,0,0,0,0,0,0,0,0,215,255,255,255,255,255,255,255,255,255,255,255,255,255,255,255,255,255,255,255,255,255,254,253,88,13,13,13,14,16,17,17,19,20,21,22,22,23,24,25,26,26,28,29,29,
0,0,0,0,0,0,0,0,0,0,0,0,0,0,12,253,255,255,255,255,255,255,255,255,255,255,255,255,255,255,255,255,255,255,255,255,255,255,249,106,12,12,12,13,14,15,16,17,18,19,20,21,22,22,23,24,25,25,27,27,
0,0,0,0,0,0,0,0,0,0,0,0,0,0,30,254,255,255,255,255,255,255,255,255,255,255,255,255,255,255,255,255,255,255,255,255,255,255,255,218,24,10,12,12,13,14,15,16,17,18,18,19,21,22,22,23,23,24,24,25,
36,1,0,0,0,0,0,0,0,0,0,0,0,0,18,254,255,255,255,255,255,255,255,255,255,255,255,255,255,255,255,255,255,255,255,255,255,255,255,164,9,10,10,11,12,12,13,15,16,16,17,18,18,19,21,22,22,22,23,23,
58,0,0,0,0,0,0,0,0,0,0,0,0,0,63,254,255,255,255,255,255,255,255,255,255,255,255,255,255,255,255,255,255,255,255,255,255,255,255,211,61,10,10,10,11,12,13,13,14,15,16,16,17,18,19,19,21,21,22,22,
57,0,0,0,0,0,0,0,0,0,0,0,0,0,121,254,255,255,255,255,255,255,255,255,255,255,255,255,255,255,255,255,255,255,255,255,255,255,255,252,83,9,9,9,10,11,11,12,13,13,14,15,15,17,17,18,19,19,20,20,
50,0,0,0,0,0,0,0,0,0,0,0,0,0,177,255,255,255,255,255,255,255,255,255,255,255,255,255,255,255,255,255,255,255,255,255,255,255,255,254,110,8,8,9,9,10,11,11,12,13,13,13,14,15,16,16,17,17,18,18,
47,0,0,0,0,0,0,0,0,0,0,0,0,0,210,255,255,255,255,255,255,255,255,255,255,255,255,255,255,255,255,255,255,255,255,255,255,255,254,248,94,7,7,8,8,9,10,10,11,12,12,13,13,13,14,15,16,16,17,17,
45,0,0,0,0,0,0,0,0,0,0,0,0,0,234,255,255,255,255,255,255,255,255,255,255,255,255,255,255,255,255,255,255,255,255,255,255,246,122,30,6,6,6,7,8,8,9,9,10,10,11,12,12,13,13,13,14,15,15,15,
45,0,0,0,0,0,0,0,0,0,1,1,1,0,237,255,255,255,255,255,255,255,255,255,255,255,255,255,255,255,255,255,255,255,255,255,255,118,4,4,4,5,5,6,6,7,8,8,9,9,10,10,11,11,12,12,13,13,13,13,
61,0,0,0,0,0,1,1,1,1,1,1,1,1,237,255,255,255,255,255,255,255,255,255,255,255,255,255,255,255,255,255,255,255,255,255,246,47,3,3,4,4,5,5,6,6,6,8,8,8,9,10,10,10,11,11,12,12,13,13,
73,7,0,0,1,1,1,1,1,1,1,1,1,1,237,255,255,255,255,255,255,255,255,255,255,255,255,255,255,255,255,255,255,255,255,255,249,123,6,3,3,4,4,4,5,5,6,6,7,7,8,8,9,9,9,10,10,11,11,11,
72,49,0,0,1,1,1,1,1,1,1,1,1,1,228,255,255,255,255,255,255,255,255,255,255,255,255,255,255,255,255,255,255,255,255,255,242,73,6,2,3,3,4,4,5,5,5,6,6,6,7,8,8,8,9,9,9,10,10,10,
76,79,43,2,0,1,1,1,1,1,1,1,0,5,214,255,255,255,255,255,255,255,255,255,255,255,255,255,255,255,255,255,255,255,255,255,239,51,2,2,2,2,3,3,4,4,5,5,5,6,6,6,6,7,8,8,8,9,9,9,
66,79,91,80,49,20,11,13,16,16,36,77,128,183,245,255,255,255,255,255,255,255,255,255,255,255,255,255,255,255,255,255,255,255,255,255,254,205,87,14,1,2,2,3,3,4,4,5,5,5,5,6,6,6,6,7,7,8,8,8,
147,71,72,93,100,115,123,126,131,152,171,175,185,213,250,255,255,255,255,255,255,255,255,255,255,255,255,255,255,255,255,255,255,255,255,255,255,254,250,211,159,132,118,96,17,3,3,3,4,4,4,5,5,5,5,6,6,6,6,7,
254,175,151,176,93,107,114,119,130,156,184,223,246,254,253,255,255,255,255,255,255,255,255,255,255,255,255,255,255,255,255,255,255,255,255,255,255,255,255,255,255,255,255,249,170,11,3,3,3,3,4,4,4,5,5,5,5,6,6,6,
255,213,179,228,171,178,188,196,212,235,250,250,236,236,253,255,255,255,255,255,255,255,255,255,255,255,255,255,255,255,255,255,255,255,255,255,255,255,255,255,255,255,255,235,63,2,2,2,2,2,3,3,3,4,4,4,4,5,5,5,
255,240,187,213,220,215,230,243,251,239,213,211,240,254,255,255,255,255,255,255,255,255,255,255,255,255,255,255,255,255,255,255,255,255,255,255,255,255,255,255,255,255,255,250,157,17,2,2,2,2,2,2,2,3,3,3,4,4,4,4,
241,254,224,217,252,254,235,209,185,195,237,254,255,235,221,255,255,255,255,255,255,255,255,255,255,255,255,255,255,255,255,255,255,255,255,255,255,255,255,255,255,255,255,255,250,144,6,1,1,2,2,2,2,2,3,3,3,3,3,3,
229,255,254,246,235,204,182,180,226,254,255,236,152,116,208,255,255,255,255,255,255,255,255,255,255,255,255,255,255,255,255,255,255,255,255,255,255,255,255,255,255,255,255,255,254,238,72,1,1,1,1,1,2,2,2,2,2,2,3,3,
107,247,253,245,242,247,254,255,255,243,188,131,152,186,235,255,255,255,255,255,255,255,255,255,255,255,255,255,255,255,255,255,255,255,255,255,255,255,255,255,255,255,255,255,255,254,193,22,1,1,1,1,1,1,1,2,2,2,2,2,
238,252,255,255,255,254,253,239,207,168,165,163,166,211,251,255,255,255,255,255,255,255,255,255,255,255,255,255,255,255,255,255,255,255,255,255,255,255,255,255,255,255,255,255,255,255,250,134,3,1,1,1,1,1,1,1,1,1,2,2,
255,254,243,254,255,227,204,222,194,167,183,206,232,253,240,255,255,255,255,255,255,255,255,255,255,255,255,255,255,255,255,255,255,255,255,255,255,255,255,255,255,255,255,255,255,255,254,235,66,1,1,1,1,1,1,1,1,1,1,1,
28,7,2,88,224,254,254,254,254,254,251,203,125,41,177,255,255,255,255,255,255,255,255,255,255,255,255,255,255,255,255,255,255,255,255,255,255,255,255,255,255,255,255,255,255,255,255,254,195,20,1,1,1,1,1,1,1,1,1,1,
1,1,1,1,9,76,103,127,139,90,21,1,1,0,206,255,255,255,255,255,255,255,255,255,255,255,255,255,255,255,255,255,255,255,255,255,255,255,255,255,255,255,255,255,255,255,255,255,251,130,2,0,0,1,1,1,1,1,1,1,
1,1,1,1,1,1,1,1,1,1,1,1,1,1,237,255,255,255,255,255,255,255,255,255,255,255,255,255,255,255,255,255,255,255,255,255,255,255,255,255,255,255,255,255,255,255,255,255,254,235,62,0,0,0,0,0,0,1,1,1,
1,1,1,1,1,1,1,1,1,1,1,1,0,61,253,255,255,255,255,255,255,255,255,255,255,255,255,255,255,255,255,255,255,255,255,255,255,255,255,255,255,255,255,255,255,255,255,255,255,254,194,16,0,0,0,0,0,0,0,0,
