0,0,0,0,0,0,0,0,0,0,0,0,1,1,1,3,4,5,6,9,10,12,13,16,18,22,24,27,29,32,36,39,43,46,51,54,58,62,67,71,75,80,85,90,94,99,104,109,114,119,123,129,134,139,144,150,155,160,165,170,
0,0,0,0,0,0,0,0,0,0,0,0,1,1,1,3,4,5,6,8,10,12,13,16,19,22,24,26,29,32,35,38,43,46,50,53,58,61,66,71,75,79,85,89,93,98,104,108,113,118,123,128,133,137,143,148,153,158,162,167,
0,0,0,0,0,0,0,0,0,0,0,0,1,1,1,2,3,5,6,8,10,12,13,16,19,22,23,25,29,31,35,38,42,45,49,52,56,60,65,69,73,77,83,88,93,97,102,107,111,116,121,125,131,135,140,145,150,154,159,163,
0,0,0,0,0,0,0,0,0,0,0,0,1,1,1,2,3,5,6,8,9,11,13,15,18,21,23,25,28,31,34,37,42,45,49,52,56,59,64,68,72,77,81,87,90,95,100,105,110,114,119,123,128,133,138,143,147,151,154,158,
0,0,0,0,0,0,0,0,0,0,0,0,1,1,1,2,3,5,6,7,9,11,12,15,17,21,22,25,27,30,33,36,41,44,47,51,55,58,62,67,71,75,81,85,89,94,98,103,107,112,116,121,126,130,135,139,144,147,151,155,
0,0,0,0,0,0,0,0,0,0,0,0,1,1,1,2,3,4,6,7,8,10,12,14,17,20,22,24,27,29,32,35,40,43,46,50,53,57,61,65,70,74,79,83,87,92,95,100,105,109,114,118,123,127,132,136,139,143,146,150,
0,0,0,0,0,0,0,0,0,0,0,0,1,1,1,1,2,4,5,6,8,10,12,13,16,18,21,24,26,29,32,35,38,42,44,48,52,56,59,64,68,72,77,81,86,89,94,98,103,107,111,115,120,124,128,131,135,139,142,144,
0,0,0,0,0,0,0,0,0,0,0,0,0,1,1,1,2,3,5,6,8,9,11,12,15,18,21,23,26,28,31,34,37,40,43,47,51,54,59,63,67,71,75,80,84,88,91,95,100,103,108,112,116,121,124,127,131,134,137,141,
0,0,0,0,0,0,0,0,0,0,0,0,0,1,1,1,2,3,4,5,7,9,11,12,14,17,20,22,28,37,30,33,36,39,42,46,49,53,57,61,65,69,73,77,81,86,89,93,97,101,105,109,113,118,120,124,128,130,133,136,
0,0,0,0,0,0,0,0,0,0,0,0,0,1,1,1,1,2,4,5,6,8,10,12,14,16,19,24,202,180,28,31,35,38,41,45,48,52,55,59,63,67,71,75,79,83,87,90,94,98,102,106,110,113,117,121,123,126,128,131,
0,0,0,0,0,0,0,0,0,0,0,0,0,1,1,1,1,2,3,5,6,8,9,12,13,16,18,60,254,239,41,30,33,36,41,120,97,50,53,57,62,65,69,72,76,80,84,88,91,94,99,103,106,110,113,116,119,122,124,126,
0,0,0,0,0,0,0,0,0,0,0,0,0,0,1,1,1,2,3,4,6,7,9,11,13,14,17,71,255,253,72,29,32,36,168,254,108,49,52,55,59,62,66,70,74,77,81,85,88,92,95,99,102,105,109,111,114,117,119,121,
0,0,0,0,0,0,0,0,0,0,0,0,0,0,1,1,1,1,2,4,5,7,8,10,12,14,16,70,255,254,85,28,31,137,255,231,49,47,50,53,57,60,65,67,71,74,78,82,85,88,92,95,98,101,105,108,110,112,114,116,
0,0,0,0,0,0,0,0,0,0,0,0,0,0,1,1,1,1,2,3,5,6,8,9,11,13,15,71,254,254,75,26,58,248,255,130,41,44,48,50,54,58,62,65,68,72,75,79,82,85,88,91,95,97,101,103,106,108,109,111,
0,0,0,0,0,0,0,0,0,0,0,0,0,0,0,1,1,1,2,2,4,5,7,9,11,12,13,79,254,255,70,25,174,255,233,46,40,43,47,49,53,56,60,63,66,69,72,76,79,82,85,88,91,94,96,99,101,103,105,106,
0,0,0,0,0,0,0,0,0,0,0,0,0,0,0,1,1,1,1,3,4,5,6,8,10,12,13,86,254,255,69,64,252,255,140,36,38,43,120,162,51,53,56,59,63,66,69,72,75,78,81,84,87,89,92,94,96,99,100,102,
0,0,0,0,0,0,0,0,0,0,0,0,0,0,0,0,1,1,1,2,3,5,6,8,9,11,12,99,254,254,83,184,255,246,52,34,61,205,254,160,48,51,53,57,60,63,66,69,72,75,77,80,83,86,88,90,92,94,96,97,
0,0,0,0,0,0,0,0,0,0,0,0,0,0,0,0,1,1,1,2,3,4,5,7,9,15,12,129,255,254,143,253,255,176,29,70,226,255,209,51,45,48,51,53,57,60,63,66,68,71,73,76,79,81,84,86,88,89,91,93,
0,0,0,0,0,0,0,0,0,0,0,0,0,0,0,0,0,1,1,1,2,3,5,6,96,240,149,160,255,255,245,255,254,93,69,236,255,211,54,41,43,45,48,51,53,56,59,62,65,68,70,72,75,78,79,81,84,86,86,88,
0,0,0,0,0,0,0,0,0,0,0,0,0,0,0,0,0,1,1,1,2,3,4,5,186,255,252,233,255,255,255,255,238,61,236,255,207,46,36,38,40,43,45,48,51,53,56,59,61,64,66,68,71,73,75,77,80,81,83,84,
0,0,0,0,0,0,0,0,0,0,0,0,0,0,0,0,0,0,1,1,1,2,3,4,139,255,255,255,255,255,255,255,210,226,255,242,56,31,35,81,112,88,43,46,48,51,53,55,58,60,62,65,67,70,71,73,75,77,78,79,
0,0,0,0,0,0,0,0,0,0,0,0,0,0,0,0,0,0,1,1,1,2,3,3,71,255,255,255,255,255,255,255,254,254,254,123,82,164,238,254,249,114,41,43,45,47,50,52,54,57,59,61,64,66,67,69,71,73,74,74,
0,0,0,0,0,0,0,0,0,0,0,0,0,0,0,0,0,0,0,1,1,1,2,3,6,228,255,255,255,255,255,255,255,255,249,222,254,254,252,187,70,35,38,40,43,45,47,50,51,54,55,57,59,61,63,65,67,69,70,70,
0,0,0,0,0,0,0,0,0,0,1,1,1,1,0,0,0,0,0,1,1,1,1,2,3,146,255,255,255,255,255,255,255,255,255,255,248,155,55,29,31,32,35,37,40,42,44,46,48,50,52,54,56,58,59,61,62,64,65,66,
0,0,0,0,0,0,0,1,1,1,1,2,2,2,2,1,1,0,1,1,1,1,1,2,2,103,255,255,255,255,255,255,255,255,254,186,52,23,24,27,29,30,32,35,37,39,41,43,45,47,48,50,52,54,55,57,58,59,60,62,
0,0,0,0,0,0,1,1,2,2,2,2,2,2,2,2,2,1,1,1,1,1,1,1,2,179,255,255,255,255,255,255,255,255,232,26,20,21,22,25,27,29,30,32,34,36,37,39,42,44,45,47,49,51,52,53,54,56,57,57,
0,0,0,0,1,1,1,2,2,3,3,3,3,3,3,3,2,2,2,2,1,1,1,1,3,240,255,255,255,255,255,255,255,255,196,16,17,19,21,22,24,26,28,30,31,33,35,37,39,40,42,44,45,47,48,50,51,51,52,53,
0,0,0,1,1,2,2,2,2,3,3,3,3,3,3,3,3,3,2,2,1,1,1,1,38,255,255,255,255,255,255,255,255,255,138,14,15,17,19,21,22,24,26,27,29,31,32,33,36,38,39,41,42,44,45,46,47,48,48,49,
0,0,1,1,2,2,2,3,3,3,3,3,3,3,3,3,3,3,3,2,2,2,1,1,77,255,255,255,255,255,255,255,255,253,68,13,14,15,16,18,21,22,24,25,26,28,30,31,32,34,36,38,39,41,41,42,43,44,45,45,
0,0,1,2,2,2,3,3,3,3,3,3,3,3,3,3,3,3,3,3,2,22,10,46,177,255,255,255,255,255,255,255,255,204,13,11,12,13,14,16,18,20,22,23,24,26,27,28,30,31,32,34,36,37,38,39,39,41,42,42,
1,1,1,2,3,3,3,3,3,3,4,4,4,4,3,3,3,3,2,1,123,250,228,246,255,255,255,255,255,255,255,255,251,68,9,9,11,12,12,14,16,18,20,21,22,24,25,26,27,29,30,31,33,33,35,36,36,37,38,39,
1,1,2,2,3,3,3,3,4,4,5,5,6,5,4,3,3,3,2,109,253,255,255,255,255,255,255,255,255,255,255,254,133,6,7,8,9,10,12,12,13,16,17,18,20,22,23,24,25,26,27,29,30,31,31,32,34,35,35,35,
1,1,2,3,3,3,3,4,5,5,6,6,6,6,5,5,3,2,73,252,255,255,255,255,255,255,255,255,255,255,254,164,6,5,5,7,8,9,10,12,12,13,14,16,18,19,20,22,23,24,25,25,26,28,29,30,30,31,32,32,
1,1,2,3,3,3,3,4,5,5,6,6,6,6,6,5,4,43,240,255,255,255,255,255,255,255,255,255,255,255,173,5,3,3,5,6,6,8,9,9,11,12,13,14,16,17,18,19,20,21,23,24,25,25,25,27,28,29,29,29,
1,2,3,3,3,3,4,5,6,6,6,6,6,6,6,5,22,218,255,255,255,255,255,255,255,255,255,255,255,255,242,77,2,3,4,5,5,6,8,8,9,10,11,12,14,15,16,17,18,19,20,21,22,22,23,24,25,25,26,26,
1,2,3,3,3,3,4,5,6,6,7,8,8,6,6,6,185,255,255,255,255,255,255,255,255,255,255,255,255,255,255,239,62,2,3,3,4,5,6,6,8,9,10,11,12,12,14,15,16,17,17,18,19,20,21,22,22,22,23,23,
1,2,3,3,3,3,4,5,5,7,8,9,7,6,5,133,254,255,255,255,255,255,255,255,255,255,255,255,255,255,255,255,224,39,2,2,3,4,5,5,6,7,8,9,10,11,12,12,13,14,15,16,17,17,18,18,20,21,21,22,
1,2,2,3,3,3,3,4,6,8,7,6,6,5,37,242,255,255,255,255,255,255,255,255,255,255,255,255,255,255,255,255,254,197,15,2,2,3,4,4,5,6,6,8,8,10,10,11,11,12,13,14,15,15,16,16,17,18,19,19,
1,1,2,3,3,3,3,4,5,6,6,6,5,32,233,255,255,255,255,255,255,255,255,255,255,255,255,255,255,255,255,255,255,254,144,2,1,2,2,3,4,5,5,6,7,7,8,9,10,11,11,12,12,13,13,14,14,15,15,16,
1,1,2,2,3,3,3,3,4,5,6,6,8,191,254,255,255,255,255,255,255,255,255,255,255,255,255,255,255,255,255,255,255,255,246,63,1,1,1,2,3,3,4,5,5,6,8,8,9,9,10,11,11,11,12,12,13,13,13,14,
0,0,2,2,3,3,3,3,3,4,4,4,122,254,255,255,255,255,255,255,255,255,255,255,255,255,255,255,255,255,255,255,255,255,254,178,2,1,1,1,2,2,3,4,4,5,5,6,7,7,8,9,9,9,10,11,11,11,12,12,
0,0,1,2,2,3,3,3,3,3,3,56,249,255,255,255,255,255,255,255,255,255,255,255,255,255,255,255,255,255,255,255,255,255,255,208,6,1,1,1,1,1,2,2,3,4,5,5,5,6,6,7,8,8,8,9,9,9,10,10,
0,0,1,1,2,2,3,3,3,3,14,219,255,255,255,255,255,255,255,255,255,255,255,255,255,255,255,255,255,255,255,255,255,255,254,95,0,0,0,0,1,1,1,1,2,2,3,4,4,4,5,5,6,6,6,7,7,8,8,8,
0,0,1,1,2,2,2,3,3,2,159,255,255,255,255,255,255,255,255,255,255,255,255,255,255,255,255,255,255,255,255,255,255,255,255,177,0,0,0,0,0,1,1,1,1,1,2,2,3,3,4,4,4,5,5,5,5,6,6,6,
0,0,0,1,1,1,2,2,2,92,254,255,255,255,255,255,255,255,255,255,255,255,255,255,255,255,255,255,255,255,255,255,255,255,255,212,3,0,0,0,0,1,1,1,1,1,1,1,1,2,2,3,3,3,4,4,5,5,5,5,
