0,0,0,0,0,0,0,0,0,0,0,1,2,4,5,6,8,9,12,13,15,17,20,23,26,29,31,35,38,41,45,49,52,56,61,65,71,75,79,84,89,94,98,103,108,113,118,122,128,133,139,144,149,156,161,167,172,176,180,184,
0,0,0,0,0,0,0,0,0,0,0,1,2,3,5,6,7,9,12,13,15,17,21,22,26,28,31,34,37,41,44,48,52,56,61,65,70,74,78,84,88,92,97,102,107,112,117,122,128,133,138,144,148,154,160,164,169,173,178,181,
0,0,0,0,0,0,0,0,0,0,0,1,2,3,4,6,7,9,11,12,14,17,20,22,25,28,30,34,37,41,44,48,52,56,60,65,69,73,78,83,88,92,97,101,107,111,116,122,126,131,137,141,146,152,157,162,167,171,174,177,
0,0,0,0,0,0,0,0,0,0,0,0,2,3,4,5,6,9,11,12,14,17,20,22,25,28,30,34,37,41,44,48,52,56,59,64,69,73,77,82,86,90,96,100,105,110,115,120,124,130,134,139,144,150,155,160,164,168,171,174,
0,0,0,0,0,0,0,0,0,0,0,0,1,2,4,5,6,8,10,12,13,16,20,22,24,27,29,33,36,39,43,47,51,54,58,63,68,72,76,81,86,89,94,99,104,108,113,118,122,127,132,137,142,146,151,156,161,164,167,171,
0,0,0,0,0,0,0,0,0,0,0,1,1,2,4,5,6,8,10,12,13,16,19,22,24,27,29,32,35,39,43,45,50,53,58,62,67,71,75,79,84,88,93,97,102,107,111,116,120,125,130,134,139,143,147,152,157,160,163,166,
0,0,0,0,0,0,0,0,0,0,1,1,1,2,4,5,6,8,10,12,13,15,18,21,23,26,29,32,35,38,42,45,49,53,57,60,65,69,73,78,82,87,91,95,100,105,109,114,118,123,127,132,136,139,143,148,152,155,158,160,
0,0,0,0,0,0,0,0,0,0,1,1,1,2,4,5,5,8,9,11,13,15,18,20,23,25,28,31,34,37,41,44,48,52,56,59,64,68,72,76,81,85,89,93,98,102,107,111,115,120,124,129,132,136,139,143,148,150,153,155,
0,0,0,0,0,0,0,0,0,0,1,1,1,2,4,5,6,7,9,11,12,14,17,20,22,24,28,30,33,36,40,43,47,51,54,57,62,66,71,74,79,83,87,92,96,100,104,108,113,117,121,125,129,131,136,139,143,145,148,150,
0,0,0,0,0,0,0,0,0,0,0,1,1,1,3,5,6,6,9,10,12,14,16,19,22,23,27,29,32,35,39,42,46,49,53,56,60,65,69,73,77,80,85,89,93,97,102,105,110,114,118,122,125,128,131,135,138,140,143,144,
0,0,0,0,0,0,0,0,0,0,0,1,1,1,3,4,5,6,8,10,11,13,15,18,21,25,87,34,31,34,37,41,45,48,51,54,58,63,67,71,74,79,83,87,91,95,99,102,107,111,114,118,121,124,127,130,133,136,137,139,
0,0,0,0,0,0,0,0,0,0,0,1,1,1,2,4,5,6,8,9,11,12,15,17,20,167,249,88,30,33,36,40,43,47,50,53,57,60,65,68,72,76,80,84,88,92,95,99,103,107,110,114,117,120,123,126,128,131,133,135,
0,0,0,0,0,0,0,0,0,0,0,0,1,1,2,3,4,6,7,8,11,12,14,16,18,228,254,135,29,32,35,45,145,120,48,51,55,58,63,66,70,74,78,81,86,89,92,96,100,103,107,110,114,116,119,122,123,126,129,130,
0,0,0,0,0,0,0,0,0,0,0,0,1,1,2,3,4,5,6,8,10,12,14,15,16,242,254,171,29,31,40,202,254,108,46,50,52,57,60,64,68,72,76,79,83,86,89,93,96,100,103,107,110,112,115,117,119,122,124,124,
0,0,0,0,0,0,0,0,0,0,0,0,1,1,1,2,3,5,6,7,9,11,12,15,15,247,255,174,27,30,162,255,225,47,45,48,51,55,58,62,66,70,73,76,80,84,87,90,93,96,100,103,105,108,110,112,114,117,118,119,
0,0,0,0,0,0,0,0,0,0,0,0,1,1,1,2,3,4,5,6,9,10,12,14,15,250,255,165,26,73,253,254,120,39,43,46,50,53,56,60,63,66,70,73,77,80,83,87,89,93,96,98,101,103,106,108,110,112,114,115,
0,0,0,0,0,0,0,0,0,0,0,0,0,1,1,1,3,4,5,6,8,9,11,13,18,254,255,156,25,192,255,230,42,38,41,45,47,51,54,57,60,64,67,70,74,77,79,83,86,89,91,94,96,98,101,104,105,108,109,110,
0,0,0,0,0,0,0,0,0,0,0,0,0,1,1,1,2,3,5,6,7,9,10,12,27,254,254,153,82,255,254,140,33,36,78,187,162,50,52,55,58,60,64,67,70,73,76,79,82,85,88,90,92,94,96,99,101,102,104,105,
0,0,0,0,0,0,0,0,0,0,0,0,0,0,1,1,1,3,4,5,6,8,10,12,51,254,255,162,197,255,248,56,31,130,250,250,88,47,50,52,55,58,61,64,67,70,72,75,78,81,84,86,88,90,92,95,96,98,98,99,
0,0,0,0,0,0,0,0,0,0,0,0,0,0,1,1,1,2,3,5,6,7,11,62,94,255,255,227,254,255,189,27,145,254,254,128,41,44,46,49,52,55,58,61,64,66,69,72,74,77,80,82,84,86,88,90,92,93,94,94,
0,0,0,0,0,0,0,0,0,0,0,0,0,0,1,1,1,2,3,4,5,8,186,251,228,255,255,254,255,254,107,144,254,254,131,36,39,41,44,46,49,52,54,58,60,63,66,68,71,73,75,78,80,82,84,86,87,88,89,90,
0,0,0,0,0,0,0,0,0,0,0,0,0,0,1,1,1,2,2,3,4,24,254,255,255,255,255,255,255,244,151,254,254,138,31,33,37,39,42,44,47,49,52,54,58,60,62,65,67,69,72,74,75,77,80,81,83,84,84,85,
0,0,0,0,0,0,0,0,0,0,0,0,0,1,1,1,1,2,2,3,4,5,234,255,255,255,255,255,255,247,254,255,205,32,37,99,152,169,92,42,44,46,49,52,54,56,59,61,64,66,68,70,72,73,75,77,78,79,80,80,
0,0,0,0,0,0,0,0,1,1,1,1,2,2,2,2,3,3,3,3,4,5,173,255,255,255,255,255,255,255,255,250,126,170,243,254,254,190,52,39,41,44,46,48,51,53,55,58,60,62,64,66,67,69,71,72,74,75,75,76,
0,0,0,0,0,0,1,1,1,1,2,2,2,3,3,3,3,3,3,4,4,5,93,255,255,255,255,255,255,255,255,253,254,255,253,187,94,31,33,36,38,40,44,45,48,50,52,54,56,58,60,62,64,65,67,68,69,70,71,72,
0,0,0,0,0,0,1,1,2,2,2,2,3,3,2,2,3,3,4,4,5,6,27,254,255,255,255,255,255,255,255,255,254,172,55,25,28,29,31,33,36,38,40,43,45,47,49,51,53,54,57,58,59,61,62,64,65,66,67,67,
0,0,0,0,1,1,1,2,2,3,2,2,2,2,2,2,3,2,3,4,5,5,59,254,255,255,255,255,255,255,255,245,84,20,22,23,25,27,29,31,33,36,37,39,42,44,45,47,49,51,53,54,55,57,59,60,61,62,62,63,
0,0,0,1,1,2,2,2,2,2,2,2,3,3,2,2,3,2,3,4,4,5,139,254,255,255,255,255,255,255,255,206,18,18,20,22,23,25,27,29,31,32,35,37,38,40,42,44,46,47,49,51,52,53,54,55,56,57,58,58,
0,0,0,1,2,2,2,3,3,3,3,3,2,2,2,2,3,2,3,3,3,3,200,255,255,255,255,255,255,255,254,165,15,16,18,20,22,23,25,27,29,29,31,33,36,37,39,40,43,45,46,47,49,50,51,51,52,53,54,54,
0,0,1,1,2,2,3,3,3,3,3,4,4,3,4,3,3,3,3,3,3,5,244,255,255,255,255,255,255,255,254,108,13,14,15,18,20,21,23,25,26,27,29,31,32,34,36,38,39,41,42,44,45,45,47,48,49,50,51,51,
0,1,1,2,2,3,3,3,3,3,4,5,5,5,5,5,4,4,3,2,2,37,255,255,255,255,255,255,255,255,245,41,12,13,14,15,17,19,21,23,24,25,27,29,30,31,33,34,37,38,39,40,41,42,43,44,45,45,46,46,
0,1,1,2,3,3,3,3,4,4,5,5,6,6,6,6,5,6,78,95,92,207,255,255,255,255,255,255,255,255,164,9,10,12,13,13,15,17,19,21,22,23,24,26,28,29,30,31,33,34,36,37,37,38,39,40,41,42,43,43,
1,1,2,2,3,3,3,3,4,5,6,6,6,6,6,6,5,169,254,254,254,254,255,255,255,255,255,255,255,230,30,8,9,10,11,12,13,14,17,18,19,21,23,24,25,26,28,29,31,32,32,33,35,36,37,37,38,38,39,39,
0,1,2,2,3,3,3,3,4,5,6,6,6,6,6,5,146,254,255,255,255,255,255,255,255,255,255,255,249,69,6,6,7,9,9,11,12,13,14,15,17,18,21,22,23,24,25,26,27,29,30,30,32,32,33,34,35,36,36,36,
0,1,2,2,3,3,3,3,5,6,6,6,8,9,7,111,254,255,255,255,255,255,255,255,255,255,255,252,95,4,5,5,6,7,8,9,11,12,12,13,15,16,18,19,20,22,23,24,25,26,26,27,29,30,31,31,31,32,33,33,
0,1,2,2,3,3,3,3,5,6,6,9,9,9,74,249,255,255,255,255,255,255,255,255,255,255,255,246,118,5,3,4,5,6,7,8,9,10,12,12,13,14,15,16,18,19,21,22,22,23,24,24,26,27,27,27,29,29,29,30,
0,2,2,2,3,3,3,3,5,6,7,8,7,42,235,255,255,255,255,255,255,255,255,255,255,255,255,255,244,107,4,3,4,5,5,6,7,9,9,11,12,12,13,15,16,17,18,19,20,21,22,22,24,24,24,25,26,26,27,27,
0,1,2,2,3,3,3,3,4,5,6,6,16,209,255,255,255,255,255,255,255,255,255,255,255,255,255,255,255,239,80,2,3,4,4,5,6,6,8,9,10,11,11,13,14,15,15,16,18,18,19,20,21,22,22,22,23,23,24,24,
0,1,1,1,2,3,3,3,3,4,5,5,160,255,255,255,255,255,255,255,255,255,255,255,255,255,255,255,255,254,222,44,2,2,3,4,5,5,6,8,8,10,10,11,12,12,13,14,15,16,17,18,18,18,20,19,21,21,22,22,
0,1,1,1,2,2,3,3,3,3,3,66,252,255,255,255,255,255,255,255,255,255,255,255,255,255,255,255,255,255,254,181,12,2,2,3,4,5,5,6,7,8,9,9,10,11,12,13,13,14,15,15,16,16,17,17,18,18,19,19,
0,0,1,1,2,2,3,3,3,3,48,244,255,255,255,255,255,255,255,255,255,255,255,255,255,255,255,255,255,255,255,249,100,2,1,2,3,3,4,5,6,7,7,8,9,9,10,11,11,12,12,13,14,14,14,15,15,15,16,16,
0,0,0,1,1,2,2,3,3,12,212,255,255,255,255,255,255,255,255,255,255,255,255,255,255,255,255,255,255,255,255,254,205,14,1,1,1,2,3,4,4,5,6,6,6,7,8,9,10,10,11,11,12,12,12,13,13,13,14,13,
0,0,0,1,1,1,2,2,2,145,254,255,255,255,255,255,255,255,255,255,255,255,255,255,255,255,255,255,255,255,255,255,244,50,1,1,1,1,2,2,3,4,4,5,5,6,6,7,8,8,9,9,10,11,10,11,11,12,12,12,
0,0,0,0,1,1,1,2,69,253,255,255,255,255,255,255,255,255,255,255,255,255,255,255,255,255,255,255,255,255,255,255,219,16,1,1,1,1,1,1,2,3,3,4,4,5,5,5,6,7,7,7,8,9,9,9,9,9,10,10,
0,0,0,0,0,1,1,20,226,255,255,255,255,255,255,255,255,255,255,255,255,255,255,255,255,255,255,255,255,255,255,254,211,13,0,0,1,1,1,1,1,1,2,3,3,3,3,4,5,6,6,6,7,7,7,8,8,8,8,8,
