0,0,2,3,4,6,7,9,11,13,15,17,21,24,28,32,37,42,48,55,64,73,84,94,107,120,135,150,168,206,239,251,255,255,255,255,255,255,255,255,255,255,255,255,255,255,255,255,255,255,255,255,255,255,255,255,255,255,255,255,
0,0,2,3,4,6,7,9,10,12,15,17,20,24,28,32,37,42,48,56,64,72,83,93,105,119,133,148,164,196,233,248,254,255,255,255,255,255,255,255,255,255,255,255,255,255,255,255,255,255,255,255,255,255,255,255,255,255,255,255,
0,0,2,3,4,6,7,9,10,12,15,17,21,24,28,32,36,42,48,55,63,71,81,92,104,117,131,145,160,184,226,245,253,255,255,255,255,255,255,255,255,255,255,255,255,255,255,255,255,255,255,255,255,255,255,255,255,255,255,255,
0,0,2,3,4,6,7,9,11,12,15,18,21,24,28,32,36,42,48,55,63,71,81,91,102,115,128,142,157,175,213,239,251,255,255,255,255,255,255,255,255,255,255,255,255,255,255,255,255,255,255,255,255,255,255,255,255,255,255,255,
0,0,2,3,4,6,7,9,11,13,15,18,21,24,28,31,36,41,47,54,62,70,79,88,100,113,126,139,154,170,200,232,246,253,255,255,255,255,255,255,255,255,255,255,255,255,255,255,255,255,255,255,255,255,255,255,255,255,255,255,
0,1,2,3,4,6,7,9,11,13,15,18,21,24,28,31,36,41,47,53,61,68,77,87,98,110,123,136,150,164,187,222,242,252,255,255,255,255,255,255,255,255,255,255,255,255,255,255,255,255,255,255,255,255,255,255,255,255,255,255,
1,1,2,3,4,6,7,9,11,13,15,18,21,23,28,31,35,40,45,51,59,66,75,84,95,106,118,131,146,160,178,208,234,248,254,255,255,255,255,255,255,255,255,255,255,255,255,255,255,255,255,255,255,255,255,255,255,255,255,255,
1,1,2,3,4,6,7,9,11,12,15,17,21,23,27,30,34,39,44,50,58,64,73,82,92,103,114,128,142,156,171,194,226,242,252,255,255,255,255,255,255,255,255,255,255,255,255,255,255,255,255,255,255,255,255,255,255,255,255,255,
1,1,2,3,4,6,6,9,11,12,15,17,20,23,26,30,34,38,44,49,56,63,70,79,89,99,110,123,137,150,165,181,213,234,249,254,255,255,255,255,255,255,255,255,255,255,255,255,255,255,255,255,255,255,255,255,255,255,255,255,
1,1,2,3,4,6,7,9,10,12,14,17,20,22,26,29,33,37,42,48,54,61,68,77,86,96,107,119,132,145,159,174,197,225,241,252,254,255,255,255,255,255,255,255,255,255,255,255,255,255,255,255,255,255,255,255,255,255,255,255,
1,1,2,3,4,6,6,8,10,12,14,16,19,22,25,28,32,36,41,46,53,59,65,73,82,91,103,114,127,140,153,168,185,212,232,246,254,255,255,255,255,255,255,255,255,255,255,255,255,255,255,255,255,255,255,255,255,255,255,255,
0,1,1,2,4,5,6,8,10,12,13,16,18,22,25,28,32,35,40,45,51,57,64,71,79,89,100,110,122,134,148,161,176,197,222,239,250,254,255,255,255,255,255,255,255,255,255,255,255,255,255,255,255,255,255,255,255,255,255,255,
0,1,1,2,4,5,6,8,10,12,14,16,18,22,24,27,30,35,38,43,49,55,61,68,76,85,95,106,117,128,142,154,168,183,208,228,243,252,254,255,255,255,255,255,255,255,255,255,255,255,255,255,255,255,255,255,255,255,255,255,
0,1,1,2,3,5,6,8,9,11,13,15,17,21,24,27,30,33,37,42,47,52,58,65,73,81,91,100,110,122,135,147,160,174,191,216,233,246,253,255,255,255,255,255,255,255,255,255,255,255,255,255,255,255,255,255,255,255,255,255,
0,0,1,2,3,4,5,7,9,11,12,14,17,20,22,26,28,32,36,40,45,50,57,64,70,78,86,96,105,117,129,140,152,166,180,199,222,236,248,253,255,255,255,255,255,255,255,255,255,255,255,255,255,255,255,255,255,255,255,255,
0,0,1,2,3,4,5,6,8,10,12,14,16,19,22,24,28,31,35,39,43,48,54,61,67,74,83,90,100,110,122,132,145,158,171,185,207,225,240,250,254,255,255,255,255,255,255,255,255,255,255,255,255,255,255,255,255,255,255,255,
0,0,1,1,2,3,5,6,8,10,12,14,16,18,21,23,27,30,33,37,42,47,51,58,64,71,78,86,96,104,114,125,138,150,162,175,191,212,227,241,251,254,255,255,255,255,255,255,255,255,255,255,255,255,255,255,255,255,255,255,
0,0,1,1,2,3,5,6,8,9,11,13,15,18,21,23,26,29,32,36,41,44,49,55,61,68,75,82,91,99,108,120,130,142,154,167,179,194,214,230,243,250,254,255,255,255,255,255,255,255,255,255,255,255,255,255,255,255,255,255,
0,0,1,1,2,3,4,5,7,9,11,12,15,17,21,23,26,29,32,35,39,44,47,52,58,64,70,78,85,93,102,112,123,134,146,158,169,181,197,216,229,243,251,254,255,255,255,255,255,255,255,255,255,255,255,255,255,255,255,255,
0,0,1,1,1,3,4,5,6,9,11,13,15,18,21,23,27,29,33,35,39,43,46,51,56,61,67,73,80,88,96,106,115,126,137,148,159,170,182,197,216,230,241,250,254,255,255,255,255,255,255,255,255,255,255,255,255,255,255,255,
0,0,1,1,1,2,4,5,6,8,18,14,16,18,22,23,26,29,31,35,38,41,45,49,54,58,63,69,76,83,90,100,108,118,128,138,150,159,170,182,197,215,228,241,249,254,255,255,255,255,255,255,255,255,255,255,255,255,255,255,
0,0,1,1,1,2,3,5,7,104,197,53,17,18,21,23,25,30,31,33,36,39,44,47,52,56,61,66,71,78,85,94,101,110,119,129,139,149,159,170,181,196,214,227,238,248,252,254,255,255,255,255,255,255,255,255,255,255,255,255,
0,0,0,1,0,2,3,5,63,254,245,93,16,17,20,57,190,89,29,32,35,37,41,45,49,53,58,63,68,73,79,87,95,102,110,119,129,139,148,159,169,180,192,210,223,235,245,251,254,255,255,255,255,255,255,255,255,255,255,255,
0,0,0,1,0,1,3,4,117,254,252,119,15,16,63,236,240,49,28,30,33,36,39,43,46,51,55,59,64,68,74,80,87,95,103,111,120,128,137,147,157,167,177,189,205,220,231,241,249,253,254,255,255,255,255,255,255,255,255,255,
0,0,0,0,1,1,3,5,148,255,254,121,15,32,225,255,162,25,27,30,32,34,37,41,44,47,52,56,60,65,70,75,82,88,96,103,111,118,127,136,146,155,164,173,183,197,213,226,236,245,250,253,254,255,255,255,255,255,255,255,
0,0,0,0,1,1,3,6,172,255,252,100,12,153,255,245,58,25,27,30,31,33,36,38,42,45,50,53,57,61,65,70,76,82,88,95,103,110,117,126,135,143,152,160,170,178,189,204,219,230,238,246,251,253,254,255,255,255,255,255,
0,0,0,0,1,1,3,5,190,255,248,78,50,248,255,172,23,24,31,124,126,34,35,37,40,43,47,51,54,57,61,65,70,76,82,88,95,101,109,116,124,132,140,147,155,163,172,181,192,207,221,231,240,246,251,253,253,254,255,255,
0,0,0,0,1,1,3,5,209,255,241,63,176,255,250,76,22,53,205,253,102,32,34,36,37,41,44,47,51,53,57,60,65,70,76,81,87,93,100,107,113,121,128,136,143,150,158,166,173,180,192,207,220,231,238,244,248,251,253,254,
0,0,0,0,0,1,3,5,234,255,236,112,254,255,201,22,61,234,254,171,30,30,32,35,36,37,40,44,47,51,53,56,60,65,69,74,79,85,92,97,103,110,117,124,131,137,144,151,158,164,171,179,188,201,215,226,233,241,245,248,
0,0,0,0,0,1,3,30,254,254,236,213,255,254,111,73,239,254,188,33,28,29,31,32,34,36,38,41,44,47,50,53,56,60,64,69,73,79,84,89,95,101,107,113,120,126,132,138,144,150,156,161,167,174,181,190,201,215,225,233,
0,0,0,0,0,1,2,74,255,255,248,253,255,235,83,242,255,199,35,26,27,28,29,30,31,34,36,38,42,44,46,48,51,55,60,64,67,72,77,82,88,92,97,103,109,114,120,125,132,136,141,146,151,156,161,165,170,176,184,193,
0,0,0,0,0,22,68,140,255,255,255,255,254,197,230,255,234,47,26,30,55,60,38,29,30,31,33,36,38,41,43,45,47,51,54,58,62,65,70,74,79,84,88,93,98,103,108,114,118,123,128,132,138,141,145,149,152,156,159,162,
0,0,0,0,93,230,227,231,255,255,255,255,254,248,254,254,113,91,174,235,250,242,104,28,28,29,31,33,36,38,39,41,44,47,50,53,57,60,64,68,71,76,80,84,89,93,98,103,107,111,116,120,124,127,131,134,137,140,143,145,
0,0,0,0,225,254,253,254,255,255,255,255,255,255,255,241,223,254,255,254,228,104,24,25,26,27,29,31,33,35,36,37,40,43,46,49,52,55,59,62,65,69,72,76,80,84,88,91,96,99,103,107,111,114,117,120,122,125,128,131,
0,0,0,0,194,255,255,255,255,255,255,255,255,255,255,255,255,239,153,71,21,22,22,22,23,25,27,29,31,33,33,35,37,39,42,44,47,50,53,56,59,62,65,68,72,75,80,83,86,89,93,96,100,102,106,108,110,112,114,116,
0,0,0,0,127,254,255,255,255,255,255,255,255,255,255,254,170,33,16,17,18,20,20,21,22,23,25,27,28,29,30,31,33,36,37,40,43,46,48,51,54,57,59,63,65,68,71,73,77,80,82,85,88,90,93,95,97,99,101,102,
0,0,0,0,43,254,255,255,255,255,255,255,255,255,254,181,11,12,13,14,16,16,17,18,20,22,23,24,25,26,27,29,30,33,35,37,39,41,44,46,48,51,53,55,59,61,64,66,69,71,73,77,79,80,83,84,87,88,89,91,
0,0,0,0,1,225,255,255,255,255,255,255,255,255,254,117,9,10,11,12,13,14,15,16,18,20,22,22,23,23,25,26,28,30,32,34,35,37,39,41,44,46,48,50,53,54,57,59,62,64,66,68,69,71,72,74,77,77,78,80,
0,0,0,0,17,246,255,255,255,255,255,255,255,255,246,63,7,9,9,10,11,12,13,15,16,18,19,20,21,21,22,24,25,27,28,31,32,33,36,37,39,41,43,45,46,49,50,53,54,56,58,60,61,62,64,65,67,69,69,69,
0,0,0,0,93,254,255,255,255,255,255,255,255,255,214,18,6,6,8,9,10,11,12,13,15,16,16,17,18,19,21,22,23,24,26,28,29,30,32,34,36,37,38,40,42,44,45,47,49,51,52,53,53,55,57,58,59,60,61,61,
0,3,5,2,156,255,255,255,255,255,255,255,255,253,132,5,5,6,6,8,9,10,11,12,13,13,14,14,15,16,18,19,21,22,23,24,26,28,29,30,31,34,35,36,37,38,40,41,42,44,45,46,48,49,50,50,51,52,52,52,
3,15,39,64,219,255,255,255,255,255,255,255,255,230,28,3,4,5,6,7,8,9,9,10,11,12,12,12,13,15,15,17,18,20,21,22,23,24,26,28,29,29,31,32,33,35,36,37,37,38,40,41,42,42,44,44,46,44,45,45,
47,180,249,253,254,255,255,255,255,255,255,255,252,89,2,2,3,4,5,6,6,7,6,7,8,8,9,10,12,12,13,15,15,17,19,20,21,22,23,24,26,27,28,29,30,31,32,32,33,34,35,36,37,37,38,38,39,39,39,39,
248,255,255,255,255,255,255,255,255,255,255,254,210,46,0,1,1,2,2,3,4,4,5,5,6,6,8,9,10,11,12,13,14,15,16,17,18,19,21,22,22,24,25,26,27,27,28,28,30,30,31,32,32,32,33,34,34,34,34,34,
255,255,255,255,255,255,255,255,255,255,255,255,251,193,55,0,1,1,1,1,2,2,3,3,5,5,6,7,8,9,10,12,12,13,13,15,16,17,18,19,21,21,22,22,24,24,25,25,27,27,28,29,28,29,29,30,30,30,30,30,
