255,255,255,255,255,255,255,255,255,255,255,255,255,255,255,255,255,255,255,255,242,31,0,0,0,0,0,0,0,0,36,146,63,18,34,0,0,0,0,0,0,1,114,251,255,255,255,255,255,255,255,255,255,255,255,255,255,255,255,255,
255,255,255,255,255,255,255,255,255,255,255,255,255,255,255,255,255,255,255,255,246,52,0,0,0,0,0,0,0,0,0,0,0,0,0,0,0,0,0,0,0,0,0,93,253,255,255,255,255,255,255,255,255,255,255,255,255,255,255,255,
255,255,255,255,255,255,255,255,255,255,255,255,255,255,255,255,255,255,255,255,254,146,0,0,0,0,0,0,0,0,0,0,0,0,0,0,0,0,0,0,0,0,0,0,156,255,255,255,255,255,255,255,255,255,255,255,255,255,255,255,
255,255,255,255,255,255,255,255,255,255,255,255,255,255,254,255,255,255,255,255,255,235,39,0,0,0,0,0,0,0,0,0,0,0,0,0,0,0,0,0,0,0,0,0,48,252,255,255,255,255,255,255,255,255,255,255,255,255,255,255,
255,255,255,255,255,255,255,255,255,255,255,255,255,255,255,255,255,255,255,255,255,254,193,15,0,0,0,0,0,0,0,0,0,0,0,0,0,0,0,0,0,0,0,0,0,97,252,255,255,255,255,255,255,255,255,255,255,255,255,255,
255,255,255,255,255,255,255,255,255,255,255,255,255,255,255,255,255,255,255,255,255,255,254,196,40,0,0,0,0,0,0,0,0,0,0,0,0,0,0,0,0,0,0,0,0,0,115,255,255,255,255,255,255,255,255,255,255,255,255,255,
255,255,255,255,255,255,255,255,255,255,255,255,255,255,255,255,255,255,255,255,255,255,255,254,237,94,0,0,0,0,0,0,0,0,0,0,0,0,0,0,0,0,0,0,0,0,2,192,255,255,255,255,255,255,255,255,255,255,255,255,
255,255,255,255,255,255,255,255,255,255,255,255,255,255,255,255,255,255,255,255,255,255,255,255,245,43,0,0,0,0,0,0,0,0,0,0,0,0,0,0,0,0,0,0,0,0,0,37,247,255,255,255,255,255,255,255,255,255,255,255,
255,255,255,255,255,255,255,255,255,255,255,255,255,255,255,255,255,255,255,255,255,255,255,255,124,0,0,0,0,0,0,0,0,0,0,0,0,0,0,0,0,0,0,0,0,0,0,0,151,255,255,255,255,255,255,255,255,255,255,255,
255,255,255,255,255,255,255,255,255,255,255,255,255,255,255,255,255,255,255,255,255,255,255,237,12,0,0,0,0,0,0,0,0,0,0,0,0,0,0,0,0,0,0,0,0,0,0,0,34,250,255,255,255,255,255,255,255,255,255,255,
255,255,255,255,255,255,255,255,255,255,255,255,255,255,255,255,255,255,255,255,255,255,255,154,0,0,0,0,0,0,0,0,0,0,0,0,0,0,0,0,0,0,0,0,0,0,0,0,0,180,255,255,255,255,255,255,255,255,255,255,
255,255,255,255,255,255,255,255,255,255,255,255,255,255,255,255,255,255,255,255,255,255,255,106,0,0,0,0,0,0,0,0,0,0,0,0,0,0,0,0,0,0,0,0,0,0,0,0,0,89,255,255,255,255,255,255,255,255,255,255,
255,255,255,255,255,255,255,255,255,255,255,255,255,255,255,255,255,255,255,255,255,255,255,83,0,0,0,0,0,0,0,0,0,0,0,0,0,0,0,0,0,0,0,0,0,0,0,0,0,12,244,255,255,255,255,255,255,255,255,255,
255,255,255,255,255,255,255,255,255,255,255,255,255,255,255,255,255,255,255,255,255,255,255,54,0,0,0,0,0,0,0,0,0,0,0,0,0,0,0,0,0,0,0,0,0,0,0,0,0,0,185,255,255,255,255,255,255,255,255,255,
255,255,255,255,255,255,255,255,255,255,255,255,255,255,255,255,255,255,255,255,255,255,254,39,0,0,0,0,0,0,0,0,0,0,0,0,0,0,0,0,0,0,0,0,0,0,0,0,0,0,120,255,255,255,255,255,255,255,255,255,
255,255,255,255,255,255,255,255,255,255,255,255,255,255,255,255,255,255,255,255,255,255,254,46,0,0,0,0,0,0,0,0,0,0,0,0,0,0,0,0,0,0,0,0,0,0,0,0,0,0,58,254,255,255,255,255,255,255,255,255,
255,255,255,255,255,255,255,255,255,255,255,255,255,255,255,255,255,255,255,255,255,255,254,87,0,0,0,0,0,0,0,0,0,0,0,0,0,0,0,0,0,0,0,0,0,0,0,0,0,0,8,249,255,255,255,255,255,255,255,255,
255,255,255,255,255,255,255,255,255,255,255,255,255,255,255,255,255,255,255,255,255,255,255,86,0,0,0,0,0,0,0,0,0,0,0,0,0,0,0,0,0,0,0,0,0,0,0,0,0,0,0,205,255,255,255,255,255,255,255,255,
255,255,255,255,255,255,255,255,255,255,255,255,255,255,255,255,255,255,255,255,255,255,254,200,15,0,0,0,0,0,0,0,0,0,0,0,0,0,0,0,0,0,0,0,0,0,0,0,0,0,0,152,255,255,255,255,255,255,255,255,
255,255,255,255,255,255,255,255,255,255,255,255,255,255,255,255,255,255,255,255,255,255,255,254,192,51,47,21,20,0,0,0,0,0,0,0,0,0,0,0,0,0,0,0,0,0,0,0,0,0,0,100,255,255,255,255,255,255,255,255,
255,255,255,255,255,255,255,255,255,255,255,255,255,255,255,255,255,255,255,255,255,255,255,255,249,241,165,178,108,86,0,0,0,0,0,0,0,0,0,0,0,0,0,0,0,0,0,0,0,0,0,51,254,255,255,255,255,255,255,255,
255,255,255,255,255,255,255,255,255,255,255,255,255,255,255,255,255,255,255,255,255,255,255,255,255,255,255,255,254,208,0,0,0,0,0,0,0,0,0,0,0,0,0,0,0,0,0,0,0,0,7,82,230,255,255,255,255,255,255,255,
255,255,255,255,255,255,255,255,255,255,255,255,255,255,255,255,255,255,255,255,255,255,255,255,255,255,255,255,255,171,0,0,0,0,0,0,0,0,0,0,0,0,0,0,0,0,0,0,0,0,71,111,216,255,255,255,255,255,255,255,
255,255,255,255,255,255,255,255,255,255,255,255,255,255,255,255,255,255,255,255,255,255,255,255,255,255,255,255,255,213,95,0,0,0,0,0,0,0,0,0,0,0,0,0,0,0,2,12,0,0,76,107,253,255,255,255,255,255,255,255,
255,255,255,255,255,255,255,255,255,255,255,255,255,255,255,255,255,255,255,255,255,255,255,255,255,255,255,255,255,254,104,0,0,0,0,0,18,14,0,0,0,0,0,0,0,0,14,68,17,0,8,207,208,255,255,255,255,255,255,255,
255,255,255,255,255,255,255,255,255,255,255,255,255,255,255,255,255,255,255,255,255,255,255,255,255,255,255,255,255,255,147,0,0,0,0,0,47,162,0,0,0,0,0,0,0,0,0,69,104,1,0,152,241,255,255,255,255,255,255,255,
255,255,255,255,255,255,255,255,255,255,255,255,255,255,255,255,255,255,255,254,254,254,255,255,255,255,255,255,255,255,171,0,0,32,71,0,32,254,76,0,0,0,0,0,0,0,0,28,127,70,0,75,254,255,255,255,255,255,255,255,
255,255,255,255,255,255,255,255,255,255,255,255,255,255,255,255,255,255,255,255,255,255,255,255,255,255,255,255,255,255,194,0,0,14,101,0,15,225,47,0,0,0,0,0,0,0,0,17,116,183,12,8,236,255,255,255,255,255,255,255,
255,255,255,255,255,255,255,255,255,255,255,255,255,255,255,255,255,255,255,255,255,255,255,255,255,255,255,255,255,255,216,0,0,2,230,2,150,74,0,0,0,0,0,0,0,0,0,0,101,254,145,64,206,255,255,255,255,255,255,255,
255,255,255,255,255,255,255,255,255,255,255,255,255,255,255,255,255,255,255,255,255,255,255,255,255,255,255,255,255,255,240,0,0,0,206,35,50,0,0,0,0,0,0,0,0,0,0,0,80,254,230,178,236,255,255,255,255,255,255,255,
255,255,255,255,255,255,255,255,255,255,255,255,255,255,255,255,255,255,255,255,255,255,255,255,255,255,255,255,255,255,240,75,0,58,222,79,0,0,0,0,0,0,0,0,0,0,0,0,14,240,255,255,252,255,255,255,255,255,255,255,
255,255,255,255,255,255,255,255,255,255,255,255,255,255,255,255,255,255,255,255,255,255,255,255,255,255,255,255,255,255,255,198,0,94,242,21,0,0,0,0,0,0,0,0,0,0,0,0,1,180,255,255,255,255,255,255,255,255,255,255,
255,255,255,255,255,255,255,255,255,255,255,255,255,255,255,255,255,255,255,255,255,255,255,255,255,255,255,255,255,255,255,241,2,111,149,0,0,0,0,0,0,0,0,0,0,0,0,0,0,86,254,255,255,255,255,255,255,255,255,255,
255,255,255,255,255,255,255,255,255,255,255,255,255,255,255,255,255,255,255,255,254,255,255,255,255,255,255,255,255,255,255,255,37,133,54,0,0,0,0,0,0,0,0,0,0,0,0,0,0,4,198,255,255,255,255,255,255,255,255,255,
255,255,255,255,255,255,255,255,255,255,255,255,255,255,254,254,255,255,254,255,255,255,255,255,255,255,255,255,255,255,254,255,89,133,0,0,0,0,0,0,0,0,0,0,0,0,0,0,0,0,19,203,255,255,255,255,255,255,255,255,
255,255,255,255,255,255,255,255,255,255,255,255,255,254,228,214,208,183,193,243,254,255,255,255,255,255,255,255,255,255,255,255,140,88,0,0,0,0,0,0,0,0,0,0,0,0,0,0,0,0,0,35,254,255,255,255,255,255,255,255,
255,255,255,255,255,255,255,255,255,255,255,255,254,231,82,36,21,10,24,132,248,255,255,255,255,255,255,255,255,255,255,255,194,18,0,0,0,0,0,0,0,0,0,0,0,0,0,0,0,0,17,207,254,255,255,255,255,255,255,255,
255,255,255,255,255,255,255,255,255,255,255,254,187,34,0,0,0,0,0,23,200,255,255,255,255,255,255,255,255,255,254,255,228,0,0,0,0,0,0,0,0,0,0,0,0,0,0,0,0,0,6,226,255,255,255,255,255,255,255,255,
255,255,255,255,255,255,255,255,255,255,255,217,9,0,0,0,0,0,0,0,123,254,255,255,255,255,255,255,255,255,255,255,168,0,0,0,0,0,0,0,0,0,0,0,0,0,0,0,0,0,0,157,255,255,255,255,255,255,255,255,
255,255,255,255,255,255,255,255,255,255,255,135,0,0,0,0,0,0,0,0,67,251,255,255,255,255,255,255,255,255,255,255,112,0,0,0,0,0,0,0,0,0,0,0,0,0,0,0,0,0,0,95,254,255,255,255,255,255,255,255,
255,255,255,255,255,255,255,255,255,255,255,135,0,0,0,0,0,0,0,0,43,241,254,255,255,255,255,255,255,255,255,255,76,0,0,0,0,0,0,0,0,0,0,0,0,0,0,0,0,0,0,73,252,255,255,255,255,255,255,255,
255,255,255,255,255,255,255,255,255,255,255,159,0,0,0,0,0,0,0,0,15,117,224,231,239,245,251,254,254,255,255,255,53,0,0,0,0,0,0,0,0,0,0,0,0,0,0,0,0,0,0,16,230,255,255,255,255,255,255,255,
255,255,255,255,255,255,255,255,255,255,255,198,15,0,0,0,0,0,0,0,0,7,43,40,47,55,68,83,103,128,158,201,39,0,0,0,0,0,0,0,0,0,0,0,0,0,0,0,0,0,0,1,199,255,255,255,255,255,255,255,
255,255,255,255,255,255,255,255,255,255,255,241,30,0,0,0,0,0,0,0,0,0,0,0,0,0,0,0,0,0,0,0,0,0,0,0,0,0,0,0,0,0,0,0,0,0,0,0,0,0,0,0,168,255,255,255,255,255,255,255,
255,255,255,255,255,255,255,255,255,255,255,250,96,1,0,0,0,0,0,0,0,0,0,0,0,0,0,0,0,0,0,0,0,0,0,0,0,0,0,0,0,0,0,0,0,0,0,0,0,0,0,0,121,254,255,255,255,255,255,255,
