255,255,255,255,255,255,255,255,255,255,255,255,255,255,255,255,255,255,255,255,255,255,255,255,255,255,255,255,255,255,255,255,255,255,255,255,255,255,255,255,255,255,255,255,255,255,255,255,255,255,255,255,255,255,255,255,255,255,255,255,
255,255,255,255,255,255,255,255,255,255,255,255,255,255,255,255,255,255,255,255,255,255,255,255,255,255,255,255,255,255,255,255,255,255,255,255,255,255,255,255,255,255,255,255,255,255,255,255,255,255,255,255,255,255,255,255,255,255,255,255,
255,255,255,255,255,255,255,255,255,255,255,255,255,255,255,255,255,255,255,255,255,255,255,255,255,255,255,255,255,255,255,255,255,255,255,255,255,255,255,255,255,255,255,255,255,255,255,255,255,255,255,255,255,255,255,255,255,255,255,255,
255,255,255,255,255,255,255,255,255,255,255,255,255,255,255,255,255,255,255,255,255,255,255,255,255,255,255,255,255,255,255,255,255,255,255,255,255,255,255,255,255,255,255,255,255,255,255,255,255,255,255,255,255,255,255,255,255,255,255,255,
255,255,255,255,255,255,255,255,255,255,255,255,255,255,255,255,255,255,255,255,255,255,255,255,255,255,255,255,255,255,255,255,255,255,255,255,255,255,255,255,255,255,255,255,255,255,255,255,255,255,255,255,255,255,255,255,255,255,255,255,
255,255,255,255,255,255,255,255,255,255,255,255,255,255,255,255,255,255,255,255,255,255,255,255,255,255,255,255,255,255,255,255,255,255,255,255,255,255,255,255,255,255,255,255,255,255,255,255,255,255,255,255,255,255,255,255,255,255,255,255,
255,255,255,255,255,255,255,255,255,255,255,255,255,255,255,255,255,255,255,255,255,255,255,255,255,255,255,255,255,255,255,255,255,255,255,255,255,255,255,255,255,255,255,255,255,255,255,255,255,255,255,255,255,255,255,255,255,255,255,255,
255,255,255,255,255,255,255,255,255,255,255,255,255,255,255,255,255,255,255,255,255,255,255,255,255,255,255,255,255,255,255,255,255,255,255,255,255,255,255,255,255,255,255,255,255,255,255,255,255,255,255,255,255,255,255,255,255,255,255,255,
255,255,255,255,255,255,255,255,255,255,255,255,255,255,255,255,255,255,255,255,255,255,255,255,255,255,255,255,255,255,255,255,255,255,255,255,255,255,255,255,255,255,255,255,255,255,255,255,255,255,255,255,255,255,255,255,255,255,255,255,
255,255,255,255,255,255,255,255,255,255,255,255,255,255,255,255,255,255,255,255,255,255,255,255,255,255,255,255,255,255,255,255,255,255,255,255,255,255,255,255,255,255,255,255,255,255,255,255,255,255,255,255,255,255,255,255,255,255,255,255,
255,255,255,255,255,255,255,255,255,255,255,255,255,255,255,255,255,255,255,255,255,255,255,255,255,255,255,255,255,255,255,255,255,255,255,255,255,255,255,255,255,255,255,255,255,255,255,255,255,255,255,255,255,255,255,255,255,255,255,255,
255,255,255,255,255,255,255,255,255,255,255,255,255,255,255,255,255,255,255,255,255,255,255,255,255,255,255,255,255,255,255,255,255,255,255,255,255,255,255,255,255,255,255,255,255,255,255,255,255,255,255,255,255,255,255,255,255,255,255,255,
255,255,255,255,255,255,255,255,255,255,255,255,255,255,255,255,255,255,255,255,255,255,255,255,255,255,255,255,255,255,255,255,255,255,255,255,255,255,255,255,255,255,255,255,255,255,255,255,255,255,255,255,255,255,255,255,255,255,255,255,
255,255,255,255,255,255,255,255,255,255,255,255,255,255,255,255,255,255,255,255,255,255,255,255,255,255,255,255,255,255,255,255,255,255,255,255,255,255,255,255,255,255,255,255,255,255,255,255,255,255,255,255,255,255,255,255,255,255,255,255,
255,255,255,255,255,255,255,255,255,255,255,255,255,255,255,255,255,255,255,255,255,255,255,255,255,255,255,255,255,255,255,255,255,255,255,255,255,255,255,255,255,255,255,255,255,255,255,255,255,255,255,255,255,255,255,255,255,255,255,255,
255,255,255,255,255,255,255,255,255,255,255,255,255,255,255,255,255,255,255,255,255,255,255,255,255,255,255,255,255,255,255,255,255,255,255,255,255,255,255,255,255,255,255,255,255,255,255,255,255,255,255,255,255,255,255,255,255,255,255,255,
255,255,255,255,255,255,255,255,255,255,255,255,255,255,255,255,255,255,255,255,255,255,255,255,255,255,255,255,255,255,255,255,255,255,255,255,255,255,255,255,255,255,255,255,255,255,255,255,255,255,255,255,255,255,255,255,255,255,255,255,
255,255,255,255,255,255,255,255,255,255,255,255,255,255,255,255,255,255,255,255,255,255,255,255,255,255,255,255,255,255,255,255,255,255,255,255,255,255,255,255,255,255,255,255,255,255,255,255,255,255,255,255,255,255,255,255,255,255,255,255,
255,255,255,255,255,255,255,255,255,255,255,255,255,255,255,255,255,255,255,255,255,255,255,255,255,255,255,255,255,255,255,255,255,255,255,255,255,255,255,255,255,255,255,255,255,255,255,255,255,255,255,255,255,255,255,255,255,255,255,255,
255,255,255,255,255,255,255,255,255,255,255,255,255,255,255,255,255,255,255,255,255,255,255,255,255,255,255,255,255,255,255,255,255,255,255,255,255,255,255,255,255,255,255,255,255,255,255,255,255,255,255,255,255,255,255,255,255,255,255,255,
255,255,255,255,255,255,255,255,255,255,255,255,255,255,255,255,255,255,255,255,255,255,255,255,255,255,255,255,255,255,255,255,255,255,255,255,255,255,255,255,255,255,255,255,255,255,255,255,255,255,255,255,255,255,255,255,255,255,255,255,
255,255,255,255,255,255,255,255,255,255,255,255,255,255,255,255,255,255,255,255,255,255,255,255,255,255,255,255,255,255,255,255,255,255,255,255,255,255,255,255,255,255,255,255,255,255,255,255,255,255,255,255,255,255,255,255,255,255,255,255,
255,255,255,255,255,255,255,255,255,255,255,255,255,255,255,255,255,255,255,255,255,255,255,255,255,255,255,255,255,255,255,255,255,255,255,255,255,255,255,255,255,255,255,255,255,255,255,255,255,255,255,255,255,255,255,255,255,255,255,255,
255,255,255,255,255,255,255,255,255,255,255,255,255,255,255,255,255,255,255,255,255,255,255,255,255,255,255,255,255,255,255,255,255,255,255,255,255,255,255,255,255,255,255,255,255,255,255,255,255,255,255,255,255,255,255,255,255,255,255,255,
255,255,255,255,255,255,255,255,255,255,255,255,255,255,255,255,255,255,255,255,255,255,255,255,255,255,255,255,255,255,255,255,255,255,255,255,255,255,255,255,255,255,255,255,255,255,255,255,255,255,255,255,255,255,255,255,255,255,255,255,
255,255,255,255,255,255,255,255,255,255,255,255,255,255,255,255,255,255,255,255,255,255,255,255,255,255,255,255,255,255,255,255,255,255,255,255,255,255,255,255,255,255,255,255,255,255,255,255,255,255,255,255,255,255,255,255,255,255,255,255,
255,255,255,255,255,255,255,255,255,255,255,255,255,255,255,255,255,255,255,255,255,255,255,255,255,255,255,255,255,255,255,255,255,255,255,255,255,255,255,255,255,255,255,255,255,255,255,255,255,255,255,255,255,255,255,255,255,255,255,255,
255,255,255,255,255,255,255,255,255,255,255,255,255,255,255,255,255,255,255,255,255,255,255,255,255,255,255,255,255,255,255,255,255,255,255,255,255,255,255,255,255,255,255,255,255,255,255,255,255,255,255,255,255,255,255,255,255,255,255,255,
255,255,255,255,255,255,255,255,255,255,255,255,255,255,255,255,255,255,255,255,255,255,255,255,255,255,255,255,255,255,255,255,255,255,255,255,255,255,255,255,255,255,255,255,255,255,255,255,255,255,255,255,255,255,255,255,255,255,255,255,
255,255,255,255,255,255,255,255,255,255,255,255,255,255,255,255,255,255,255,255,255,255,255,255,255,255,255,255,255,255,255,255,255,255,255,255,255,255,255,255,255,255,255,255,255,255,255,255,250,243,255,255,255,255,255,255,255,255,255,255,
255,255,255,255,255,255,255,255,255,255,255,255,255,255,255,255,255,255,255,255,255,255,255,255,255,255,255,255,255,255,254,187,242,255,255,255,255,255,255,255,255,255,255,255,255,255,255,255,254,159,254,255,255,255,255,255,255,255,255,255,
255,255,255,255,255,255,255,255,255,255,255,255,255,255,255,255,255,255,255,255,255,255,255,255,255,255,255,255,255,255,252,47,200,255,255,255,255,255,255,255,255,255,255,255,255,255,255,255,214,16,114,236,241,255,255,253,254,255,255,255,
255,255,255,255,255,255,255,255,255,255,120,207,255,255,255,255,255,255,255,255,255,255,255,255,255,255,255,255,255,195,100,0,31,215,254,255,255,255,255,255,255,255,255,255,255,255,255,254,88,0,0,6,110,255,255,160,252,255,255,255,
255,255,255,255,255,255,255,255,255,251,60,26,250,255,255,255,255,255,255,255,255,255,255,255,255,255,255,255,255,113,0,0,0,27,238,255,255,255,255,255,255,255,255,255,255,255,255,151,7,0,0,0,112,254,251,155,255,255,255,255,
255,255,255,255,255,255,255,254,238,78,0,6,198,254,255,255,255,255,255,255,255,255,255,255,255,255,255,255,255,144,0,0,0,65,254,255,255,255,255,255,255,255,255,255,255,255,255,250,29,0,0,0,17,254,176,228,255,255,255,255,
255,255,255,255,255,255,255,222,6,0,0,0,1,176,255,255,255,255,255,255,255,255,255,255,255,255,255,255,255,88,0,0,1,152,255,255,255,255,255,255,255,255,255,255,255,255,255,254,58,0,0,0,78,254,149,254,255,255,255,255,
255,255,255,255,255,255,255,255,69,0,0,0,3,236,255,255,255,255,255,255,255,255,255,255,255,255,255,255,254,63,0,0,38,254,254,255,255,255,255,255,255,255,255,255,255,255,255,255,127,0,0,0,85,157,151,221,232,233,254,252,
255,255,255,255,255,255,255,254,46,0,0,0,0,152,255,255,255,255,255,255,255,255,255,255,255,255,255,255,219,81,0,0,0,54,184,241,255,255,255,255,255,255,255,255,255,255,255,254,109,17,0,0,0,0,0,0,0,2,40,9,
255,255,255,255,255,255,255,255,223,8,0,0,0,105,254,255,255,255,255,255,255,255,255,255,255,255,255,255,133,0,0,0,0,0,0,91,254,255,255,255,255,255,255,255,255,255,255,254,32,0,0,0,0,0,7,3,0,0,3,14,
255,255,255,255,255,255,255,255,254,121,0,0,25,195,255,255,255,255,255,255,255,255,255,255,255,255,255,255,243,33,0,0,0,0,0,7,151,223,250,255,255,255,255,255,255,255,255,254,33,0,0,0,0,38,241,247,209,200,244,252,
255,255,255,255,255,255,255,255,175,15,0,0,30,241,255,255,255,255,255,255,255,255,255,255,255,255,255,255,255,139,0,0,0,6,99,4,5,2,213,255,255,255,255,255,255,255,255,255,98,0,0,0,0,3,235,255,255,255,255,255,
255,255,255,255,255,255,255,254,73,0,0,0,0,126,254,255,255,255,255,255,255,255,255,255,255,255,255,255,254,76,0,0,9,224,254,193,114,151,254,255,255,255,255,255,255,255,255,255,178,61,0,0,0,0,216,255,255,255,255,255,
128,178,255,255,255,255,254,242,39,0,0,0,0,104,255,255,255,255,255,255,255,255,255,255,255,255,255,255,254,57,0,0,74,254,255,255,255,255,255,255,255,255,255,255,255,255,255,255,255,216,0,0,0,0,237,255,255,255,255,255,
0,25,183,254,254,195,81,12,0,0,0,0,0,131,255,255,255,255,255,255,255,255,255,255,255,255,255,255,252,33,0,0,3,217,255,255,255,255,255,255,255,255,255,255,255,255,255,255,255,246,19,0,0,2,251,255,255,255,255,255,
0,0,0,42,26,4,34,139,202,6,0,0,0,88,255,255,255,255,255,255,255,255,255,255,255,255,255,255,214,0,0,0,0,125,255,255,255,255,255,255,255,255,255,255,255,255,255,255,254,92,0,0,0,45,254,255,255,255,255,255,
