255,255,255,255,255,255,255,255,255,255,255,255,255,255,255,255,255,255,255,255,255,255,255,255,255,255,255,255,255,255,255,255,255,255,255,255,255,255,255,255,255,255,255,255,255,255,255,255,255,255,255,255,255,255,255,255,255,255,255,255,
255,255,255,255,255,255,255,255,255,255,255,255,255,255,255,255,255,255,255,255,255,255,255,255,255,255,255,255,255,255,255,255,255,255,255,255,255,255,255,255,255,255,255,255,255,255,255,255,255,255,255,255,255,255,255,255,255,255,255,255,
255,255,255,255,255,255,255,255,255,255,255,255,255,255,255,255,255,255,255,255,255,255,255,255,255,255,255,255,255,255,255,255,255,255,255,255,255,255,255,255,255,255,255,255,255,255,255,255,255,255,255,255,255,255,255,255,255,255,255,255,
255,255,255,255,255,255,255,255,255,255,255,255,255,255,255,255,255,255,255,255,255,255,255,255,255,255,255,255,255,255,255,255,255,255,255,255,255,255,255,255,255,255,255,255,255,255,255,255,255,255,255,255,255,255,255,255,255,255,255,255,
255,255,255,255,255,255,255,255,255,255,255,255,255,255,255,255,255,255,255,255,255,255,255,255,255,255,255,255,255,255,255,255,255,255,255,255,255,255,255,255,255,255,255,255,255,255,255,255,255,255,255,255,255,255,255,255,255,255,255,255,
255,255,255,255,255,255,255,255,255,255,255,255,255,255,255,255,255,255,255,255,255,255,255,255,255,255,255,255,255,255,255,255,255,255,255,255,255,255,255,255,255,255,255,255,255,255,255,255,255,255,255,255,255,255,255,255,255,255,255,255,
255,255,255,255,255,255,255,255,255,255,255,255,255,255,255,255,255,255,255,255,255,255,255,255,255,255,255,255,255,255,255,255,255,255,255,255,255,255,255,255,255,255,255,255,255,255,255,255,255,255,255,255,255,255,255,255,255,255,255,255,
255,255,255,255,255,255,255,255,255,255,255,255,255,255,255,255,255,255,255,255,255,255,255,255,255,255,255,255,255,255,255,255,255,255,255,255,255,255,255,255,255,255,255,255,255,255,255,255,255,255,255,255,255,255,255,255,255,255,255,255,
255,255,255,255,255,255,255,255,255,255,255,255,255,255,255,255,255,255,255,255,255,255,255,255,255,255,255,255,255,255,255,255,255,255,255,255,255,255,255,255,255,255,255,255,255,255,255,255,255,255,255,255,255,255,255,255,255,255,255,255,
255,255,255,255,255,255,255,255,255,255,255,255,255,255,255,255,255,255,255,255,255,255,255,255,255,255,255,255,255,255,255,255,255,255,255,255,255,255,255,255,255,255,255,255,255,255,255,255,255,255,255,255,255,255,255,255,255,255,255,255,
255,255,255,255,255,255,255,255,255,255,255,255,255,255,255,255,255,255,255,255,255,255,255,255,255,255,255,255,255,255,255,255,255,255,255,255,255,255,255,255,255,255,255,255,255,255,255,255,255,255,255,255,255,255,255,255,255,255,255,255,
255,255,255,255,255,255,255,255,255,255,255,255,255,255,255,255,255,255,255,255,255,255,255,255,255,255,255,255,255,255,255,255,255,255,255,255,255,255,255,255,255,255,255,255,255,255,255,255,255,255,255,255,255,255,255,255,255,255,255,255,
255,255,255,255,255,255,255,255,255,255,255,255,255,255,255,255,255,255,255,255,255,255,255,255,255,255,255,255,255,255,255,255,255,255,255,255,255,255,255,255,255,255,255,255,255,255,255,255,255,255,255,255,255,255,255,255,255,255,255,255,
255,255,255,255,255,255,255,255,255,255,255,255,255,255,255,255,255,255,255,255,255,255,255,255,255,255,255,255,255,255,255,255,255,255,255,255,255,255,255,255,255,255,255,255,255,255,255,255,255,255,255,255,255,255,255,255,255,255,255,255,
255,255,255,255,255,255,255,255,255,255,255,255,255,255,255,255,255,255,255,255,255,255,255,255,255,255,255,255,255,255,255,255,255,255,255,255,255,255,255,255,255,255,255,255,255,255,255,255,255,255,255,255,255,255,255,255,255,255,255,255,
255,255,255,255,255,255,255,255,255,255,255,255,255,255,255,255,255,255,255,255,255,255,255,255,255,255,255,255,255,255,255,255,255,255,255,255,255,255,255,255,255,255,255,255,255,255,255,255,255,255,255,255,255,255,255,255,255,255,255,255,
255,255,255,255,255,255,255,255,255,255,255,255,255,255,255,255,255,255,255,255,255,255,255,255,255,255,255,255,255,255,255,255,255,255,255,255,255,255,255,255,255,255,255,255,255,255,255,255,255,255,255,255,255,255,255,255,255,255,255,255,
255,255,255,255,255,255,255,255,255,255,255,255,255,255,255,255,255,255,255,255,255,255,255,255,255,255,255,255,255,255,255,255,255,255,255,255,255,255,255,255,255,255,255,255,255,255,255,255,255,255,255,255,255,255,255,255,255,255,255,255,
255,255,255,255,255,255,255,255,255,255,255,255,255,255,255,255,255,255,255,255,255,255,255,255,255,255,255,255,255,255,255,255,255,255,255,255,255,255,255,255,255,255,255,255,255,255,255,255,255,255,255,255,255,255,255,255,255,255,255,255,
255,255,255,255,255,255,255,255,255,255,255,255,255,255,255,255,255,255,255,255,255,255,255,255,255,255,255,255,255,255,255,255,255,255,255,255,255,255,255,255,255,255,255,255,255,255,255,255,255,255,255,255,255,255,255,255,255,255,255,255,
255,255,255,255,255,255,255,255,255,255,255,255,255,255,255,255,255,255,255,255,255,255,255,255,255,255,255,255,255,255,255,255,255,255,255,255,255,255,255,255,255,255,255,255,255,255,255,255,255,255,255,255,255,255,255,255,255,255,255,255,
255,255,255,255,255,255,255,255,255,255,255,255,255,255,255,255,255,255,255,255,255,255,255,255,255,255,255,255,255,255,255,255,255,255,255,255,255,255,255,255,255,255,255,255,255,255,255,255,255,255,255,255,255,255,255,255,255,255,255,255,
255,255,255,255,255,255,255,255,255,255,255,255,255,255,255,255,255,255,255,255,255,255,255,255,255,255,255,255,255,255,255,255,255,255,255,255,255,255,255,255,255,255,255,255,255,255,255,255,255,255,255,255,255,255,255,255,255,255,255,255,
255,255,255,255,255,255,255,255,255,255,255,255,255,255,255,255,255,255,255,255,255,255,255,255,255,255,255,255,255,232,190,254,255,255,255,255,255,255,255,255,255,255,255,255,255,255,255,255,255,255,255,255,255,255,255,255,255,255,255,255,
255,255,255,255,255,255,255,255,255,255,248,124,254,255,255,255,255,255,255,255,255,255,255,255,255,255,255,255,254,130,62,254,255,255,255,255,255,255,255,255,255,255,255,255,255,255,255,255,255,252,254,255,255,255,255,255,255,255,255,255,
255,255,255,255,255,255,255,255,255,255,232,3,150,254,255,255,255,255,255,255,255,255,255,255,255,255,255,210,73,0,0,132,242,255,255,255,255,255,255,255,255,255,255,255,255,255,255,255,255,182,251,255,255,255,255,255,255,255,255,255,
255,255,255,255,255,255,255,255,251,211,35,0,76,250,254,255,255,255,255,255,255,255,255,255,255,255,255,226,10,0,0,12,226,255,255,255,255,255,255,255,255,255,255,255,255,255,255,255,254,148,86,224,255,254,255,255,255,255,255,255,
255,255,255,255,255,255,255,255,172,4,0,0,0,42,249,255,255,255,255,255,255,255,255,255,255,255,255,251,15,0,0,5,254,255,255,255,255,255,255,255,255,255,255,255,255,255,255,255,239,17,0,13,96,227,255,255,255,255,255,255,
255,255,255,255,255,255,255,255,251,16,0,0,0,81,254,255,255,255,255,255,255,255,255,255,255,255,254,164,22,0,0,3,242,255,255,255,255,255,255,255,255,255,255,255,255,255,255,236,79,0,0,0,11,250,255,255,255,216,216,255,
255,255,255,255,255,255,255,255,247,17,0,0,0,10,246,255,255,255,255,255,255,255,255,255,255,255,224,0,0,0,0,44,233,255,255,255,255,255,255,255,255,255,255,255,255,255,255,254,114,0,0,0,0,177,255,255,248,137,254,255,
255,255,255,255,255,255,255,255,254,201,0,0,0,0,231,255,255,255,255,255,255,255,255,255,255,255,220,0,0,0,0,28,143,255,255,255,255,255,255,255,255,255,255,255,255,255,255,255,152,0,0,0,25,236,255,254,147,240,255,255,
255,255,255,255,255,255,255,255,255,236,32,0,30,134,254,255,255,255,255,255,255,255,255,255,255,255,139,0,0,0,0,0,146,255,255,255,255,255,255,255,255,255,255,255,255,255,255,255,191,0,0,0,107,253,254,182,204,255,255,255,
255,255,255,255,255,255,255,255,255,120,0,0,16,190,255,255,255,255,255,255,255,255,255,255,255,255,90,8,0,0,0,6,206,255,255,255,255,255,255,255,255,255,255,255,255,255,255,255,235,40,0,0,50,47,163,156,254,254,255,255,
255,255,255,255,255,255,255,255,254,104,0,0,0,53,255,255,255,255,255,255,255,255,255,255,255,255,243,56,0,0,7,88,244,255,255,255,255,255,255,255,255,255,255,255,255,255,255,255,144,3,0,0,0,0,0,13,80,147,228,254,
255,255,255,255,255,255,255,255,254,51,0,0,0,105,255,255,255,255,255,255,255,255,255,255,255,255,254,47,0,0,54,250,254,255,255,255,255,255,255,255,255,255,255,255,255,255,255,255,119,0,0,0,0,11,37,0,0,0,6,67,
255,255,255,255,255,255,255,255,214,6,0,0,0,170,255,255,255,255,255,255,255,255,255,255,255,255,255,92,0,0,73,253,255,255,255,255,255,255,255,255,255,255,255,255,255,255,255,255,240,22,0,0,0,86,254,177,51,0,4,3,
196,151,143,254,255,255,252,156,14,9,0,0,0,193,255,255,255,255,255,255,255,255,255,255,255,255,254,48,0,0,0,160,255,255,255,255,255,255,255,255,255,255,255,255,255,255,255,255,254,74,0,0,0,69,254,255,254,233,253,247,
0,0,0,124,189,164,85,0,108,170,0,0,0,209,255,255,255,255,255,255,255,255,255,255,255,255,252,5,0,0,0,35,250,255,255,255,255,255,255,255,255,255,255,255,255,255,255,255,228,14,0,0,0,157,255,255,255,255,255,255,
0,0,0,0,0,2,15,146,182,37,0,0,0,78,254,255,255,255,255,255,255,255,255,255,255,255,251,2,0,0,0,0,141,254,255,255,255,255,255,255,255,255,255,255,255,255,255,255,219,3,0,0,46,250,255,255,255,255,255,255,
0,0,0,0,0,0,0,0,3,16,0,0,0,0,200,255,255,255,255,255,255,255,255,255,255,255,250,1,0,0,0,0,7,196,255,255,255,255,255,255,255,255,255,255,255,255,255,255,145,0,0,0,23,237,255,255,255,255,255,255,
72,1,0,0,0,0,0,0,0,2,0,0,0,0,83,255,255,255,255,255,255,255,255,255,255,255,254,15,0,0,0,0,0,14,200,255,255,255,255,255,255,255,255,255,255,255,255,254,47,0,0,0,0,130,255,255,255,255,255,255,
254,195,67,1,0,0,0,0,0,0,0,0,0,0,1,210,255,255,255,255,255,255,255,255,255,255,254,55,0,0,0,0,0,0,37,250,255,255,255,255,255,255,255,255,255,255,255,245,4,0,0,0,0,22,245,255,255,255,255,255,
255,255,253,183,59,1,0,0,0,0,0,0,0,0,0,84,255,255,255,255,255,255,255,255,255,255,255,108,0,0,0,0,0,0,10,233,255,255,255,255,255,255,255,255,255,255,255,181,0,0,0,0,0,0,133,255,255,255,255,255,
255,255,255,255,252,179,52,0,0,0,0,0,0,0,0,1,219,255,255,255,255,255,255,255,255,255,255,136,0,0,0,0,3,104,197,254,255,255,255,255,255,255,255,255,255,255,255,100,0,0,0,0,0,0,10,220,255,255,255,255,
255,255,255,255,255,255,251,172,87,0,0,0,0,0,11,91,229,255,255,255,255,255,255,255,255,255,255,143,10,124,143,142,0,201,255,255,255,255,255,255,255,255,255,255,255,255,241,15,0,0,0,0,0,0,0,55,247,255,255,255,
