255,255,255,255,255,255,255,255,255,255,255,255,255,255,255,255,255,255,255,255,255,255,255,255,255,255,255,255,255,255,255,255,255,255,255,255,255,255,255,255,255,255,255,255,255,255,255,255,255,255,255,255,255,255,255,255,255,255,255,255,
255,255,255,255,255,255,255,255,255,255,255,255,255,255,255,255,255,255,255,255,255,255,255,255,255,255,255,255,255,255,255,255,255,255,255,255,255,255,255,255,255,255,255,255,255,255,255,255,255,255,255,255,255,255,255,255,255,255,255,255,
255,255,255,255,255,255,255,255,255,255,255,255,255,255,255,255,255,255,255,255,255,255,255,255,255,255,255,255,255,255,255,255,255,255,255,255,255,255,255,255,255,255,255,255,255,255,255,255,255,255,255,255,255,255,255,255,255,255,255,255,
255,255,255,255,255,255,255,255,255,255,255,255,255,255,255,255,255,255,255,255,255,255,255,255,255,255,255,255,255,255,255,255,255,255,255,255,255,255,255,255,255,255,255,255,255,255,255,255,255,255,255,255,255,255,255,255,255,255,255,255,
255,255,255,255,255,255,255,255,255,255,255,255,255,255,255,255,255,255,255,255,255,255,255,255,255,255,255,255,255,255,255,255,255,255,255,255,255,255,255,255,255,255,255,255,255,255,255,255,255,255,255,255,255,255,255,255,255,255,255,255,
255,255,255,255,255,255,255,255,255,255,255,255,255,255,255,255,255,255,255,255,255,255,255,255,255,255,255,255,255,255,255,255,255,255,255,255,255,255,255,255,255,255,255,255,255,255,255,255,255,255,255,255,255,255,255,255,255,255,255,255,
255,255,255,255,255,255,255,255,255,255,255,255,255,255,255,255,255,255,255,255,255,255,255,255,255,255,255,255,255,255,255,255,255,255,255,255,255,255,255,255,255,255,255,255,255,255,255,255,255,255,255,255,255,255,255,255,255,255,255,255,
255,255,255,255,255,255,255,255,255,255,255,255,255,255,255,255,255,255,255,255,255,255,255,255,255,255,255,255,255,255,255,255,255,255,255,255,255,255,255,255,255,255,255,255,255,255,255,255,255,255,255,255,255,255,255,255,255,255,255,255,
255,255,255,255,255,255,255,255,255,255,255,255,255,255,255,255,255,255,255,255,255,255,255,255,255,255,255,255,255,255,255,255,255,255,255,255,255,255,255,255,255,255,255,255,255,255,255,255,255,255,255,255,255,255,255,255,255,255,255,255,
255,255,255,255,255,255,255,255,255,255,255,255,255,255,255,255,255,255,255,255,255,255,255,255,255,255,255,255,255,255,255,255,255,255,255,255,255,255,255,255,255,255,255,255,255,255,255,255,255,255,255,255,255,255,255,255,255,255,255,255,
255,255,255,255,255,255,255,255,255,255,255,255,255,255,255,255,255,255,255,255,255,255,255,255,255,255,255,255,255,255,255,255,255,255,255,255,255,255,255,255,255,255,255,255,255,255,255,255,255,255,255,255,255,255,255,255,255,255,255,255,
255,255,255,255,255,255,255,255,255,255,255,255,255,255,255,255,255,255,255,255,255,255,255,255,255,255,255,255,255,255,255,255,255,255,255,255,255,255,255,255,255,255,255,255,255,255,255,255,255,255,255,255,255,255,255,255,255,255,255,255,
255,255,255,255,255,255,255,255,255,255,255,255,255,255,255,255,255,255,255,255,255,255,255,255,255,255,255,255,255,255,255,255,255,255,255,255,255,255,255,255,255,255,255,255,255,255,255,255,255,255,255,255,255,255,255,255,255,255,255,255,
255,255,255,255,255,255,255,255,255,255,255,255,255,255,255,255,255,255,255,255,255,255,255,255,255,255,255,255,255,255,255,255,255,255,255,255,255,255,255,255,255,255,255,255,255,255,255,255,255,255,255,255,255,255,255,255,255,255,255,255,
255,255,255,255,255,255,255,255,255,255,255,255,255,255,255,255,255,255,255,255,255,255,255,255,255,255,255,255,255,255,255,255,255,255,255,255,255,255,255,255,255,255,255,255,255,255,255,255,255,255,255,255,255,255,255,255,255,255,255,255,
255,255,255,255,255,255,255,255,255,255,255,255,255,255,255,255,255,255,255,255,255,255,255,255,255,255,255,255,255,255,255,255,255,255,255,255,255,255,255,255,255,255,255,255,255,255,255,255,255,255,255,255,255,255,255,255,255,255,255,255,
255,255,255,255,255,255,255,255,255,255,255,255,255,255,255,255,255,255,255,255,255,255,255,255,255,255,255,255,255,255,255,255,255,255,255,255,255,255,255,255,255,255,255,255,255,255,255,255,255,255,255,255,255,255,255,255,255,255,255,255,
255,255,255,255,255,255,255,255,255,255,255,255,255,255,255,255,255,255,255,255,255,255,255,255,255,255,255,255,255,255,255,255,255,255,255,255,255,255,255,255,255,255,255,255,255,255,255,255,255,255,255,255,255,255,255,255,255,255,255,255,
255,255,255,255,255,255,255,255,255,255,255,255,255,255,255,255,255,255,255,255,255,255,255,255,255,255,255,255,255,255,255,255,255,255,255,255,255,255,255,255,255,255,255,255,255,255,255,255,255,255,255,255,255,255,255,255,255,255,255,255,
255,255,255,255,255,255,255,255,255,255,255,255,255,255,255,255,255,255,255,255,255,255,255,255,255,255,255,255,255,255,255,255,255,255,255,255,255,255,255,255,255,255,255,255,255,255,255,255,255,255,255,255,255,255,255,255,255,255,255,255,
255,255,255,255,255,255,255,255,255,255,255,255,255,255,255,255,255,255,255,255,255,255,255,255,255,255,255,255,255,255,255,255,255,255,255,255,255,255,255,255,255,255,255,255,255,255,255,255,255,255,255,255,255,255,255,255,255,255,255,255,
255,255,255,255,255,255,255,255,255,255,255,255,255,255,255,255,255,255,255,255,255,255,255,255,255,255,255,255,255,255,255,255,255,255,255,255,255,255,255,255,255,255,255,255,255,255,255,255,255,255,255,255,255,255,255,255,255,255,255,255,
255,255,255,255,255,255,255,255,255,255,255,255,255,255,255,255,255,255,255,255,255,255,255,255,255,255,255,255,255,254,241,251,255,255,255,255,255,255,255,255,255,255,255,255,255,255,255,255,255,255,255,255,255,255,255,255,255,255,255,255,
255,255,255,255,255,255,255,255,255,255,254,169,254,255,255,255,255,255,255,255,255,255,255,255,255,255,255,255,254,225,57,242,255,255,255,255,255,255,255,255,255,255,255,255,255,255,255,255,255,255,255,255,255,255,255,255,255,255,255,255,
255,255,255,255,255,255,255,255,255,255,254,29,156,255,255,255,255,255,255,255,255,255,255,255,255,255,255,236,93,24,3,186,255,255,255,255,255,255,255,255,255,255,255,255,255,255,255,255,255,229,254,255,255,255,255,255,255,255,255,255,
255,255,255,255,255,255,255,255,255,252,98,0,75,253,255,255,255,255,255,255,255,255,255,255,255,255,255,232,10,0,0,12,208,255,255,255,255,255,255,255,255,255,255,255,255,255,255,255,255,200,215,254,255,255,255,255,255,255,255,255,
255,255,255,255,255,255,255,255,213,36,0,0,0,57,240,255,255,255,255,255,255,255,255,255,254,162,94,199,3,0,0,25,252,255,255,255,255,255,255,255,255,255,255,255,255,255,255,255,254,113,17,146,253,254,255,255,255,255,255,255,
255,255,255,255,255,255,255,255,252,45,0,0,0,48,254,255,255,255,255,255,255,255,255,255,255,18,0,0,0,0,0,34,254,255,255,255,255,255,255,255,255,255,255,255,255,255,255,254,219,4,0,0,21,220,255,255,255,253,228,255,
255,255,255,255,255,255,255,255,254,44,0,0,0,3,231,255,255,255,255,255,255,255,255,255,254,88,0,0,0,0,0,49,253,255,255,255,255,255,255,255,255,255,255,255,255,255,255,230,36,0,0,0,3,229,255,255,255,155,216,255,
255,255,255,255,255,255,255,255,255,211,7,0,0,0,193,255,255,255,255,255,255,255,255,255,255,230,1,0,0,0,0,76,203,255,255,255,255,255,255,255,255,255,255,255,255,255,255,255,142,0,0,0,0,167,255,255,215,163,254,255,
255,255,255,255,255,255,255,255,255,253,73,0,6,61,246,255,255,255,255,255,255,255,255,255,254,120,0,0,0,0,0,0,172,255,255,255,255,255,255,255,255,255,255,255,255,255,255,254,164,0,0,0,50,250,255,248,127,254,255,255,
255,255,255,255,255,255,255,255,255,180,0,0,14,202,254,255,255,255,255,255,255,255,255,255,255,159,81,41,0,0,0,39,247,255,255,255,255,255,255,255,255,255,255,255,255,255,255,255,204,0,0,1,141,231,254,141,234,255,255,255,
255,255,255,255,255,255,255,255,255,158,0,0,0,44,255,255,255,255,255,255,255,255,255,255,255,254,250,28,0,0,35,236,255,255,255,255,255,255,255,255,255,255,255,255,255,255,255,255,239,38,0,0,0,1,104,144,253,255,255,255,
255,255,255,255,255,255,255,255,254,85,0,0,0,89,255,255,255,255,255,255,255,255,255,255,255,255,253,8,0,0,93,254,255,255,255,255,255,255,255,255,255,255,255,255,255,255,255,255,114,0,0,0,0,0,0,0,26,93,185,252,
255,255,255,255,255,255,255,255,248,30,0,0,0,154,255,255,255,255,255,255,255,255,255,255,255,255,253,33,0,0,134,254,255,255,255,255,255,255,255,255,255,255,255,255,255,255,255,255,145,0,0,0,0,28,86,2,0,0,0,17,
254,236,219,255,255,255,255,233,65,0,0,0,0,193,255,255,255,255,255,255,255,255,255,255,255,255,251,28,0,0,16,232,255,255,255,255,255,255,255,255,255,255,255,255,255,255,255,255,250,27,0,0,0,108,254,211,81,16,36,33,
29,0,0,177,254,254,197,21,31,126,0,0,0,220,255,255,255,255,255,255,255,255,255,255,255,255,220,0,0,0,0,124,255,255,255,255,255,255,255,255,255,255,255,255,255,255,255,255,251,21,0,0,0,128,254,255,254,254,254,255,
0,0,0,0,28,15,3,55,220,111,0,0,0,109,255,255,255,255,255,255,255,255,255,255,255,255,187,0,0,0,0,18,239,255,255,255,255,255,255,255,255,255,255,255,255,255,255,255,149,0,0,0,15,230,255,255,255,255,255,255,
0,0,0,0,0,0,4,55,33,1,0,0,0,3,219,255,255,255,255,255,255,255,255,255,255,255,180,0,0,0,0,0,99,254,255,255,255,255,255,255,255,255,255,255,255,255,255,255,180,0,0,0,116,254,255,255,255,255,255,255,
35,0,0,0,0,0,0,0,0,3,0,0,0,0,110,255,255,255,255,255,255,255,255,255,255,255,180,0,0,0,0,0,0,139,254,255,255,255,255,255,255,255,255,255,255,255,255,254,51,0,0,0,18,239,255,255,255,255,255,255,
246,153,31,0,0,0,0,0,0,0,0,0,0,0,11,233,255,255,255,255,255,255,255,255,255,255,197,0,0,0,0,0,0,0,157,255,255,255,255,255,255,255,255,255,255,255,255,233,0,0,0,0,0,143,254,255,255,255,255,255,
255,254,243,147,30,0,0,0,0,0,0,0,0,0,0,127,255,255,255,255,255,255,255,255,255,255,247,7,0,0,0,0,0,0,42,254,255,255,255,255,255,255,255,255,255,255,255,177,0,0,0,0,0,33,248,255,255,255,255,255,
255,255,255,255,244,144,28,0,0,0,0,0,0,0,0,24,249,255,255,255,255,255,255,255,255,255,254,63,0,0,0,0,2,52,178,254,255,255,255,255,255,255,255,255,255,255,254,105,0,0,0,0,0,0,136,255,255,255,255,255,
255,255,255,255,255,254,243,146,40,0,0,0,0,0,2,67,239,255,255,255,255,255,255,255,255,255,255,126,11,74,90,92,12,237,254,255,255,255,255,255,255,255,255,255,255,255,246,17,0,0,0,0,0,0,6,180,254,255,255,255,
255,255,255,255,255,255,255,255,223,112,0,0,0,91,203,253,255,255,255,255,255,255,255,255,255,255,255,100,63,254,254,238,5,154,255,255,255,255,255,255,255,255,255,255,255,255,156,0,0,0,0,0,0,0,0,12,247,255,255,255,
