255,255,255,255,255,255,255,255,255,255,255,255,255,255,255,255,255,255,255,255,255,255,255,255,255,255,255,255,255,255,255,255,255,255,255,255,255,255,255,255,255,255,255,255,255,255,255,255,255,255,255,255,255,255,255,255,255,255,255,255,
255,255,255,255,255,255,255,255,255,255,255,255,255,255,255,255,255,255,255,255,255,255,255,255,255,255,255,255,255,255,255,255,255,255,255,255,255,255,255,255,255,255,255,255,255,255,255,255,255,255,255,255,255,255,255,255,255,255,255,255,
255,255,255,255,255,255,255,255,255,255,255,255,255,255,255,255,255,255,255,255,255,255,255,255,255,255,255,255,255,255,255,255,255,255,255,255,255,255,255,255,255,255,255,255,255,255,255,255,255,255,255,255,255,255,255,255,255,255,255,255,
255,255,255,255,255,255,255,255,255,255,255,255,255,255,255,255,255,255,255,255,255,255,255,255,255,255,255,255,255,255,255,255,255,255,255,255,255,255,255,255,255,255,255,255,255,255,255,255,255,255,255,255,255,255,255,255,255,255,255,255,
255,255,255,255,255,255,255,255,255,255,255,255,255,255,255,255,255,255,255,255,255,255,255,255,255,255,255,255,255,255,255,255,255,255,255,255,255,255,255,255,255,255,255,255,255,255,255,255,255,255,255,255,255,255,255,255,255,255,255,255,
255,255,255,255,255,255,255,255,255,255,255,255,255,255,255,255,255,255,255,255,255,255,255,255,255,255,255,255,255,255,255,255,255,255,255,255,255,255,255,255,255,255,255,255,255,255,255,255,255,255,255,255,255,255,255,255,255,255,255,255,
255,255,255,255,255,255,255,255,255,255,255,255,255,255,255,255,255,255,255,255,255,255,255,255,255,255,255,255,255,255,255,255,255,255,255,255,255,255,255,255,255,255,255,255,255,255,255,255,255,255,255,255,255,255,255,255,255,255,255,255,
255,255,255,255,255,255,255,255,255,255,255,255,255,255,255,255,255,255,255,255,255,255,255,255,255,255,255,255,255,255,255,255,255,255,255,255,255,255,255,255,255,255,255,255,255,255,255,255,255,255,255,255,255,255,255,255,255,255,255,255,
255,255,255,255,255,255,255,255,255,255,255,255,255,255,255,255,255,255,255,255,255,255,255,255,255,255,255,255,255,255,255,255,255,255,255,255,255,255,255,255,255,255,255,255,255,255,255,255,255,255,255,255,255,255,255,255,255,255,255,255,
255,255,255,255,255,255,255,255,255,255,255,255,255,255,255,255,255,255,255,255,255,255,255,255,255,255,255,255,255,255,255,255,255,255,255,255,255,255,255,255,255,255,255,255,255,255,255,255,255,255,255,255,255,255,255,255,255,255,255,255,
255,255,255,255,255,255,255,255,255,255,255,255,255,255,255,255,255,255,255,255,255,255,255,255,255,255,255,255,255,255,255,255,255,255,255,255,255,255,255,255,255,255,255,255,255,255,255,255,255,255,255,255,255,255,255,255,255,255,255,255,
255,255,255,255,255,255,255,255,255,255,255,255,255,255,255,255,255,255,255,255,255,255,255,255,255,255,255,255,255,255,255,255,255,255,255,255,255,255,255,255,255,255,255,255,255,255,255,255,255,255,255,255,255,255,255,255,255,255,255,255,
255,255,255,255,255,255,255,255,255,255,255,255,255,255,255,255,255,255,255,255,255,255,255,255,255,255,255,255,255,255,255,255,255,255,255,255,255,255,255,255,255,255,255,255,255,255,255,255,255,255,255,255,255,255,255,255,255,255,255,255,
255,255,255,255,255,255,255,255,255,255,255,255,255,255,255,255,255,255,255,255,255,255,255,255,255,255,255,255,255,255,255,255,255,255,255,255,255,255,255,255,255,255,255,255,255,255,255,255,255,255,255,255,255,255,255,255,255,255,255,255,
255,255,255,255,255,255,255,255,255,255,255,255,255,255,255,255,255,255,255,255,255,255,255,255,255,255,255,255,255,255,255,255,255,255,255,255,255,255,255,255,255,255,255,255,255,255,255,255,255,255,255,255,255,255,255,255,255,255,255,255,
255,255,255,255,255,255,255,255,255,255,255,255,255,255,255,255,255,255,255,255,255,255,255,255,255,255,255,255,255,255,255,255,255,255,255,255,255,255,255,255,255,255,255,255,255,255,255,255,255,255,255,255,255,255,255,255,255,255,255,255,
255,255,255,255,255,255,255,255,255,255,255,255,255,255,255,255,255,255,255,255,255,255,255,255,255,255,255,255,255,255,255,255,255,255,255,255,255,255,255,255,255,255,255,255,255,255,255,255,255,255,255,255,255,255,255,255,255,255,255,255,
255,255,255,255,255,255,255,255,255,255,255,255,255,255,255,255,255,255,255,255,255,255,255,255,255,255,255,255,255,255,255,255,255,255,255,255,255,255,255,255,255,255,255,255,255,255,255,255,255,255,255,255,255,255,255,255,255,255,255,255,
255,255,255,255,255,255,255,255,255,255,255,255,255,255,255,255,255,255,255,255,255,255,255,255,255,255,255,255,255,255,255,255,255,255,255,255,255,255,255,255,255,255,255,255,255,255,255,255,255,255,255,255,255,255,255,255,255,255,255,255,
255,255,255,255,255,255,255,255,255,255,255,255,255,255,255,255,255,255,255,255,255,255,255,255,255,255,255,255,255,255,255,255,255,255,255,255,255,255,255,255,255,255,255,255,255,255,255,255,255,255,255,255,255,255,255,255,255,255,255,255,
255,255,255,255,255,255,255,255,255,255,255,255,255,255,255,255,255,255,255,255,255,255,255,255,255,255,255,255,255,255,255,255,255,255,255,255,255,255,255,255,255,255,255,255,255,255,255,255,255,255,255,255,255,255,255,255,255,255,255,255,
255,255,255,255,255,255,255,255,255,255,255,254,232,255,255,255,255,255,255,255,255,255,255,255,255,255,255,255,255,255,254,205,245,255,255,255,255,255,255,255,255,255,255,255,255,255,255,255,255,255,255,255,255,255,255,255,255,255,255,255,
255,255,255,255,255,255,255,255,255,255,255,183,90,254,255,255,255,255,255,255,255,255,255,255,255,255,255,255,225,149,116,39,252,255,255,255,255,255,255,255,255,255,255,255,255,255,255,255,255,255,229,254,255,255,255,255,255,255,255,255,
255,255,255,255,255,255,255,255,255,255,251,90,0,225,255,255,255,255,255,255,255,255,255,200,124,254,254,255,179,0,0,2,213,255,255,255,255,255,255,255,255,255,255,255,255,255,255,255,255,255,158,251,255,255,255,255,255,255,255,255,
255,255,255,255,255,255,255,255,255,189,77,0,0,50,180,254,255,255,255,255,255,255,254,73,2,123,74,249,98,0,0,0,78,255,255,255,255,255,255,255,255,255,255,255,255,255,255,255,255,252,65,48,210,254,254,255,255,255,255,255,
255,255,255,255,255,255,255,255,255,171,0,0,0,0,146,255,255,255,255,255,255,255,254,113,101,16,0,74,76,0,0,0,193,255,255,255,255,255,255,255,255,255,255,255,255,255,255,255,254,152,0,0,11,99,250,255,255,255,255,255,
255,255,255,255,255,255,255,255,255,214,0,0,0,0,108,255,255,255,255,255,255,255,255,255,250,18,6,35,45,0,0,15,250,255,255,255,255,255,255,255,255,255,255,255,255,255,255,255,153,5,0,0,0,74,255,255,225,237,255,255,
255,255,255,255,255,255,255,255,255,245,97,0,0,0,43,254,255,255,255,255,255,255,255,255,201,1,124,3,0,0,0,93,238,255,255,255,255,255,255,255,255,255,255,255,255,255,255,255,250,26,0,0,0,15,253,255,132,232,255,255,
255,255,255,255,255,255,255,255,255,255,230,17,0,0,81,254,255,255,255,255,255,255,255,255,130,0,0,0,0,0,0,0,139,255,255,255,255,255,255,255,255,255,255,255,255,255,255,255,254,27,0,0,0,131,255,218,157,255,255,255,
255,255,255,255,255,255,255,255,255,255,146,0,0,99,242,255,255,255,255,255,255,255,255,255,224,158,182,79,0,0,0,7,224,255,255,255,255,255,255,255,255,255,255,255,255,255,255,255,254,49,0,0,16,240,252,132,247,255,255,255,
255,255,255,255,255,255,255,255,255,254,85,0,0,0,211,255,255,255,255,255,255,255,255,255,255,255,254,51,0,0,21,201,255,255,255,255,255,255,255,255,255,255,255,255,255,255,255,255,254,118,0,0,9,18,89,168,254,255,255,255,
255,255,255,255,255,255,255,255,255,218,2,0,0,0,234,255,255,255,255,255,255,255,255,255,255,255,254,41,0,0,78,254,255,255,255,255,255,255,255,255,255,255,255,255,255,255,255,255,231,5,0,0,0,0,0,6,57,112,198,254,
255,255,255,255,255,255,255,255,254,162,0,0,0,40,253,255,255,255,255,255,255,255,255,255,255,255,255,50,0,0,95,254,255,255,255,255,255,255,255,255,255,255,255,255,255,255,255,255,205,0,0,0,0,0,17,0,0,0,0,30,
254,242,204,240,255,255,255,254,178,20,0,0,0,81,255,255,255,255,255,255,255,255,255,255,255,255,254,81,0,0,43,248,255,255,255,255,255,255,255,255,255,255,255,255,255,255,255,254,152,0,0,0,0,54,245,136,11,0,0,4,
30,0,0,75,231,254,237,95,1,101,7,0,0,113,255,255,255,255,255,255,255,255,255,255,255,255,236,4,0,0,0,174,255,255,255,255,255,255,255,255,255,255,255,255,255,255,255,255,134,0,0,0,0,122,255,255,224,155,202,229,
0,0,0,0,5,15,0,17,149,158,5,0,0,81,254,255,255,255,255,255,255,255,255,255,255,255,162,0,0,0,0,102,255,255,255,255,255,255,255,255,255,255,255,255,255,255,255,255,118,0,0,0,31,236,255,255,255,255,255,255,
0,0,0,0,0,0,0,8,9,1,2,0,0,0,184,255,255,255,255,255,255,255,255,255,255,254,89,0,0,0,0,29,252,255,255,255,255,255,255,255,255,255,255,255,255,255,255,255,153,0,0,0,129,254,255,255,255,255,255,255,
132,25,0,0,0,0,0,0,0,0,0,0,0,0,72,254,255,255,255,255,255,255,255,255,255,253,17,0,0,0,0,0,176,255,255,255,255,255,255,255,255,255,255,255,255,255,255,254,32,0,0,0,21,249,255,255,255,255,255,255,
255,243,145,34,0,0,0,0,0,0,0,0,0,0,1,209,255,255,255,255,255,255,255,255,255,230,0,0,0,0,0,0,36,241,255,255,255,255,255,255,255,255,255,255,255,255,255,212,0,0,0,0,0,195,255,255,255,255,255,255,
255,255,255,246,159,44,0,0,0,0,0,0,0,0,0,100,255,255,255,255,255,255,255,255,255,196,0,0,0,0,0,0,0,98,255,255,255,255,255,255,255,255,255,255,255,255,255,139,0,0,0,0,0,137,255,255,255,255,255,255,
255,255,255,255,255,250,174,54,1,0,0,0,0,0,0,16,247,255,255,255,255,255,255,255,255,207,0,0,0,0,0,0,0,34,254,255,255,255,255,255,255,255,255,255,255,255,252,40,0,0,0,0,0,76,254,255,255,255,255,255,
255,255,255,255,255,255,255,252,88,0,0,0,0,0,0,25,229,255,255,255,255,255,255,255,255,253,108,15,0,7,31,16,19,214,255,255,255,255,255,255,255,255,255,255,255,255,171,0,0,0,0,0,0,13,242,255,255,255,255,255,
255,255,255,255,255,255,255,255,222,125,15,0,0,80,149,246,255,255,255,255,255,255,255,255,255,255,254,141,28,243,254,172,1,208,255,255,255,255,255,255,255,255,255,255,255,252,35,0,0,0,0,0,0,0,128,255,255,255,255,255,
255,255,255,255,255,255,255,255,255,254,31,0,38,254,254,255,255,255,255,255,255,255,255,255,255,255,255,137,34,254,255,250,17,142,255,255,255,255,255,255,255,255,255,255,255,226,1,0,0,0,0,0,0,0,58,254,255,255,255,255,
255,255,255,255,255,255,255,255,255,254,28,0,129,254,255,255,255,255,255,255,255,255,255,255,255,255,255,184,33,254,255,255,96,120,255,255,255,255,255,255,255,255,255,255,255,254,159,13,0,0,0,0,0,54,228,255,255,255,255,255,
