255,255,255,255,255,255,255,255,255,255,255,255,255,255,255,255,255,255,255,255,255,255,255,255,255,255,255,255,255,255,255,255,255,255,255,255,255,255,255,255,255,255,255,255,255,255,255,255,255,255,255,255,255,255,255,255,255,255,255,255,
255,255,255,255,255,255,255,255,255,255,255,255,255,255,255,255,255,255,255,255,255,255,255,255,255,255,255,255,255,255,255,255,255,255,255,255,255,255,255,255,255,255,255,255,255,255,255,255,255,255,255,255,255,255,255,255,255,255,255,255,
255,255,255,255,255,255,255,255,255,255,255,255,255,255,255,255,255,255,255,255,255,255,255,255,255,255,255,255,255,255,255,255,255,255,255,255,255,255,255,255,255,255,255,255,255,255,255,255,255,255,255,255,255,255,255,255,255,255,255,255,
255,255,255,255,255,255,255,255,255,255,255,255,255,255,255,255,255,255,255,255,255,255,255,255,255,255,255,255,255,255,255,255,255,255,255,255,255,255,255,255,255,255,255,255,255,255,255,255,255,255,255,255,255,255,255,255,255,255,255,255,
255,255,255,255,255,255,255,255,255,255,255,255,255,255,255,255,255,255,255,255,255,255,255,255,255,255,255,255,255,255,255,255,255,255,255,255,255,255,255,255,255,255,255,255,255,255,255,255,255,255,255,255,255,255,255,255,255,255,255,255,
255,255,255,255,255,255,255,255,255,255,255,255,255,255,255,255,255,255,255,255,255,255,255,255,255,255,255,255,255,255,255,255,255,255,255,255,255,255,255,255,255,255,255,255,255,255,255,255,255,255,255,255,255,255,255,255,255,255,255,255,
255,255,255,255,255,255,255,255,255,255,255,255,255,255,255,255,255,255,255,255,255,255,255,255,255,255,255,255,255,255,255,255,255,255,255,255,255,255,255,255,255,255,255,255,255,255,255,255,255,255,255,255,255,255,255,255,255,255,255,255,
255,255,255,255,255,255,255,255,255,255,255,255,255,255,255,255,255,255,255,255,255,255,255,255,255,255,255,255,255,255,255,255,255,255,255,255,255,255,255,255,255,255,255,255,255,255,255,255,255,255,255,255,255,255,255,255,255,255,255,255,
255,255,255,255,255,255,255,255,255,255,255,255,255,255,255,255,255,255,255,255,255,255,255,255,255,255,255,255,255,255,255,255,255,255,255,255,255,255,255,255,255,255,255,255,255,255,255,255,255,255,255,255,255,255,255,255,255,255,255,255,
255,255,255,255,255,255,255,255,255,255,255,255,255,255,255,255,255,255,255,255,255,255,255,255,255,255,255,255,255,255,255,255,255,255,255,255,255,255,255,255,255,255,255,255,255,255,255,255,255,255,255,255,255,255,255,255,255,255,255,255,
255,255,255,255,255,255,255,255,255,255,255,255,255,255,255,255,255,255,255,255,255,255,255,255,255,255,255,255,255,255,255,255,255,255,255,255,255,255,255,255,255,255,255,255,255,255,255,255,255,255,255,255,255,255,255,255,255,255,255,255,
255,255,255,255,255,255,255,255,255,255,255,255,255,255,255,255,255,255,255,255,255,255,255,255,255,255,255,255,255,255,255,255,255,255,255,255,255,255,255,255,255,255,255,255,255,255,255,255,255,255,255,255,255,255,255,255,255,255,255,255,
255,255,255,255,255,255,255,255,255,255,255,255,255,255,255,255,255,255,255,255,255,255,255,255,255,255,255,255,255,255,255,255,255,255,255,255,255,255,255,255,255,255,255,255,255,255,255,255,255,255,255,255,255,255,255,255,255,255,255,255,
255,255,255,255,255,255,255,255,255,255,255,255,255,255,255,255,255,255,255,255,255,255,255,255,255,255,255,255,255,255,255,255,255,255,255,255,255,255,255,255,255,255,255,255,255,255,255,255,255,255,255,255,255,255,255,255,255,255,255,255,
255,255,255,255,255,255,255,255,255,255,255,255,255,255,255,255,255,255,255,255,255,255,255,255,255,255,255,255,255,255,255,255,255,255,255,255,255,255,255,255,255,255,255,255,255,255,255,255,255,254,255,255,255,255,255,255,255,255,255,255,
255,255,255,255,255,255,255,255,255,255,255,255,255,255,255,255,255,255,255,255,255,255,255,255,255,255,255,255,255,255,255,255,255,255,255,255,255,255,255,255,255,255,255,255,255,255,255,255,255,216,228,255,255,255,255,255,255,255,255,255,
255,255,255,255,255,255,255,255,255,255,255,255,253,248,255,255,255,255,255,255,255,255,255,255,255,255,255,255,255,255,233,154,254,255,255,255,255,255,255,255,255,255,255,255,255,255,255,255,249,96,209,255,255,255,255,255,255,255,255,255,
255,255,255,255,255,255,255,255,255,255,255,255,170,159,255,255,255,255,255,255,255,255,255,255,255,255,255,255,254,248,108,80,254,255,255,255,255,255,255,255,255,255,255,255,255,255,246,193,55,0,77,248,254,255,255,255,255,255,255,255,
255,255,255,255,255,255,255,255,255,255,255,243,70,38,254,255,255,255,255,255,255,255,255,255,255,255,255,255,201,56,0,0,166,254,255,255,255,255,255,255,255,255,255,255,255,255,198,0,0,0,0,39,244,255,255,255,255,255,255,255,
255,255,255,255,255,255,255,255,255,254,165,50,0,4,182,254,255,255,255,255,255,255,255,255,255,255,255,255,226,0,0,0,35,238,255,255,255,255,255,255,255,255,255,255,255,255,254,52,0,0,0,106,254,255,255,255,255,255,255,255,
255,255,255,255,255,255,255,255,255,255,113,0,0,0,1,208,255,255,255,255,255,255,255,255,255,255,255,255,206,4,0,0,31,254,255,255,255,255,255,255,255,255,255,255,255,255,254,22,0,0,0,68,255,254,254,255,255,255,255,255,
255,255,255,255,255,255,255,255,255,255,120,0,0,0,6,234,255,255,255,255,255,255,255,255,255,255,254,255,254,101,0,0,1,216,255,255,255,255,255,255,255,255,255,255,255,255,255,42,0,0,0,58,170,155,121,230,255,255,255,255,
255,255,255,255,255,255,255,255,255,255,212,28,0,0,0,160,255,255,255,255,255,255,255,246,247,253,56,111,114,57,0,0,16,227,255,255,255,255,255,255,254,174,202,247,212,176,129,37,0,0,13,167,222,240,248,254,255,255,255,255,
255,255,255,255,255,255,255,255,255,255,254,125,0,0,4,154,255,255,255,255,255,255,255,163,29,67,9,0,2,0,0,0,15,158,255,255,255,255,255,255,232,25,14,126,133,16,0,0,0,0,0,114,255,255,255,255,255,255,255,255,
255,255,255,255,255,255,255,255,255,255,254,119,1,9,181,254,255,255,255,255,255,255,255,221,9,168,11,0,0,0,0,0,4,205,255,255,255,255,255,255,255,182,2,112,46,0,2,0,0,0,0,76,255,255,255,255,255,255,255,255,
255,255,255,255,255,255,255,255,255,255,230,15,0,0,125,254,255,255,255,255,255,255,255,255,219,174,11,142,132,0,0,0,148,255,255,255,255,255,255,255,255,254,114,0,4,122,62,0,0,0,52,198,254,255,255,255,255,255,255,255,
255,255,255,255,255,255,255,255,255,254,114,0,0,0,98,255,255,255,255,255,255,255,255,255,255,247,232,255,173,0,0,0,193,255,255,255,255,255,255,255,255,255,238,106,187,254,31,0,0,0,151,254,255,255,255,255,255,255,255,255,
255,255,254,253,254,255,255,240,165,67,0,0,0,0,114,255,255,255,255,255,255,255,255,255,255,255,255,255,244,19,0,0,131,255,255,255,255,255,255,255,255,255,255,255,254,234,0,0,0,0,212,255,255,255,255,255,255,255,255,255,
118,82,42,8,116,136,117,35,12,105,193,9,0,0,124,255,255,255,255,255,255,255,255,255,255,255,255,255,232,19,0,0,150,255,255,255,255,255,255,255,255,255,255,255,255,239,16,0,0,39,250,255,255,255,255,255,255,255,255,255,
0,0,0,0,0,9,16,100,197,217,126,20,0,0,23,254,255,255,255,255,255,255,255,255,255,255,255,255,120,0,0,0,62,254,255,255,255,255,255,255,255,255,255,255,255,212,3,0,0,7,210,255,255,255,255,255,255,255,255,255,
27,0,0,0,0,0,0,0,0,0,0,20,7,0,7,201,255,255,255,255,255,255,255,255,255,255,255,249,23,0,0,0,10,253,255,255,255,255,255,255,255,255,255,255,254,128,0,0,0,0,95,255,255,255,255,255,255,255,255,255,
249,172,66,2,0,0,0,0,0,0,0,21,3,0,0,43,252,255,255,255,255,255,255,255,255,255,255,172,0,0,0,0,0,219,255,255,255,255,255,255,255,255,255,255,255,66,0,0,0,0,9,235,255,255,255,255,255,255,255,255,
255,255,254,215,112,19,0,0,0,0,0,0,0,0,0,0,177,255,255,255,255,255,255,255,255,255,255,68,0,0,0,0,0,159,255,255,255,255,255,255,255,255,255,255,242,7,0,0,0,0,0,122,255,255,255,255,255,255,255,255,
255,255,255,255,254,244,158,54,1,0,0,0,0,0,0,0,51,254,255,255,255,255,255,255,255,255,199,0,0,0,0,0,0,99,255,255,255,255,255,255,255,255,255,255,165,0,0,0,0,0,0,8,206,255,255,255,255,255,255,255,
255,255,255,255,255,255,255,254,203,104,24,0,0,0,0,0,0,187,255,255,255,255,255,255,255,255,88,0,0,0,0,0,0,64,255,255,255,255,255,255,255,255,255,255,82,0,0,0,0,0,0,0,29,236,255,255,255,255,255,255,
255,255,255,255,255,255,255,255,255,254,37,0,0,0,0,0,0,98,254,255,255,255,255,255,255,255,128,3,0,0,0,0,0,81,254,255,255,255,255,255,255,255,255,255,65,0,0,0,0,0,0,0,0,136,255,255,255,255,255,255,
255,255,255,255,255,255,255,255,255,249,13,0,0,0,0,0,0,54,254,255,255,255,255,255,255,255,255,217,85,0,31,0,21,195,255,255,255,255,255,255,255,255,255,255,197,16,0,0,0,0,0,23,146,244,255,255,255,255,255,255,
255,255,255,255,255,255,255,255,255,254,205,3,0,0,4,33,117,228,255,255,255,255,255,255,255,255,255,255,154,10,253,87,65,254,255,255,255,255,255,255,255,255,255,255,255,238,50,1,121,134,27,55,254,255,255,255,255,255,255,255,
255,255,255,255,255,255,255,255,255,255,99,0,47,218,237,255,254,255,255,255,255,255,255,255,255,255,255,255,164,40,254,152,54,254,255,255,255,255,255,255,255,255,255,255,255,254,92,15,252,254,129,5,237,255,255,255,255,255,255,255,
255,255,255,255,255,255,255,255,255,255,15,0,13,222,255,255,255,255,255,255,255,255,255,255,255,255,255,255,188,59,254,178,40,254,255,255,255,255,255,255,255,255,255,255,255,254,31,58,254,255,204,0,170,255,255,255,255,255,255,255,
255,255,255,255,255,255,255,255,255,254,107,0,0,102,255,255,255,255,255,255,255,255,255,255,255,255,255,255,179,58,254,182,30,254,255,255,255,255,255,255,255,255,255,255,255,255,13,96,254,255,247,8,132,255,255,255,255,255,255,255,
255,255,255,255,255,255,255,255,255,255,253,121,0,12,204,255,255,255,255,255,255,255,255,255,255,255,229,172,116,21,178,124,0,227,255,255,255,255,255,255,255,255,255,255,255,255,37,130,255,255,254,67,121,255,255,255,255,255,255,255,
255,255,255,255,255,255,255,255,255,255,255,255,158,1,17,247,255,255,255,255,255,255,255,255,255,255,167,73,44,0,55,46,1,93,247,255,255,255,255,255,255,255,255,255,255,254,52,154,255,255,255,117,68,254,255,255,255,255,255,255,
255,255,255,255,255,255,255,255,255,255,255,255,223,40,0,80,246,255,255,255,255,255,255,255,255,254,249,188,126,59,68,72,69,149,253,255,255,255,255,255,255,255,255,255,255,254,44,143,255,255,255,161,29,254,255,255,255,255,255,255,
255,255,255,255,255,255,255,255,255,255,254,161,13,0,0,0,150,253,255,255,255,255,255,255,255,252,195,162,127,85,82,82,82,111,232,255,255,255,255,255,255,255,255,255,255,254,29,147,255,255,255,168,11,244,255,255,255,255,255,255,
