255,255,255,255,255,255,255,255,255,255,255,255,255,255,255,255,255,255,255,255,255,255,255,255,255,255,255,255,255,255,255,255,255,255,255,255,255,255,255,255,255,255,255,255,255,255,255,255,255,255,255,255,255,255,255,255,255,255,255,255,
255,255,255,255,255,255,255,255,255,255,255,255,255,255,255,255,255,255,255,255,255,255,255,255,255,255,255,255,255,255,255,255,255,255,255,255,255,255,255,255,255,255,255,255,255,255,255,255,255,255,255,255,255,255,255,255,255,255,255,255,
255,255,255,255,255,255,255,255,255,255,255,255,255,255,255,255,255,255,255,255,255,255,255,255,255,255,255,255,255,255,255,255,255,255,255,255,255,255,255,255,255,255,255,255,255,255,255,255,255,255,255,255,255,255,255,255,255,255,255,255,
255,255,255,255,255,255,255,255,255,255,255,255,255,255,255,255,255,255,255,255,255,255,255,255,255,255,255,255,255,255,255,255,255,255,255,255,255,255,255,255,255,255,255,255,255,255,255,255,255,255,255,255,255,255,255,255,255,255,255,255,
255,255,255,255,255,255,255,255,255,255,255,255,255,255,255,255,255,255,255,255,255,255,255,255,255,255,255,255,255,255,255,255,255,255,255,255,255,255,255,255,255,255,255,255,255,255,255,255,255,255,255,255,255,255,255,255,255,255,255,255,
255,255,255,255,255,255,255,255,255,255,255,255,255,255,255,255,255,255,255,255,255,255,255,255,255,255,255,255,255,255,255,255,255,255,255,255,255,255,255,255,255,255,255,255,255,255,255,255,255,255,255,255,255,255,255,255,255,255,255,255,
255,255,255,255,255,255,255,255,255,255,255,255,255,255,255,255,255,255,255,255,255,255,255,255,255,255,255,255,255,255,255,255,255,255,255,255,255,255,255,255,255,255,255,255,255,255,255,255,255,255,255,255,255,255,255,255,255,255,255,255,
255,255,255,255,255,255,255,255,255,255,255,255,255,255,255,255,255,255,255,255,255,255,255,255,255,255,255,255,255,255,255,255,255,255,255,255,255,255,255,255,255,255,255,255,255,255,255,255,255,255,255,255,255,255,255,255,255,255,255,255,
255,255,255,255,255,255,255,255,255,255,255,255,255,255,255,255,255,255,255,255,255,255,255,255,255,255,255,255,255,255,255,255,255,255,255,255,255,255,255,255,255,255,255,255,255,255,255,255,255,255,255,255,255,255,255,255,255,255,255,255,
255,255,255,255,255,255,255,255,255,255,255,255,255,255,255,255,255,255,255,255,255,255,255,255,255,255,255,255,255,255,255,255,255,255,255,255,255,255,255,255,255,255,255,255,255,255,255,255,255,255,255,255,255,255,255,255,255,255,255,255,
255,255,255,255,255,255,255,255,255,255,255,255,255,255,255,255,255,255,255,255,255,255,255,255,255,255,255,255,255,255,255,255,255,255,255,255,255,255,255,255,255,255,255,255,255,255,255,255,255,255,255,255,255,255,255,255,255,255,255,255,
255,255,255,255,255,255,255,255,255,255,255,255,255,255,255,255,255,255,255,255,255,255,255,255,255,255,255,255,255,255,255,255,255,255,255,255,255,255,255,255,255,255,255,255,255,255,255,255,255,255,255,255,255,255,255,255,255,255,255,255,
255,255,255,255,255,255,255,255,255,255,255,255,255,255,255,255,255,255,255,255,255,255,255,255,255,255,255,255,255,255,255,255,255,255,255,255,255,255,255,255,255,255,255,255,255,255,255,255,255,255,255,255,255,255,255,255,255,255,255,255,
255,255,255,255,255,255,255,255,255,255,255,255,255,255,255,255,255,255,255,255,255,255,255,255,255,255,255,255,255,255,255,255,255,255,255,255,255,255,255,255,255,255,255,255,255,255,255,255,255,245,202,255,255,255,255,255,255,255,255,255,
255,255,255,255,255,255,255,255,255,255,255,255,253,252,255,255,255,255,255,255,255,255,255,255,255,255,255,255,255,224,189,255,255,255,255,255,255,255,255,255,255,255,255,255,255,255,255,255,249,111,189,255,255,255,255,255,255,255,255,255,
255,255,255,255,255,255,255,255,255,255,255,255,145,188,255,255,255,255,255,255,255,255,255,255,255,255,255,255,255,165,58,247,255,255,255,255,255,255,255,255,255,255,255,255,255,255,231,142,38,0,79,253,255,255,255,255,255,255,255,255,
255,255,255,255,255,255,255,255,255,255,255,223,43,71,255,255,255,255,255,255,255,255,255,255,255,255,255,252,194,14,0,48,184,255,255,255,255,255,255,255,255,255,255,255,255,255,222,8,0,0,0,106,254,255,255,255,255,255,255,255,
255,255,255,255,255,255,255,255,255,229,132,14,0,31,239,255,255,255,255,255,255,255,255,255,255,255,255,245,39,0,0,0,159,255,255,255,255,255,255,255,255,255,255,255,255,255,241,7,0,0,0,144,255,254,254,235,230,255,255,255,
255,255,255,255,255,255,255,255,255,253,46,0,0,0,56,246,255,255,255,255,255,255,255,255,255,255,255,255,119,0,0,0,111,255,255,255,255,255,255,255,255,255,255,255,255,255,241,3,0,0,0,96,187,156,150,161,191,255,255,255,
255,255,255,255,255,255,255,255,255,254,19,0,0,0,87,254,255,255,255,255,255,255,255,255,255,255,255,255,200,30,0,0,57,254,255,255,255,255,255,255,255,255,254,249,254,239,12,1,0,0,0,129,211,244,254,255,255,255,255,255,
255,255,255,255,255,255,255,255,255,254,128,0,0,0,39,254,255,255,255,255,255,255,255,255,255,255,255,255,238,73,0,0,100,255,255,255,255,255,255,255,255,255,148,8,116,80,0,0,0,1,76,253,255,255,255,255,255,255,255,255,
255,255,255,255,255,255,255,255,255,255,234,11,0,0,30,254,255,255,255,255,255,255,255,255,255,255,216,167,43,0,0,0,13,130,255,255,255,255,255,255,255,255,177,0,36,3,0,0,0,0,5,196,255,255,255,255,255,255,255,255,
255,255,255,255,255,255,255,255,255,255,246,57,0,24,184,255,255,255,255,255,255,255,255,255,254,254,131,0,0,0,0,0,0,178,255,255,255,255,255,255,255,255,203,0,0,20,6,0,0,0,0,192,255,255,255,255,255,255,255,255,
255,255,255,255,255,255,255,255,255,255,187,0,0,1,194,255,255,255,255,255,255,255,255,254,129,80,17,0,37,0,0,0,47,254,255,255,255,255,255,255,255,255,205,2,98,237,7,0,0,0,137,254,255,255,255,255,255,255,255,255,
255,255,255,255,255,255,255,255,254,251,99,0,0,0,123,255,255,255,255,255,255,255,255,255,170,1,32,134,247,48,0,0,44,254,255,255,255,255,255,255,255,255,254,238,254,217,0,0,0,12,249,255,255,255,255,255,255,255,255,255,
248,212,173,137,168,254,253,189,92,20,6,10,0,0,57,254,255,255,255,255,255,255,255,255,255,189,249,255,254,159,0,0,10,236,255,255,255,255,255,255,255,255,255,255,255,198,0,0,0,36,254,255,255,255,255,255,255,255,255,255,
5,0,0,0,9,35,14,25,68,159,231,80,0,0,1,221,255,255,255,255,255,255,255,255,255,255,255,255,254,101,0,0,20,247,255,255,255,255,255,255,255,255,255,255,255,241,7,0,0,84,254,255,255,255,255,255,255,255,255,255,
1,0,0,0,0,0,0,20,87,97,43,0,0,0,0,117,255,255,255,255,255,255,255,255,255,255,255,255,235,7,0,0,0,196,255,255,255,255,255,255,255,255,255,255,254,150,0,0,0,24,244,255,255,255,255,255,255,255,255,255,
210,110,17,0,0,0,0,0,0,0,0,0,23,0,0,63,252,255,255,255,255,255,255,255,255,255,255,255,153,0,0,0,0,157,255,255,255,255,255,255,255,255,255,255,253,34,0,0,0,0,177,255,255,255,255,255,255,255,255,255,
255,255,245,160,57,0,0,0,0,0,0,0,0,0,0,0,165,255,255,255,255,255,255,255,255,255,255,254,69,0,0,0,0,117,255,255,255,255,255,255,255,255,255,255,162,0,0,0,0,0,114,255,255,255,255,255,255,255,255,255,
255,255,255,255,255,212,110,17,0,0,0,0,0,0,0,0,81,255,255,255,255,255,255,255,255,255,255,232,3,0,0,0,0,58,254,255,255,255,255,255,255,255,255,231,22,0,0,0,0,0,49,255,255,255,255,255,255,255,255,255,
255,255,255,255,255,255,254,245,160,57,1,7,0,0,0,0,8,242,255,255,255,255,255,255,255,255,255,140,0,0,0,0,0,2,220,255,255,255,255,255,255,255,238,43,0,0,0,0,0,0,2,229,255,255,255,255,255,255,255,255,
255,255,255,255,255,255,255,255,255,254,240,96,0,0,0,0,0,166,255,255,255,255,255,255,255,255,254,61,0,0,0,0,0,0,116,255,255,255,255,255,255,255,116,0,0,0,0,0,0,0,0,149,255,255,255,255,255,255,255,255,
255,255,255,255,255,255,255,255,255,255,251,16,0,0,0,0,0,87,254,255,255,255,255,255,255,255,254,116,5,0,0,0,0,0,65,254,255,255,255,255,255,255,175,4,0,0,0,0,0,0,0,102,255,255,255,255,255,255,255,255,
255,255,255,255,255,255,255,255,255,255,237,6,0,0,0,0,0,15,253,255,255,255,255,255,255,255,255,254,223,8,61,28,6,87,214,255,255,255,255,255,255,255,254,205,97,21,0,0,0,3,0,77,254,255,255,255,255,255,255,255,
255,255,255,255,255,255,255,255,255,255,228,18,0,12,0,22,68,195,254,255,255,255,255,255,255,255,255,255,224,0,199,165,0,241,255,255,255,255,255,255,255,255,255,255,255,249,24,57,218,238,32,21,253,255,255,255,255,255,255,255,
255,255,255,255,255,255,255,255,255,255,101,0,18,236,234,250,254,255,255,255,255,255,255,255,255,255,255,255,242,8,245,249,13,189,255,255,255,255,255,255,255,255,255,255,255,250,19,112,255,255,142,0,207,255,255,255,255,255,255,255,
255,255,255,255,255,255,255,255,255,255,114,0,0,124,254,255,255,255,255,255,255,255,255,255,255,255,255,255,212,5,253,254,50,160,255,255,255,255,255,255,255,255,255,255,255,210,0,156,255,255,210,0,159,255,255,255,255,255,255,255,
255,255,255,255,255,255,255,255,255,255,249,106,0,6,193,254,255,255,255,255,255,255,255,255,255,255,255,244,173,21,184,193,31,100,251,255,255,255,255,255,255,255,255,255,255,212,0,188,255,255,231,0,175,255,255,255,255,255,255,255,
255,255,255,255,255,255,255,255,255,255,255,254,170,7,12,164,255,255,255,255,255,255,255,255,255,255,255,149,53,0,53,72,7,25,116,251,255,255,255,255,255,255,255,255,255,248,5,222,255,255,239,0,201,255,255,255,255,255,255,255,
255,255,255,255,255,255,255,255,255,255,255,255,254,115,0,24,202,255,255,255,255,255,255,255,255,255,254,230,131,45,58,72,70,88,193,254,255,255,255,255,255,255,255,255,255,222,0,206,255,255,240,4,188,255,255,255,255,255,255,255,
255,255,255,255,255,255,255,255,255,255,255,242,99,0,0,0,65,254,255,255,255,255,255,255,255,255,248,212,189,118,73,73,72,141,244,255,255,255,255,255,255,255,255,254,252,242,6,232,254,255,203,0,179,255,255,255,255,255,255,255,
255,255,255,254,254,255,255,254,254,253,246,109,14,7,0,7,64,177,254,255,255,255,255,255,255,255,233,84,102,73,73,73,73,105,214,255,255,255,255,255,255,255,244,129,95,79,0,62,134,167,179,0,62,254,255,255,255,255,255,255,
254,234,185,128,139,230,211,168,145,149,103,76,72,22,24,63,73,87,245,255,255,255,255,255,251,237,243,121,86,91,73,76,115,222,254,255,255,255,255,255,255,255,246,98,73,73,17,0,54,73,72,29,41,253,255,255,255,255,255,255,
135,87,82,82,82,85,120,218,247,253,157,82,82,82,82,85,146,221,254,255,255,255,255,255,228,97,148,227,247,250,225,234,250,254,255,255,255,255,255,255,255,255,254,209,83,82,80,64,78,82,82,82,117,253,255,255,255,255,255,255,
