255,255,255,255,255,255,255,255,255,255,255,255,255,255,255,255,255,255,255,255,255,255,255,255,255,255,255,255,255,255,255,255,255,255,255,255,255,255,255,255,255,255,255,255,255,255,255,255,255,255,255,255,255,255,255,255,255,255,255,255,
255,255,255,255,255,255,255,255,255,255,255,255,255,255,255,255,255,255,255,255,255,255,255,255,255,255,255,255,255,255,255,255,255,255,255,255,255,255,255,255,255,255,255,255,255,255,255,255,255,255,255,255,255,255,255,255,255,255,255,255,
255,255,255,255,255,255,255,255,255,255,255,255,255,255,255,255,255,255,255,255,255,255,255,255,255,255,255,255,255,255,255,255,255,255,255,255,255,255,255,255,255,255,255,255,255,255,255,255,255,255,255,255,255,255,255,255,255,255,255,255,
255,255,255,255,255,255,255,255,255,255,255,255,255,255,255,255,255,255,255,255,255,255,255,255,255,255,255,255,255,255,255,255,255,255,255,255,255,255,255,255,255,255,255,255,255,255,255,255,255,255,255,255,255,255,255,255,255,255,255,255,
255,255,255,255,255,255,255,255,255,255,255,255,255,255,255,255,255,255,255,255,255,255,255,255,255,255,255,255,255,255,255,255,255,255,255,255,255,255,255,255,255,255,255,255,255,255,255,255,255,255,255,255,255,255,255,255,255,255,255,255,
255,255,255,255,255,255,255,255,255,255,255,255,255,255,255,255,255,255,255,255,255,255,255,255,255,255,255,255,255,255,255,255,255,255,255,255,255,255,255,255,255,255,255,255,255,255,255,255,255,255,255,255,255,255,255,255,255,255,255,255,
255,255,255,255,255,255,255,255,255,255,255,255,255,255,255,255,255,255,255,255,255,255,255,255,255,255,255,255,255,255,255,255,255,255,255,255,255,255,255,255,255,255,255,255,255,255,255,255,255,255,255,255,255,255,255,255,255,255,255,255,
255,255,255,255,255,255,255,255,255,255,255,255,255,255,255,255,255,255,255,255,255,255,255,255,255,255,255,255,255,255,255,255,255,255,255,255,255,255,255,255,255,255,255,255,255,255,255,255,255,255,255,255,255,255,255,255,255,255,255,255,
255,255,255,255,255,255,255,255,255,255,255,255,255,255,255,255,255,255,255,255,255,255,255,255,255,255,255,255,255,255,255,255,255,255,255,255,255,255,255,255,255,255,255,255,255,255,255,255,255,255,255,255,255,255,255,255,255,255,255,255,
255,255,255,255,255,255,255,255,255,255,255,255,255,255,255,254,255,255,255,255,255,255,255,255,255,255,255,255,255,255,255,252,188,252,255,255,255,255,255,255,255,255,255,255,255,255,255,255,255,255,255,255,255,255,255,255,255,255,255,255,
255,255,255,255,255,255,255,255,255,255,255,255,255,255,253,134,249,255,255,255,255,255,255,255,255,255,255,255,255,255,255,251,48,143,242,253,255,255,255,255,255,255,255,255,255,255,255,255,255,255,255,255,255,255,255,255,255,255,255,255,
255,255,255,255,255,255,255,255,255,255,255,255,255,255,215,13,117,255,255,255,255,255,255,255,255,255,255,255,255,255,254,168,0,0,4,190,255,255,255,255,255,255,255,255,255,255,255,255,255,254,190,254,255,255,255,255,255,255,255,255,
255,255,255,255,255,255,255,255,255,255,255,255,188,135,8,0,127,255,255,255,255,255,255,255,255,255,255,255,255,255,241,37,0,0,0,207,255,255,255,235,255,255,255,255,255,255,255,255,255,183,130,254,255,255,255,255,255,255,255,255,
255,255,255,255,255,255,255,255,255,255,255,255,171,0,0,0,14,204,255,255,255,255,255,255,255,255,255,255,255,255,254,115,0,0,0,169,157,173,180,5,185,255,255,255,255,255,255,252,155,6,13,206,255,255,255,255,255,255,255,255,
255,255,255,255,255,255,255,255,255,255,255,255,148,0,0,0,0,183,255,255,255,255,255,255,255,255,255,255,255,255,255,167,0,0,0,97,26,0,11,0,159,255,255,255,255,255,254,104,0,0,0,39,206,255,255,255,255,255,255,255,
255,255,255,255,255,255,255,255,255,255,255,255,177,2,0,0,0,167,255,255,255,255,255,255,255,255,255,255,255,255,255,184,0,0,2,95,18,0,95,114,247,255,255,255,255,255,255,151,0,0,0,11,247,255,255,255,255,255,255,255,
255,255,255,255,255,255,255,255,255,255,255,255,254,28,0,0,0,141,255,255,255,255,255,255,255,255,255,255,255,255,252,24,0,0,0,0,0,0,59,254,255,255,255,255,255,255,255,128,0,0,0,0,206,255,255,255,255,255,255,255,
255,255,255,255,255,255,255,255,255,255,255,255,255,174,9,0,22,217,255,255,255,255,255,255,255,255,255,255,255,255,254,78,0,0,0,11,69,28,16,239,254,215,209,255,255,255,255,179,0,0,0,9,231,255,255,255,255,255,255,255,
255,255,255,255,255,255,255,255,255,255,255,255,217,8,0,0,24,241,255,255,255,255,255,255,255,255,255,255,255,255,255,214,50,0,0,0,219,252,245,255,151,1,31,248,254,249,183,147,31,0,16,133,254,254,254,255,255,255,255,255,
255,255,255,255,255,255,255,255,255,254,255,255,186,0,0,0,0,206,255,255,255,255,255,255,255,255,255,255,255,255,255,255,176,0,0,0,203,255,255,254,170,103,1,57,46,3,0,0,0,0,0,59,131,120,206,255,255,255,255,255,
255,255,255,255,255,255,255,255,255,255,255,255,158,0,0,0,0,226,255,255,255,255,255,255,255,255,255,255,255,255,255,255,211,2,0,0,205,255,255,255,255,254,96,0,0,28,0,0,0,0,0,65,254,254,254,255,255,255,255,255,
255,255,255,254,255,255,255,255,255,255,255,255,106,0,0,0,0,190,255,255,255,255,255,255,255,255,255,255,255,255,255,255,154,0,0,11,247,255,255,255,255,255,241,178,222,172,0,0,0,0,0,151,255,255,255,255,255,255,255,255,
206,168,123,80,58,214,255,255,255,255,254,166,10,26,0,0,0,141,255,255,255,255,255,255,255,255,255,255,255,255,255,244,17,0,0,0,184,255,255,255,255,255,255,255,255,185,0,0,0,0,0,224,255,255,255,255,255,255,255,255,
0,0,0,0,0,14,94,187,252,223,81,0,6,5,0,0,0,122,255,255,255,255,255,255,255,255,255,255,255,255,255,154,0,0,0,0,142,255,255,255,255,255,255,255,255,228,67,37,0,0,0,210,255,255,255,255,255,255,255,255,
80,3,0,0,0,0,0,0,4,0,0,0,1,82,0,0,0,78,251,255,255,255,255,255,255,255,255,255,255,255,247,35,0,0,0,0,106,255,255,255,255,255,255,255,255,255,238,62,0,0,9,217,255,255,255,255,255,255,255,255,
254,221,114,16,0,0,0,0,0,0,0,0,72,121,0,0,0,0,158,255,255,255,255,255,255,255,255,255,255,255,116,0,0,0,0,0,83,255,255,255,255,255,255,255,255,255,127,0,0,0,6,231,255,255,255,255,255,255,255,255,
255,255,255,242,147,38,0,0,0,0,0,0,0,0,0,0,0,0,44,253,255,255,255,255,255,255,255,255,254,142,0,0,0,0,0,0,83,255,255,255,255,255,255,255,255,223,10,0,0,0,0,178,255,255,255,255,255,255,255,255,
255,255,255,255,255,253,182,72,1,0,0,0,0,0,0,0,0,0,0,158,254,255,255,255,255,255,255,255,230,3,0,0,0,0,0,0,115,254,255,255,255,255,255,255,252,68,0,0,0,0,0,146,255,255,255,255,255,255,255,255,
255,255,255,255,255,255,255,255,213,106,12,0,3,0,0,0,0,0,0,17,227,255,255,255,255,255,255,255,254,114,8,0,0,0,0,0,165,255,255,255,255,255,255,253,99,0,0,0,0,0,0,100,255,255,255,255,255,255,255,255,
255,255,255,255,255,255,255,255,255,255,240,192,23,0,0,0,0,0,0,0,80,255,255,255,255,255,255,255,255,254,70,75,158,103,16,91,249,255,255,255,255,255,255,143,0,0,0,0,0,0,0,39,254,255,255,255,255,255,255,255,
255,255,255,255,255,255,255,255,255,255,255,203,9,0,0,0,0,0,0,11,149,254,255,255,255,255,255,255,255,224,0,193,254,254,55,127,255,255,255,255,255,255,255,124,0,0,0,0,0,0,0,0,189,255,255,255,255,255,255,255,
255,255,255,255,255,255,255,255,255,255,255,255,207,0,1,0,9,72,116,227,255,255,255,255,255,255,255,255,255,184,21,251,255,254,54,140,255,255,255,255,255,255,255,251,139,17,0,0,0,0,0,0,115,255,255,255,255,255,255,255,
255,255,255,255,255,255,255,255,255,255,255,255,244,7,1,0,146,254,255,255,255,255,255,255,255,255,255,255,255,147,101,254,255,254,55,199,255,255,255,255,255,255,255,255,255,240,154,9,7,17,0,49,196,255,255,255,255,255,255,255,
255,255,255,255,255,255,255,255,255,255,255,255,255,100,0,4,230,255,255,255,255,255,255,255,255,255,255,255,254,80,150,255,255,253,15,209,255,255,255,255,255,255,255,255,255,255,237,17,109,133,0,222,255,255,255,255,255,255,255,255,
255,255,255,255,255,255,255,255,255,255,255,255,255,201,0,0,102,254,255,255,255,255,255,255,255,255,255,255,254,48,201,254,252,242,20,248,254,255,255,255,255,255,255,255,255,255,139,0,207,179,0,194,255,255,255,255,255,255,255,255,
255,255,255,255,255,255,255,255,255,255,255,255,255,254,21,0,10,249,255,255,255,255,255,255,255,255,255,255,253,10,82,128,98,68,0,83,178,254,255,255,255,255,255,255,255,255,98,60,254,148,9,233,255,255,255,255,255,255,255,255,
255,255,255,255,255,255,255,255,255,255,255,255,255,254,80,0,0,215,255,255,255,255,255,255,255,255,255,255,253,74,41,73,73,52,22,68,86,247,255,255,255,255,255,255,255,253,40,150,254,84,70,254,255,255,255,255,255,255,255,255,
255,255,255,255,255,255,255,255,255,255,255,255,248,128,12,1,0,123,255,255,255,255,255,255,255,255,255,255,255,241,194,146,73,73,73,72,98,243,255,255,255,255,255,255,254,243,9,203,252,15,130,255,255,255,255,255,255,255,255,255,
255,255,255,255,255,255,255,255,255,255,255,246,85,3,36,193,32,124,255,255,255,255,255,255,255,255,255,255,255,255,255,200,76,73,73,74,104,114,170,224,254,255,255,238,127,71,0,66,100,8,40,214,251,255,255,255,255,255,255,255,
255,255,252,223,170,198,254,255,255,255,255,249,200,91,70,71,5,37,193,241,254,255,255,255,255,255,255,255,255,255,255,252,198,158,138,96,124,140,81,181,254,255,255,219,78,71,5,8,68,20,0,69,129,252,255,255,255,255,255,255,
228,169,108,75,73,75,144,242,254,255,255,255,220,66,0,4,24,54,73,85,166,251,255,255,255,255,255,255,255,255,255,255,254,254,253,248,220,146,121,192,247,254,253,210,158,116,69,43,69,71,64,73,138,253,255,255,255,255,255,255,
93,73,73,73,73,73,73,99,208,254,251,209,132,77,69,71,72,73,73,73,108,247,255,255,255,255,255,255,255,255,255,255,255,255,255,255,255,254,252,168,147,226,128,95,175,143,97,85,73,73,73,80,240,255,255,255,255,255,255,255,
209,91,72,73,73,73,73,73,77,138,122,148,226,132,73,73,73,72,100,167,245,254,255,255,255,255,255,255,255,254,255,255,255,255,255,255,255,255,255,252,253,225,160,202,224,240,224,91,73,73,73,73,107,214,255,255,255,255,255,255,
254,230,109,73,73,73,73,73,73,73,93,128,125,82,73,73,73,87,228,254,255,255,255,255,255,255,255,255,255,255,255,255,255,255,255,255,255,255,255,255,255,254,254,254,248,230,202,105,73,73,73,73,73,159,254,255,255,255,255,255,
255,255,243,133,83,83,83,83,83,83,83,88,174,161,96,97,135,220,254,255,255,255,255,255,255,255,255,255,255,255,255,255,255,255,255,255,255,255,255,255,255,255,255,255,253,254,200,94,82,86,148,112,139,229,255,255,255,255,255,255,
