255,255,255,255,255,255,255,255,255,255,255,255,255,255,255,255,255,255,255,255,255,255,255,255,255,255,255,255,255,255,255,255,255,255,255,255,255,255,255,255,255,255,255,255,255,255,255,255,255,255,255,255,255,255,255,255,255,255,255,255,
255,255,255,255,255,255,255,255,255,255,255,255,255,255,255,255,255,255,255,255,255,255,255,255,255,255,255,255,255,255,255,255,255,255,255,255,255,255,255,255,255,255,255,255,255,255,255,255,255,255,255,255,255,255,255,255,255,255,255,255,
255,255,255,255,255,255,255,255,255,255,255,255,255,255,255,255,255,255,255,255,255,255,255,255,255,255,255,255,255,255,255,255,255,255,255,255,255,255,255,255,255,255,255,255,255,255,255,255,255,255,255,255,255,255,255,255,255,255,255,255,
255,255,255,255,255,255,255,255,255,255,255,255,255,255,255,255,255,255,255,255,255,255,255,255,255,255,255,255,255,255,255,255,255,255,255,255,255,255,255,255,255,255,255,255,255,255,255,255,255,255,255,255,255,255,255,255,255,255,255,255,
255,255,255,255,255,255,255,255,255,255,255,255,255,255,255,255,255,255,255,255,255,255,255,255,255,255,255,255,255,255,255,255,255,255,255,255,255,255,255,255,255,255,255,255,255,255,255,255,255,255,255,255,255,255,255,255,255,255,255,255,
255,255,255,255,255,255,255,255,255,255,255,255,255,255,255,255,255,255,255,255,255,255,255,255,255,255,255,255,255,255,255,255,255,255,255,255,255,255,255,255,255,255,255,255,255,255,255,255,255,255,255,255,255,255,255,255,255,255,255,255,
255,255,255,255,255,255,255,255,255,255,255,255,255,255,255,255,255,255,255,255,255,255,255,255,255,255,255,255,255,255,255,255,249,254,255,255,255,255,255,255,255,255,255,255,255,255,255,255,255,255,255,255,255,255,255,255,255,255,255,255,
255,255,255,255,255,255,255,255,255,255,255,255,255,255,255,255,255,255,255,255,255,255,255,255,255,255,255,255,255,255,255,255,155,177,255,255,255,255,255,255,255,255,255,255,255,255,255,255,255,255,255,253,254,255,255,255,255,255,255,255,
255,255,255,255,255,255,255,255,255,255,255,255,255,255,227,155,254,255,255,255,255,255,255,255,255,255,255,255,255,255,255,255,128,17,158,230,254,255,255,255,255,255,255,255,255,255,255,255,255,255,255,238,182,255,255,255,255,255,255,255,
255,255,255,255,255,255,255,255,255,255,255,255,255,255,174,8,193,255,255,255,255,255,255,255,255,255,255,255,255,255,255,223,12,0,0,99,254,255,255,255,255,255,255,255,255,255,255,255,255,255,250,73,138,254,255,255,255,255,255,255,
255,255,255,255,255,255,255,255,255,255,255,255,246,173,14,0,166,255,255,255,255,255,255,255,255,255,255,255,255,255,255,131,0,0,0,71,254,255,255,255,255,255,255,255,255,255,255,255,254,218,79,0,1,116,234,255,255,255,255,255,
255,255,255,255,255,255,255,255,255,255,255,255,109,2,0,0,24,187,254,255,255,255,255,255,255,255,255,255,255,255,255,192,0,0,0,122,255,255,255,255,255,255,255,255,255,255,255,255,250,46,0,0,0,2,194,255,254,221,252,255,
255,255,255,255,255,255,255,255,255,255,255,255,181,0,0,0,0,184,255,255,255,255,255,255,255,255,255,255,255,255,255,128,0,0,0,179,254,202,230,255,254,254,255,255,255,255,255,255,255,138,0,0,0,5,239,253,163,151,253,255,
255,255,255,255,255,255,255,255,255,255,255,255,175,3,0,0,0,133,255,255,255,255,255,255,255,255,255,255,255,255,254,128,7,0,2,38,52,17,61,166,76,209,255,255,255,255,255,255,255,77,0,0,0,0,211,129,198,254,255,255,
255,255,255,255,255,255,255,255,255,255,255,255,254,102,0,0,0,74,254,255,255,255,255,255,255,255,255,255,255,255,254,74,0,0,0,0,4,1,17,73,0,210,255,255,255,255,255,255,255,130,0,0,0,8,144,244,254,255,255,255,
255,255,255,255,255,255,255,255,255,255,255,255,255,217,23,1,11,146,254,255,255,255,255,255,255,255,255,255,255,255,255,188,1,0,0,0,12,20,3,186,128,254,255,255,255,255,255,255,215,139,10,0,0,14,123,242,254,255,255,255,
255,255,255,255,255,255,255,255,255,255,255,255,253,50,0,0,11,216,255,255,255,255,255,255,255,255,255,255,255,255,255,254,133,0,0,0,196,244,150,225,255,255,255,255,255,255,254,254,116,0,0,0,0,0,0,9,135,210,254,255,
255,255,255,255,255,255,255,255,255,255,255,255,214,0,0,0,0,77,254,255,255,255,255,255,255,255,255,255,255,255,255,255,152,0,0,2,236,255,255,255,255,255,255,255,254,211,96,87,1,0,0,0,0,0,4,1,0,0,134,255,
255,255,255,255,255,255,255,255,255,255,255,255,183,0,0,0,0,133,255,255,255,255,255,255,255,255,255,255,255,255,255,255,111,0,0,74,254,255,255,255,255,255,255,255,249,120,18,0,5,79,0,0,0,1,226,156,100,52,32,217,
255,255,254,252,218,216,255,255,255,255,227,145,35,0,0,0,0,166,255,255,255,255,255,255,255,255,255,255,255,255,255,255,77,0,0,33,249,255,255,255,255,255,255,255,254,221,128,18,138,222,0,0,0,8,251,255,254,231,230,254,
191,110,61,14,0,6,176,218,135,99,11,31,134,103,0,0,0,131,255,255,255,255,255,255,255,255,255,255,255,255,255,241,3,0,0,0,182,255,255,255,255,255,255,255,255,255,254,253,255,229,11,0,0,44,254,255,255,255,255,255,
110,0,0,0,0,0,0,6,104,96,186,248,231,102,0,0,0,130,254,255,255,255,255,255,255,255,255,255,255,255,255,194,0,0,0,0,107,255,255,255,255,255,255,255,255,255,255,255,255,167,3,0,0,104,255,255,255,255,255,255,
247,150,35,0,0,0,0,0,0,2,35,35,34,1,0,0,0,8,191,255,255,255,255,255,255,255,255,255,255,255,255,149,0,0,0,0,37,254,255,255,255,255,255,255,255,255,255,255,210,6,0,0,0,102,255,255,255,255,255,255,
255,255,251,169,49,0,0,0,0,0,0,0,22,85,4,0,0,0,42,253,255,255,255,255,255,255,255,255,255,255,255,85,0,0,0,0,0,214,255,255,255,255,255,255,255,255,255,252,58,0,0,0,0,93,255,255,255,255,255,255,
255,255,255,255,254,185,65,0,0,0,0,0,0,0,0,0,0,0,0,158,255,255,255,255,255,255,255,255,255,255,254,33,0,0,0,0,0,98,254,255,255,255,255,255,255,255,254,122,0,0,0,0,0,103,255,255,255,255,255,255,
255,255,255,255,255,255,254,199,81,1,0,0,0,0,0,0,0,0,0,18,232,255,255,255,255,255,255,255,255,255,254,14,0,0,0,0,0,31,254,255,255,255,255,255,255,254,131,0,0,0,0,0,0,135,255,255,255,255,255,255,
255,255,255,255,255,255,255,255,255,215,98,7,0,2,0,0,0,0,0,0,91,254,255,255,255,255,255,255,255,255,255,90,0,0,0,0,58,193,255,255,255,255,255,255,255,119,0,0,0,0,0,0,0,166,255,255,255,255,255,255,
255,255,255,255,255,255,255,255,255,255,254,232,216,53,0,0,0,0,0,0,19,254,255,255,255,255,255,255,255,255,255,196,0,167,115,45,254,255,255,255,255,255,255,255,255,126,0,0,0,0,0,0,0,200,255,255,255,255,255,255,
255,255,255,255,255,255,255,255,255,255,255,255,224,6,0,0,0,0,12,74,215,254,255,255,255,255,255,255,255,255,255,111,57,254,144,49,255,255,255,255,255,255,255,255,255,254,174,71,4,0,0,0,7,236,255,255,255,255,255,255,
255,255,255,255,255,255,255,255,255,255,255,255,229,2,43,35,0,148,252,254,255,255,255,255,255,255,255,255,255,255,255,87,148,255,142,102,255,255,255,255,255,255,255,255,255,255,255,254,41,31,162,18,51,254,255,255,255,255,255,255,
255,255,255,255,255,255,255,255,255,255,255,255,183,0,122,4,51,252,255,255,255,255,255,255,255,255,255,255,255,255,254,35,191,255,110,132,255,255,255,255,255,255,255,255,255,255,254,216,5,114,254,77,48,254,255,255,255,255,255,255,
255,255,255,255,255,255,255,255,255,255,255,255,239,47,0,0,25,235,255,255,255,255,255,255,255,255,255,255,255,254,246,5,211,254,103,167,254,254,255,255,255,255,255,255,255,255,254,60,20,233,255,97,23,254,255,255,255,255,255,255,
255,255,255,255,255,255,255,255,255,255,255,255,255,243,83,0,0,122,255,255,255,255,255,255,255,255,255,255,255,255,207,0,116,147,23,65,116,145,249,255,255,255,255,255,255,255,229,0,151,254,255,88,69,254,255,255,255,255,255,255,
255,255,255,255,255,255,255,255,255,255,255,255,255,255,252,62,0,48,254,255,255,255,255,255,255,255,255,255,255,255,236,74,64,69,13,47,73,97,244,255,255,255,255,255,255,255,145,43,251,255,254,77,131,255,255,255,255,255,255,255,
255,255,255,255,255,255,255,255,255,255,255,255,255,255,254,187,0,5,214,255,255,255,255,255,255,255,255,255,255,255,254,216,79,73,73,73,111,228,253,254,255,255,255,255,255,255,61,130,255,254,254,53,150,254,255,255,255,255,255,255,
255,255,255,255,255,255,255,255,255,255,255,255,255,254,172,13,16,0,196,255,255,255,255,255,255,255,255,255,255,255,255,234,80,73,73,73,88,111,123,175,254,255,255,255,255,241,2,149,173,149,133,2,137,254,255,255,255,255,255,255,
255,255,255,254,247,209,222,254,255,255,255,255,255,239,76,38,41,2,110,246,255,255,255,255,255,255,255,255,255,255,255,253,169,92,77,74,102,120,85,224,254,255,255,255,255,222,6,10,69,73,72,4,22,228,254,255,255,255,255,255,
254,252,218,154,94,73,80,169,250,255,254,254,237,138,57,1,0,13,53,91,173,249,254,255,255,255,255,255,255,255,255,255,254,245,239,230,206,180,143,179,180,196,254,255,255,204,60,29,64,73,73,56,54,142,253,255,255,255,255,255,
248,123,75,73,73,73,73,73,119,205,170,129,134,93,70,55,64,73,73,73,76,214,255,255,255,255,255,255,255,255,255,255,255,255,255,255,255,254,254,254,178,201,254,255,255,254,211,142,116,85,73,73,73,78,229,255,255,255,255,255,
253,212,92,73,73,73,73,73,73,73,134,244,253,191,73,73,73,73,77,107,193,254,255,255,255,255,255,255,255,255,255,255,255,255,255,255,255,255,255,255,254,255,255,255,255,255,254,244,175,94,73,73,73,73,127,232,255,255,255,255,
255,254,231,112,73,73,73,73,73,73,75,137,239,170,73,73,73,73,161,253,255,255,255,255,255,255,255,255,255,255,255,255,255,255,255,255,255,255,255,255,255,255,255,255,255,255,242,93,121,163,111,72,73,73,73,130,253,254,253,254,
255,255,255,244,135,73,73,73,73,73,73,73,96,86,73,73,74,140,240,255,255,255,255,255,255,255,255,255,255,255,255,255,255,255,255,255,255,255,255,255,255,255,255,255,255,255,242,78,185,254,235,129,76,73,85,86,160,211,226,255,
255,255,255,255,251,163,76,73,73,73,73,73,73,73,90,174,216,252,255,255,255,255,255,255,255,255,255,255,255,255,255,255,255,255,255,255,255,255,255,255,255,255,255,255,255,255,253,133,115,214,218,208,192,110,73,74,77,188,254,255,
255,255,255,255,255,254,193,83,73,73,73,73,73,73,73,110,221,254,255,255,255,255,255,255,255,255,255,255,255,255,255,255,255,255,255,255,255,255,255,255,255,255,255,255,255,255,255,245,171,183,245,252,254,240,131,96,87,87,197,254,
255,255,255,255,255,255,254,216,100,83,83,83,83,83,83,83,92,190,254,255,255,255,255,255,255,255,255,255,255,255,255,255,255,255,255,255,255,255,255,255,255,255,255,255,255,255,255,255,255,254,255,255,255,255,254,251,209,99,115,252,
