255,255,255,255,255,255,255,255,255,255,255,255,255,255,255,255,255,255,255,255,255,255,255,255,255,255,255,255,255,255,255,255,255,255,255,255,255,255,255,255,255,255,255,255,255,255,255,255,255,255,255,255,255,255,255,255,255,255,255,255,
255,255,255,255,255,255,255,255,255,255,255,255,255,255,255,255,255,255,255,255,255,255,255,255,255,255,255,255,255,255,255,255,255,255,255,255,255,255,255,255,255,255,255,255,255,255,255,255,255,255,255,255,255,255,255,255,255,255,255,255,
255,255,255,255,255,255,255,255,255,255,255,255,255,255,255,255,255,255,255,255,255,255,255,255,255,255,255,255,255,255,255,255,255,255,255,255,255,255,255,255,255,255,255,255,255,255,255,255,255,255,255,255,255,255,255,255,255,255,255,255,
255,255,255,255,255,255,255,255,255,255,255,255,255,255,255,255,255,255,255,255,255,255,255,255,255,255,255,255,255,255,255,229,129,254,255,255,255,255,255,255,255,255,255,255,255,255,255,255,255,255,255,255,255,255,255,255,255,255,255,255,
255,255,255,255,255,255,255,255,255,255,255,255,231,202,255,255,255,255,255,255,255,255,255,255,255,255,255,255,255,240,170,73,79,254,255,255,255,255,255,255,255,255,255,255,255,255,255,255,255,255,255,255,255,255,255,255,255,255,255,255,
255,255,255,255,255,255,255,255,255,255,255,255,211,47,243,255,255,255,255,255,255,255,255,255,255,255,255,255,255,148,0,0,1,177,255,255,255,255,255,255,255,255,255,255,255,255,255,255,255,255,255,254,254,255,255,255,255,255,255,255,
255,255,255,255,255,255,255,255,255,255,255,244,64,0,163,254,255,255,255,255,255,255,255,255,255,242,128,231,253,152,0,0,0,88,254,255,255,255,255,255,255,255,255,255,255,255,255,255,255,255,255,203,224,255,255,255,255,255,255,255,
255,255,255,255,255,255,255,255,255,255,194,34,0,0,4,78,252,255,255,255,255,255,255,255,255,141,0,32,32,102,0,0,0,148,255,255,255,255,255,255,255,255,255,255,255,255,255,255,255,255,254,148,97,241,255,255,255,255,255,255,
255,255,255,255,255,255,255,255,255,255,248,31,0,0,0,91,254,255,255,255,255,255,255,255,255,164,0,1,2,41,0,0,5,214,255,255,255,255,255,255,255,255,255,255,255,255,255,255,255,255,217,8,0,36,166,244,255,255,255,249,
255,255,255,255,255,255,255,255,255,255,254,47,0,0,0,15,247,255,255,255,255,255,255,255,255,254,173,0,12,7,0,0,67,251,255,255,255,255,255,255,255,255,255,255,255,255,255,255,255,183,45,0,0,0,66,254,255,255,250,153,
255,255,255,255,255,255,255,255,255,255,255,216,37,0,0,0,199,255,255,255,255,255,255,255,255,255,144,0,0,0,0,0,2,68,255,255,255,255,255,255,255,255,255,255,255,255,255,255,255,247,28,0,0,0,33,253,255,254,168,244,
255,255,255,255,255,255,255,255,255,255,255,254,105,0,6,52,239,255,255,255,255,255,255,255,255,255,111,34,80,1,0,0,0,132,255,255,255,255,255,255,255,255,255,255,255,255,255,255,255,254,25,0,0,0,138,254,255,197,211,255,
255,255,255,255,255,255,255,255,255,255,255,253,23,0,4,215,255,255,255,255,255,255,255,255,255,255,254,253,149,0,0,0,106,245,255,255,255,255,255,255,255,255,255,255,255,255,255,255,255,254,38,0,0,28,248,255,233,175,255,255,
255,255,255,255,255,255,255,255,255,255,255,233,5,0,0,38,255,255,255,255,255,255,255,255,255,255,255,255,123,0,0,7,248,255,255,255,255,255,255,255,255,255,255,255,255,255,255,255,255,254,93,0,0,37,67,224,155,254,255,255,
255,255,255,255,255,255,255,255,255,255,255,180,0,0,0,62,254,255,255,255,255,255,255,255,255,255,255,255,122,0,0,43,254,255,255,255,255,255,255,255,255,255,255,255,255,255,255,255,255,210,20,0,0,0,0,5,95,182,240,255,
255,255,255,255,255,255,255,255,255,255,254,113,0,0,0,114,255,255,255,255,255,255,255,255,255,255,255,255,157,0,0,12,212,255,255,255,255,255,255,255,255,255,255,255,255,255,255,255,255,159,0,0,0,0,0,5,0,0,6,121,
255,254,245,189,136,169,255,255,255,250,118,7,18,0,0,139,255,255,255,255,255,255,255,255,255,255,255,254,80,0,0,0,86,254,255,255,255,255,255,255,255,255,255,255,255,255,255,255,255,241,3,0,0,0,104,228,83,0,0,0,
140,53,5,0,0,10,143,220,189,86,9,191,98,0,0,110,255,255,255,255,255,255,255,255,255,255,255,255,34,0,0,0,6,227,255,255,255,255,255,254,255,255,255,255,255,255,255,255,255,202,0,0,0,3,221,255,254,196,175,180,
95,0,0,0,0,0,0,0,19,63,199,209,49,0,0,1,191,255,255,255,255,255,255,255,255,255,255,248,3,0,0,0,0,92,254,255,255,255,255,255,255,255,255,255,255,255,255,255,254,60,0,0,0,137,255,255,255,255,255,255,
252,160,30,0,0,0,0,0,0,9,52,16,2,0,0,0,54,253,255,255,255,255,255,255,255,255,255,237,0,0,0,0,0,0,147,254,255,255,255,255,255,255,255,255,255,255,255,255,243,43,0,0,17,244,255,255,255,255,255,255,
255,255,246,137,16,0,0,0,0,0,0,2,5,0,0,0,0,171,255,255,255,255,255,255,255,255,255,244,2,0,0,0,0,0,0,163,255,255,255,255,255,255,255,255,255,255,255,255,139,0,0,0,0,164,255,255,255,255,255,255,
255,255,255,255,236,114,6,0,0,0,0,0,0,0,0,0,0,38,251,255,255,255,255,255,255,255,255,254,40,0,0,0,0,0,0,104,255,255,255,255,255,255,255,254,255,255,255,254,49,0,0,0,0,91,255,255,255,255,255,255,
255,255,255,255,255,255,221,90,1,0,0,0,0,0,0,0,0,0,164,255,255,255,255,255,255,255,255,255,122,0,0,0,3,0,104,238,255,255,255,255,255,255,255,255,255,255,255,193,0,0,0,0,0,16,242,255,255,255,255,255,
255,255,255,255,255,255,255,255,204,66,0,0,0,0,0,0,0,18,166,255,255,255,255,255,255,255,255,255,234,0,147,189,230,11,171,255,255,255,255,255,255,255,255,255,255,255,254,66,0,0,0,0,0,0,99,254,255,255,255,255,
255,255,255,255,255,255,255,255,255,254,183,48,29,5,0,0,140,238,255,255,255,255,255,255,255,255,255,255,229,0,203,255,255,79,108,255,255,255,255,255,255,255,255,255,255,255,176,0,0,0,0,0,0,0,0,185,255,255,255,255,
255,255,255,255,255,255,255,255,255,255,255,254,254,31,0,6,247,255,255,255,255,255,255,255,255,255,255,255,254,27,198,255,255,161,80,254,255,255,255,255,255,255,255,255,255,254,120,0,0,0,0,0,0,0,24,226,255,255,255,255,
255,255,255,255,255,255,255,255,255,255,255,255,255,96,0,43,254,255,255,255,255,255,255,255,255,255,255,255,255,74,176,255,255,221,20,249,255,255,255,255,255,255,255,255,255,255,242,77,1,0,0,0,0,65,224,255,255,255,255,255,
255,255,255,255,255,255,255,255,255,255,255,255,255,221,7,7,186,255,255,255,255,255,255,255,255,255,255,255,255,105,167,254,254,253,30,240,255,255,255,255,255,255,255,255,255,255,255,254,234,138,0,47,0,244,255,255,255,255,255,255,
255,255,255,255,255,255,255,255,255,255,255,255,255,255,120,0,24,242,255,255,255,254,255,255,255,255,255,255,205,47,48,116,141,158,1,192,255,255,255,255,255,255,255,255,255,255,255,255,251,83,0,64,4,244,255,255,255,255,255,255,
255,255,255,255,255,255,255,255,255,255,255,255,255,255,220,3,0,152,255,255,255,255,255,255,255,255,255,254,123,32,9,73,73,56,9,128,254,255,255,255,255,255,255,255,255,255,255,254,120,4,143,79,80,254,255,255,255,255,255,255,
255,255,255,255,255,255,255,255,255,255,255,255,255,255,230,47,0,60,251,255,255,255,255,255,255,255,255,255,168,73,73,73,73,74,111,193,254,255,255,255,255,255,255,255,255,255,255,196,2,155,243,13,176,255,255,255,255,255,255,255,
255,255,255,255,255,255,255,255,255,255,255,255,254,177,19,6,19,0,214,255,255,255,255,255,255,255,255,254,193,74,73,73,73,74,193,254,255,255,255,255,255,255,255,255,255,255,255,114,24,207,169,8,209,248,254,255,255,255,255,255,
255,255,255,255,255,254,250,254,255,255,255,255,242,65,42,68,63,3,83,253,255,255,255,255,255,255,254,183,108,166,166,80,76,108,232,255,255,255,255,255,255,255,255,255,255,255,205,52,0,64,47,0,56,94,189,254,255,255,255,255,
255,255,254,246,190,123,96,203,254,255,254,251,207,79,69,25,1,0,52,248,255,255,255,255,255,255,253,128,135,200,116,114,214,250,254,255,255,255,255,255,255,255,255,255,255,255,198,62,21,63,56,1,46,73,78,233,255,255,255,255,
255,235,155,91,73,73,73,77,162,221,171,126,143,73,68,31,36,100,204,254,255,255,255,255,255,255,255,229,92,137,159,220,254,255,255,255,255,255,255,255,255,255,255,255,255,255,254,207,111,73,73,70,73,79,150,251,255,255,255,254,
255,208,83,73,73,73,73,73,73,75,161,247,215,76,73,73,73,189,255,255,255,255,255,255,255,255,233,143,164,252,254,254,255,255,255,255,255,255,255,255,255,255,255,255,255,255,255,255,249,146,73,73,73,131,224,254,255,254,222,237,
255,254,216,94,73,73,73,73,73,73,90,187,110,73,73,73,103,231,255,255,255,255,255,255,255,255,254,238,238,255,255,255,255,255,255,255,255,255,255,255,255,255,255,255,255,255,255,255,254,148,73,73,73,73,79,136,198,201,217,254,
255,255,254,230,107,73,73,73,73,73,73,73,85,129,135,180,247,254,255,255,255,255,255,255,255,255,255,255,255,255,255,255,255,255,255,255,255,255,255,255,255,255,255,255,255,255,255,255,253,136,73,73,73,73,73,84,88,82,145,227,
255,255,255,255,240,126,73,73,73,73,73,73,73,116,230,254,255,255,255,255,255,255,255,255,255,255,255,255,255,255,255,255,255,255,255,255,255,255,255,255,255,255,255,255,255,255,255,255,244,90,91,110,116,145,126,108,78,73,74,114,
255,255,255,255,255,248,147,74,73,73,73,73,73,73,89,199,254,255,255,255,255,255,255,255,255,255,255,255,255,255,255,255,255,255,255,255,255,255,255,255,255,255,255,255,255,255,255,255,254,243,219,180,134,98,153,249,232,175,187,214,
255,255,255,255,255,255,252,167,76,73,73,73,73,73,73,76,153,248,255,255,255,255,255,255,255,255,255,255,255,255,255,255,255,255,255,255,255,255,255,255,255,255,255,255,255,255,255,255,255,255,255,255,254,233,241,255,255,255,255,255,
255,255,255,255,255,255,255,254,189,82,73,73,73,73,73,73,73,119,250,255,255,255,255,255,255,255,255,255,255,254,255,255,255,255,255,255,255,255,255,255,255,255,255,255,255,255,255,255,255,255,255,255,255,255,255,255,255,255,255,255,
255,255,255,255,255,255,255,255,254,207,89,73,73,73,73,73,103,202,254,255,255,255,255,255,255,255,255,255,255,255,255,255,255,255,255,255,255,255,255,255,255,255,255,255,255,255,255,255,255,255,255,255,255,255,255,255,255,255,255,255,
255,255,255,255,255,255,255,255,255,254,223,101,73,73,91,177,248,254,255,255,255,255,255,255,255,255,255,255,255,255,255,255,255,255,255,255,255,255,255,255,255,255,255,255,255,255,255,255,255,255,255,255,255,255,255,255,255,255,255,255,
255,255,255,255,255,255,255,255,255,255,255,235,131,161,239,253,255,255,255,255,255,255,255,255,255,255,255,255,255,255,255,255,255,255,255,255,255,255,255,255,255,255,255,255,255,255,255,255,255,255,255,255,255,255,255,255,255,255,255,255,
