255,255,255,255,255,255,255,255,255,255,255,255,255,255,255,255,255,255,255,255,255,255,255,255,255,255,255,255,255,255,255,255,255,255,255,255,255,255,255,255,255,255,255,255,255,255,255,255,255,255,255,255,255,255,255,255,255,255,255,255,
255,255,255,255,255,255,255,255,255,255,255,255,255,255,255,255,255,255,255,255,255,255,255,255,255,255,255,255,255,255,255,255,255,255,255,255,255,255,255,255,255,255,255,255,255,255,255,255,255,255,255,255,255,255,255,255,255,255,255,255,
255,255,255,255,255,255,255,255,255,255,255,255,255,255,255,255,255,255,255,255,255,255,255,255,255,255,254,254,255,255,255,255,255,255,255,255,255,255,255,255,255,255,255,255,255,255,255,255,214,254,255,255,255,255,255,255,255,255,255,255,
255,255,255,255,255,255,255,255,255,255,255,255,255,255,255,255,255,255,255,255,255,255,255,255,255,255,228,136,251,255,255,255,255,255,255,255,255,255,255,255,255,255,255,255,255,255,255,227,134,254,255,255,255,255,255,255,255,255,255,255,
255,255,255,255,255,255,255,254,254,255,255,255,255,255,255,255,255,255,255,255,255,255,255,255,255,254,186,24,223,255,255,255,255,255,255,255,255,255,255,255,255,255,255,255,255,255,201,43,115,254,255,255,255,255,255,255,255,255,255,255,
255,255,255,255,255,255,255,146,160,255,255,255,255,254,255,255,255,255,255,255,255,255,255,255,246,178,17,0,37,159,250,255,255,255,255,255,255,255,255,255,255,255,255,255,189,100,3,0,5,201,255,255,255,255,255,255,255,255,255,255,
255,255,255,255,255,255,253,83,40,239,255,255,255,255,255,255,255,255,255,255,255,255,255,255,218,8,0,0,0,63,251,255,255,255,255,255,255,255,255,255,255,255,255,255,227,3,0,0,0,47,233,255,255,255,255,255,255,255,255,255,
255,255,255,255,254,208,81,0,4,179,255,255,255,255,255,255,255,255,255,255,255,255,255,255,254,68,0,0,0,60,253,255,255,255,255,255,255,255,255,255,255,255,255,255,199,0,0,0,0,103,254,255,255,255,255,255,255,255,255,255,
255,255,255,255,228,12,0,0,0,10,104,251,255,255,255,255,255,255,255,255,255,255,255,255,254,125,3,0,0,8,219,255,255,255,255,255,255,255,255,255,255,255,255,255,187,0,0,0,0,71,254,255,254,254,255,255,255,255,255,255,
255,255,255,255,255,78,0,0,0,0,137,254,255,255,255,255,255,255,255,255,255,255,255,255,255,255,84,0,0,1,172,255,255,255,255,255,255,255,255,255,255,255,255,255,197,1,0,0,0,106,200,191,168,134,254,255,255,255,255,255,
255,255,255,255,255,89,0,0,0,0,81,254,255,255,255,255,255,255,255,255,255,255,254,254,253,85,9,0,0,16,196,254,255,255,255,255,255,255,252,177,191,254,245,80,79,21,0,2,44,178,206,222,247,255,255,255,255,255,255,255,
255,255,255,255,255,247,52,0,0,0,30,236,255,255,255,255,255,255,255,255,255,255,217,41,78,0,0,0,0,0,44,251,255,254,255,255,255,255,200,16,15,148,30,0,0,0,0,1,116,247,255,255,255,255,255,255,255,255,255,255,
255,255,255,255,255,255,167,0,0,0,73,246,255,255,255,255,255,255,255,255,241,239,175,0,0,0,0,0,0,1,187,254,255,255,255,255,255,255,254,141,0,75,0,0,0,0,0,0,0,230,255,255,255,255,255,255,255,255,255,255,
255,255,255,255,255,255,160,0,0,18,227,255,255,255,255,255,255,255,255,255,111,12,25,0,96,19,0,0,0,59,254,255,255,255,255,255,255,255,255,237,4,0,87,99,0,0,0,2,82,253,255,255,255,255,255,255,255,255,255,255,
255,255,255,255,255,254,88,0,0,0,152,255,255,255,255,255,255,255,255,255,232,26,195,192,255,237,41,0,0,6,218,255,255,255,255,255,255,255,255,254,129,160,253,63,0,0,0,73,254,255,255,255,255,255,255,255,255,255,255,255,
214,255,255,227,135,51,0,0,0,0,84,254,255,254,255,255,255,255,255,255,255,239,254,255,255,255,122,0,0,10,238,255,255,255,255,255,255,255,255,255,254,255,254,17,0,0,0,145,255,255,255,255,255,255,255,255,255,255,255,255,
45,114,80,19,15,114,170,0,0,0,25,239,255,255,255,255,255,255,255,255,255,255,255,255,255,243,18,0,0,0,182,255,255,255,255,255,255,255,255,255,255,255,245,13,0,0,1,195,255,255,255,255,255,255,255,255,255,255,255,255,
0,12,48,166,249,254,250,46,0,0,0,137,254,255,255,255,255,255,255,255,255,255,255,255,255,163,0,0,0,0,120,254,255,255,255,255,255,255,255,255,255,255,221,12,0,0,4,196,255,255,255,255,255,255,255,255,255,255,255,255,
0,0,0,30,149,167,70,38,0,0,0,44,246,255,255,255,255,255,255,255,255,255,255,255,255,73,0,0,0,0,71,254,255,255,255,255,255,255,255,255,255,254,105,0,0,0,0,89,254,255,255,255,255,255,255,255,255,255,255,255,
0,0,0,0,0,0,3,33,32,0,0,0,118,254,255,255,255,255,255,255,255,255,255,255,236,6,0,0,0,0,15,242,255,255,255,255,255,255,255,255,255,229,11,0,0,0,0,30,250,255,255,255,255,255,255,255,255,255,255,255,
0,0,0,0,0,0,1,74,90,0,0,0,14,223,255,255,254,255,255,255,255,255,255,255,131,0,0,0,0,0,0,165,255,255,255,254,255,255,255,255,254,81,0,0,0,0,0,0,207,255,255,255,255,255,255,255,255,255,255,255,
5,0,0,0,0,0,0,0,0,0,0,0,0,114,254,255,254,255,255,255,255,255,255,254,33,0,0,0,0,0,0,67,254,255,255,255,255,255,255,255,118,0,0,0,0,0,0,0,116,254,255,255,255,255,255,255,255,255,255,255,
205,42,0,0,0,0,0,0,0,0,0,0,0,14,204,255,255,255,255,255,255,255,255,254,34,0,0,0,0,0,0,33,254,255,255,255,255,255,255,217,1,0,0,0,0,0,0,0,21,241,255,255,255,255,255,255,255,255,255,255,
255,246,117,3,0,0,0,0,0,0,0,0,0,0,49,243,255,255,255,255,255,255,255,255,237,110,6,0,0,0,0,130,254,255,255,255,255,255,255,231,4,0,0,0,0,0,0,0,0,202,255,255,255,255,255,255,255,255,255,255,
255,255,255,199,41,0,0,0,0,0,0,0,0,0,0,192,255,255,255,255,255,255,255,255,255,251,7,111,66,10,207,255,255,255,255,255,255,255,255,255,163,15,0,0,0,0,0,0,35,238,255,255,255,255,255,255,255,255,255,255,
255,255,255,255,246,145,168,128,0,0,0,0,0,0,92,244,255,255,255,255,255,255,255,255,255,254,24,169,206,1,207,255,255,255,255,255,255,255,255,255,255,243,144,0,35,123,136,0,86,254,255,255,255,255,255,255,255,255,255,255,
255,255,255,255,255,255,254,81,0,2,22,50,118,198,255,255,255,255,255,255,255,255,255,255,255,253,22,170,254,31,154,255,255,255,255,255,255,255,255,255,255,255,210,0,158,254,254,51,31,252,255,255,255,255,255,255,255,255,255,255,
255,255,255,255,255,255,222,0,0,0,65,243,255,255,255,255,255,255,255,255,255,255,255,255,228,150,21,95,152,26,98,246,254,255,255,255,255,255,255,255,255,255,147,0,211,255,255,135,0,220,255,255,255,255,255,255,255,255,255,255,
255,255,255,255,255,255,250,79,0,0,0,91,246,255,255,255,255,255,255,255,255,255,255,254,128,71,1,28,72,3,23,107,251,255,255,255,255,255,255,255,255,255,142,2,242,255,255,173,0,221,255,255,255,255,255,255,255,255,255,255,
255,255,255,255,255,255,255,253,162,31,0,3,184,255,255,255,255,255,255,255,255,255,255,254,203,94,35,45,73,60,70,169,254,255,255,255,255,255,255,255,255,255,184,22,252,255,255,221,0,223,255,255,255,255,255,255,255,255,255,255,
255,255,255,255,255,255,255,255,255,246,57,0,35,181,253,255,255,255,255,255,255,255,255,254,253,236,133,73,73,73,156,253,255,255,255,255,255,255,255,255,255,254,157,12,250,255,255,226,5,191,255,255,255,255,255,255,255,255,255,255,
255,255,255,255,255,255,255,255,247,78,0,8,0,10,147,251,254,255,255,255,255,255,255,197,105,97,73,73,73,73,101,226,254,255,255,255,255,255,255,254,242,214,146,26,234,250,254,203,1,190,255,255,255,255,255,255,255,255,255,255,
254,251,254,255,254,254,249,226,147,46,40,6,4,57,73,185,254,255,255,255,255,255,255,220,78,169,74,73,73,73,138,246,255,255,255,255,255,255,255,238,86,73,42,0,51,96,141,140,0,102,254,255,255,255,255,255,255,255,255,255,
141,94,196,222,173,126,126,128,73,73,30,19,60,73,73,167,255,255,255,255,254,227,226,201,102,134,91,79,88,155,243,255,255,255,255,255,255,255,255,244,92,73,62,2,12,72,73,61,6,91,254,255,255,255,255,255,255,255,255,255,
82,73,75,96,172,238,253,208,75,73,73,72,73,101,169,246,255,255,255,255,254,158,94,212,248,254,248,242,248,254,255,255,255,255,255,255,255,255,255,248,118,73,73,67,65,73,73,73,105,238,255,255,255,255,255,255,255,255,255,255,
82,73,73,75,156,250,254,212,86,73,73,73,142,251,254,255,255,255,255,255,254,252,244,254,254,255,255,255,255,255,255,255,255,255,255,255,255,255,254,149,84,166,81,73,73,73,73,75,175,252,255,255,255,255,255,255,255,255,255,255,
82,73,73,73,73,133,242,124,73,73,73,74,189,254,255,255,255,255,255,255,255,255,255,255,255,255,255,255,255,255,255,255,255,255,255,255,255,255,234,101,156,250,230,131,73,73,73,73,74,176,255,255,255,255,255,255,255,255,255,255,
82,73,73,73,73,73,87,76,73,73,83,162,253,255,255,255,255,255,255,255,255,255,255,255,255,255,255,255,255,255,255,255,255,255,255,255,255,255,254,246,240,231,227,192,74,73,73,73,73,176,254,255,255,255,255,255,254,255,255,255,
82,73,73,73,73,73,73,89,172,216,245,254,255,255,255,255,255,255,255,255,255,255,255,255,255,255,255,255,255,255,255,255,255,255,255,255,255,255,255,255,255,255,251,126,73,73,86,112,138,234,254,255,255,255,255,255,255,255,255,255,
100,73,73,73,73,73,73,73,89,207,254,255,255,255,255,255,255,255,255,255,255,255,255,255,255,255,255,255,255,255,255,255,255,255,255,255,255,255,255,255,255,255,250,134,75,73,177,252,241,226,224,224,236,254,255,255,255,255,255,255,
226,95,73,73,73,73,73,73,73,80,187,254,255,255,255,255,255,255,255,255,255,255,255,255,255,255,255,255,255,255,255,255,255,255,255,255,255,255,255,255,255,255,254,214,82,92,246,255,255,255,254,253,248,254,255,255,255,255,255,255,
254,225,96,73,73,73,73,73,73,73,76,166,252,255,255,255,255,255,255,255,255,255,255,255,255,255,255,255,255,255,255,255,255,255,255,255,255,255,255,255,255,255,251,104,82,177,254,255,255,255,255,255,255,255,255,255,255,255,255,255,
255,254,224,89,73,73,73,73,73,73,73,74,150,254,255,255,255,255,255,255,255,255,255,255,255,255,255,255,255,255,255,255,255,255,255,255,255,255,255,255,255,255,248,150,218,254,255,255,255,255,255,255,255,255,255,255,255,255,255,255,
255,255,255,217,88,73,72,73,73,73,73,92,195,254,255,255,255,255,255,255,255,255,255,255,255,255,255,255,255,255,255,255,255,255,255,255,255,255,255,255,255,255,254,252,254,255,255,255,255,255,255,255,255,255,255,255,255,255,255,255,
255,255,255,254,216,94,82,82,82,88,159,241,254,255,255,255,255,255,255,255,255,255,255,255,255,255,255,255,255,255,255,255,255,255,255,255,255,255,255,255,255,255,255,255,255,255,255,255,255,255,255,255,255,255,255,255,255,255,255,255,
