255,255,255,255,255,255,255,255,255,255,255,255,255,255,255,255,255,255,255,255,255,255,255,255,255,255,255,255,255,254,255,255,255,255,255,255,255,255,255,255,255,255,255,255,255,255,255,255,255,255,255,255,255,255,255,254,255,255,255,255,
255,255,255,255,255,255,255,255,255,255,255,255,255,255,255,255,255,255,255,255,255,255,255,255,255,255,255,255,255,255,255,255,255,255,255,255,255,255,255,255,255,255,255,255,255,255,255,255,255,255,255,255,255,255,255,255,255,255,255,255,
255,255,255,255,244,252,255,255,255,255,255,255,255,255,255,255,255,255,255,255,255,255,255,255,255,255,255,255,255,255,255,255,255,255,255,255,255,255,255,255,255,255,255,255,255,255,255,255,255,255,255,255,255,255,255,255,255,255,255,255,
255,255,255,244,74,130,255,255,255,255,255,255,255,255,255,255,255,255,255,255,255,255,255,255,255,255,255,255,255,255,255,255,255,255,255,255,255,255,255,255,255,255,255,255,255,255,255,255,255,255,255,255,255,255,255,255,255,255,255,255,
255,255,254,141,12,30,192,254,255,255,255,255,255,255,255,255,255,255,255,255,255,255,255,255,255,255,255,255,255,255,255,255,255,255,255,255,255,255,255,255,255,255,255,255,255,255,255,255,255,255,255,255,255,255,255,255,255,255,255,255,
255,255,254,149,1,0,1,190,255,255,255,255,255,255,255,255,255,255,255,255,255,255,255,255,255,255,255,255,255,255,255,255,255,255,255,255,255,255,255,255,255,255,255,255,255,255,255,255,255,255,255,255,255,255,255,255,255,255,255,255,
255,254,215,57,0,16,2,205,255,255,255,255,255,255,255,255,255,255,255,255,255,255,255,255,255,255,255,255,255,255,255,255,255,255,255,255,255,255,255,255,255,255,255,255,255,255,255,255,255,255,255,255,255,255,255,255,255,255,255,255,
250,165,28,0,0,0,33,252,255,255,255,255,255,255,255,255,255,255,255,255,255,255,255,255,255,255,255,255,255,255,255,255,255,255,255,255,255,255,255,255,255,255,255,255,255,254,251,245,246,255,255,255,255,255,255,255,255,255,255,255,
98,6,0,0,0,0,1,150,254,255,255,255,255,255,255,255,255,255,255,255,255,255,255,255,255,255,255,255,255,255,255,255,255,255,255,255,255,255,255,255,255,255,255,254,255,254,215,106,165,254,255,255,255,255,255,255,255,255,255,255,
0,0,0,0,0,0,0,3,160,254,255,255,255,255,255,255,255,255,255,255,255,255,255,255,255,255,255,255,255,255,255,255,255,255,255,255,255,255,255,255,255,255,255,255,255,254,167,19,41,250,255,255,255,255,255,255,255,255,255,255,
0,0,0,0,0,0,0,0,0,217,251,255,255,255,255,255,255,255,255,255,255,255,255,255,255,255,255,255,255,255,255,255,255,255,255,255,255,255,255,255,255,255,255,255,255,251,154,17,11,156,254,255,255,255,255,255,255,255,255,255,
0,0,0,0,0,0,0,0,0,5,28,175,255,255,255,255,255,255,255,255,255,255,255,255,255,255,255,255,255,255,255,255,255,255,255,255,255,255,255,255,255,255,255,255,253,168,25,0,0,0,123,254,255,255,255,255,255,255,255,255,
0,0,0,0,0,0,0,0,0,0,28,235,255,255,255,255,255,255,255,255,255,255,255,255,255,255,255,255,255,255,255,255,255,255,255,255,255,255,255,255,255,255,255,254,190,35,0,0,0,0,0,53,108,221,254,255,255,255,255,255,
0,0,0,0,0,0,0,0,0,0,163,255,255,255,255,255,255,255,255,255,255,255,255,255,255,255,255,255,255,255,255,255,255,255,255,255,255,255,255,255,255,254,212,86,16,0,0,0,0,0,0,0,0,92,254,255,255,255,255,255,
0,0,0,0,0,0,0,0,0,0,179,255,255,255,255,255,255,255,255,255,255,255,255,255,255,255,255,255,255,255,255,255,255,255,255,255,255,255,255,255,255,254,212,43,0,0,0,0,0,0,0,0,23,245,255,255,255,255,255,255,
0,0,0,0,0,0,0,0,0,0,68,254,255,255,255,255,255,255,255,255,255,255,255,255,255,255,255,255,255,255,255,255,255,255,255,255,255,255,255,255,255,255,254,147,4,0,0,0,0,0,0,0,67,254,255,255,255,255,255,255,
0,0,0,0,0,0,0,0,0,0,2,234,255,255,255,255,255,255,255,255,255,255,255,255,255,255,255,255,255,255,255,255,255,255,255,255,255,255,255,255,255,255,254,128,1,0,0,0,0,0,0,0,2,235,255,255,255,255,255,255,
6,0,0,0,0,0,0,0,0,0,0,166,255,255,255,255,255,255,255,255,255,255,255,255,255,255,255,255,255,255,255,255,255,255,255,255,255,255,255,255,255,255,246,77,0,0,0,0,0,0,0,0,49,253,255,255,255,255,255,255,
17,0,0,0,0,0,0,0,0,0,0,122,255,255,255,255,255,255,255,255,255,255,255,255,255,255,255,255,255,255,255,255,255,255,255,255,255,255,254,255,255,255,216,38,0,0,0,0,0,0,0,62,221,255,255,255,255,255,255,255,
69,0,0,0,0,0,0,0,0,0,0,124,255,255,255,255,255,255,255,255,255,255,255,255,255,255,255,255,255,255,255,255,255,255,255,255,255,255,255,255,255,241,116,4,0,0,0,0,0,0,7,246,254,255,255,255,255,255,255,255,
157,0,0,0,0,0,0,0,0,0,0,189,255,255,255,255,255,255,255,255,255,255,255,255,255,255,255,255,255,255,255,255,255,255,255,255,255,255,255,255,250,165,43,3,0,0,0,0,0,0,9,150,248,255,254,255,240,214,234,255,
237,126,49,12,0,0,0,0,4,29,90,250,255,255,255,255,255,255,255,255,255,255,255,255,255,255,255,255,255,255,255,255,255,255,255,255,255,255,255,255,254,223,50,0,0,0,0,0,0,34,192,166,56,78,107,186,150,15,14,193,
254,218,58,1,0,0,0,1,46,212,254,255,255,255,255,255,255,255,255,255,255,255,255,255,255,255,255,255,255,255,255,255,255,255,255,255,255,255,255,255,255,254,188,36,0,0,0,0,0,0,62,107,25,139,81,1,6,0,4,41,
143,52,0,0,0,0,0,0,0,55,243,255,255,255,255,255,255,255,255,255,255,255,255,255,255,255,255,255,255,255,255,255,255,255,255,255,255,255,255,255,254,179,57,7,0,0,0,0,0,0,0,0,0,82,215,33,0,0,0,26,
9,0,0,0,0,0,0,0,0,0,134,255,255,255,255,255,255,255,255,255,255,255,255,255,255,255,255,255,255,255,255,255,255,255,255,255,255,255,255,255,255,212,36,0,0,0,0,0,0,0,0,0,0,0,13,0,0,0,1,1,
0,0,0,0,0,0,0,0,0,0,14,240,255,255,255,255,255,255,255,255,255,255,255,255,255,255,255,255,255,255,255,255,255,255,255,255,255,255,255,255,255,254,167,8,0,0,0,0,0,0,0,0,0,0,0,0,0,0,73,91,
0,0,0,0,0,0,0,0,0,0,0,191,255,255,255,255,255,255,255,255,255,255,255,255,255,255,255,255,255,255,255,255,255,255,255,255,255,255,255,255,255,255,245,70,0,0,0,0,0,0,0,0,0,0,0,0,0,2,96,53,
0,0,0,0,0,0,0,0,0,0,0,228,255,255,255,255,255,255,255,255,255,255,255,255,255,255,255,255,255,255,255,255,255,255,255,255,255,255,255,255,255,255,255,211,17,0,0,0,0,0,0,0,0,0,0,0,0,0,73,199,
0,0,0,0,0,0,0,0,0,0,18,254,255,255,255,255,255,255,255,255,255,255,255,255,255,255,255,255,255,255,255,255,255,255,255,255,255,255,255,255,255,255,255,217,25,0,0,0,0,0,0,0,1,68,143,31,0,0,9,225,
0,0,0,0,0,0,0,0,0,0,103,255,255,255,255,255,255,255,255,255,255,255,255,255,255,255,255,255,255,255,255,255,255,255,255,255,255,255,255,255,255,255,255,212,22,0,0,0,0,0,0,0,107,254,255,242,88,0,1,197,
0,0,0,0,0,0,0,0,0,0,146,255,255,255,255,255,255,255,255,255,255,255,255,255,255,255,255,255,255,255,255,255,255,255,255,255,255,255,255,255,255,255,255,195,7,0,0,0,0,0,0,0,192,255,255,255,255,206,209,254,
0,0,0,0,0,0,0,0,0,0,121,255,255,255,255,255,255,255,255,255,255,255,255,255,255,255,255,255,255,255,255,255,255,255,255,255,255,255,255,255,255,255,251,91,0,0,0,0,0,0,0,52,254,255,255,255,255,255,255,255,
0,0,0,0,0,0,0,0,0,0,94,255,255,255,255,255,255,255,255,255,255,255,255,255,255,255,255,255,255,255,255,255,255,255,255,255,255,255,255,255,255,255,189,12,0,0,0,0,0,0,2,200,255,255,255,255,255,255,255,255,
0,0,0,0,0,0,0,0,0,0,80,255,255,255,255,255,255,255,255,255,255,255,255,255,255,255,255,255,255,255,255,255,255,255,255,255,255,255,255,255,255,255,239,119,4,0,0,0,0,0,81,254,255,255,255,255,255,255,255,255,
0,0,0,0,0,0,0,0,0,0,52,254,255,255,255,255,255,255,255,255,255,255,255,255,255,255,255,255,255,255,255,255,255,255,255,255,255,255,255,255,255,255,254,91,0,0,0,0,0,0,123,255,255,255,255,255,255,255,255,255,
0,0,0,0,0,0,0,0,0,0,1,214,255,255,255,255,255,255,255,255,255,255,255,255,255,255,255,255,255,255,255,255,255,255,255,255,255,255,255,255,255,255,219,27,0,0,0,0,0,0,9,218,255,255,255,255,255,255,255,255,
0,0,0,0,0,0,0,0,0,2,85,206,255,255,255,255,255,255,255,255,255,255,255,255,255,255,255,255,255,255,255,255,255,255,255,255,255,255,255,255,255,254,134,0,0,0,0,0,0,0,0,83,254,255,255,255,255,255,255,255,
0,0,0,0,0,0,0,0,0,4,181,254,255,255,255,255,255,255,255,255,255,255,255,255,255,255,255,255,255,255,255,255,255,255,255,255,255,255,255,255,255,253,69,0,0,0,0,0,0,0,0,1,216,255,255,255,255,255,255,255,
0,0,0,0,0,0,0,0,0,0,52,238,255,255,255,255,255,255,255,255,255,255,255,255,255,255,255,255,255,255,255,255,255,255,255,255,255,255,255,255,255,241,39,0,0,0,0,0,0,0,0,0,114,254,255,255,255,255,255,255,
0,0,0,0,0,0,0,0,0,0,0,36,224,255,255,255,255,255,255,255,255,255,255,255,255,255,255,255,255,255,255,255,255,255,255,255,255,255,255,255,255,224,22,0,0,0,0,0,0,0,0,0,22,249,255,255,255,255,255,255,
0,0,0,0,0,0,0,0,0,0,0,0,46,249,255,255,255,255,255,255,255,255,255,255,255,255,255,255,255,255,255,255,255,255,255,255,255,255,255,255,255,206,11,0,0,0,0,0,0,0,0,0,0,173,255,255,255,255,255,255,
0,0,0,0,0,0,0,0,0,0,0,0,0,155,255,255,255,255,255,255,255,255,255,255,255,255,255,255,255,255,255,255,255,255,255,254,255,255,255,255,255,184,1,0,0,0,0,0,0,0,0,0,0,74,254,255,255,255,255,255,
0,0,0,0,0,0,0,0,0,0,0,0,0,41,254,255,255,255,255,255,255,255,255,255,255,255,255,255,255,255,255,255,255,255,255,255,255,255,255,255,255,144,0,0,0,0,0,0,0,0,0,0,0,2,221,255,255,255,255,255,
0,0,0,0,0,0,0,0,0,0,0,0,0,0,191,255,255,255,255,255,255,255,255,255,255,255,255,255,255,255,255,255,255,255,255,255,255,255,255,255,254,95,0,0,0,0,0,0,0,0,0,0,0,0,117,254,255,255,255,255,
28,0,0,0,0,0,0,0,0,0,0,0,0,0,81,255,255,255,255,255,255,255,255,255,255,255,255,255,255,255,255,255,255,255,255,255,255,255,255,255,246,44,0,0,0,0,0,0,0,0,0,0,0,0,20,247,255,255,255,255,
