255,255,255,255,255,255,255,255,255,255,255,255,255,255,255,255,255,255,255,255,255,255,255,255,255,255,255,255,255,255,255,255,255,255,255,255,251,218,183,161,151,168,187,221,250,255,255,255,255,255,255,255,255,255,255,255,255,255,255,255,
255,255,255,255,255,255,255,255,255,255,255,255,255,255,255,255,255,254,254,254,254,254,255,255,255,255,255,255,255,255,255,255,255,255,255,255,250,214,174,143,131,151,174,191,230,253,255,255,255,255,255,255,255,255,255,255,255,254,255,254,
255,255,255,255,255,255,255,255,255,255,255,255,255,255,255,255,255,244,225,228,237,241,250,254,254,255,255,255,255,255,255,255,255,255,255,255,250,211,166,130,117,138,158,177,206,239,253,255,255,254,255,255,255,255,255,255,255,255,255,255,
255,255,255,255,255,255,255,255,255,255,255,255,255,255,255,254,249,242,215,207,212,215,220,227,238,248,254,255,255,255,255,255,255,255,255,255,249,208,161,121,107,125,143,169,206,223,246,254,255,255,255,255,255,255,255,254,255,255,255,255,
255,255,255,255,255,255,255,255,255,255,255,255,255,255,255,254,246,216,192,177,182,195,202,214,216,229,252,255,255,255,255,255,255,255,255,255,247,204,155,112,99,117,129,170,209,217,233,254,255,255,255,255,255,255,255,255,255,255,255,255,
255,255,255,255,255,255,255,255,255,255,255,255,255,255,255,255,254,245,210,191,185,178,177,185,207,225,251,255,255,255,255,255,255,255,255,255,245,200,150,104,90,99,99,169,209,225,247,254,255,255,255,255,255,255,255,255,255,255,255,255,
255,255,255,255,255,255,255,255,255,255,255,255,255,255,255,255,255,249,218,204,210,212,209,198,201,224,249,255,255,255,255,255,255,255,255,255,244,194,142,96,80,81,75,149,214,242,254,255,255,255,255,255,255,255,255,255,255,255,255,255,
255,255,255,255,255,255,255,255,255,255,255,255,255,255,255,255,255,252,222,182,171,188,202,211,220,241,253,255,255,255,255,255,255,255,255,255,244,189,137,88,59,65,62,123,221,252,255,255,255,255,255,255,255,255,255,255,255,255,255,255,
255,255,255,255,255,255,255,255,255,255,255,255,255,255,255,255,255,253,229,185,146,132,158,179,204,245,254,255,255,255,255,255,255,255,255,255,245,188,132,81,36,38,59,112,205,253,255,255,255,255,255,255,255,255,255,255,255,255,255,255,
255,255,255,255,255,255,255,255,255,255,255,255,255,255,255,255,255,254,236,192,148,108,89,123,164,222,253,255,255,255,255,255,255,255,255,255,248,189,127,73,26,8,56,112,176,239,254,255,255,255,255,255,255,255,255,255,255,255,255,255,
255,255,255,255,255,255,255,255,255,255,255,255,255,255,255,255,255,255,243,198,154,109,72,45,90,178,239,254,255,255,255,255,255,255,255,255,250,192,124,66,17,0,35,116,161,205,252,255,255,255,255,255,255,255,255,255,255,255,255,255,
255,255,255,255,255,255,255,255,255,255,255,255,255,255,255,255,255,255,248,207,159,114,73,31,7,80,195,250,254,255,255,255,255,255,255,255,251,195,123,59,9,0,20,117,155,182,240,254,255,255,255,255,255,255,255,255,255,255,255,255,
255,255,255,255,255,255,255,255,255,255,255,255,255,255,255,255,255,255,251,214,163,117,73,31,3,1,62,203,251,254,255,255,255,255,255,255,252,196,122,55,5,0,28,103,151,189,238,254,255,255,255,255,255,255,255,255,255,255,255,255,
255,255,255,255,255,255,255,255,255,255,255,255,255,255,255,255,255,255,253,223,170,121,74,31,2,0,0,42,184,237,247,252,254,254,254,252,243,194,121,51,4,0,38,95,152,202,246,255,255,255,255,255,255,255,255,255,255,255,255,255,
255,255,255,255,255,255,255,255,255,255,255,255,255,255,255,255,255,255,254,232,177,126,76,31,2,0,0,0,28,148,197,214,224,228,229,223,212,184,118,49,2,0,21,108,159,215,251,255,255,255,255,255,255,255,255,255,255,255,255,255,
255,255,255,255,255,255,255,255,255,255,255,255,255,255,255,255,255,255,254,239,184,129,79,31,1,0,0,0,0,19,111,154,170,181,185,183,172,158,113,45,1,0,3,114,171,226,254,255,255,255,255,255,255,255,255,255,255,255,255,255,
255,255,255,255,255,255,255,255,255,255,255,255,255,255,255,255,255,255,255,245,192,134,80,31,1,0,0,0,0,0,11,71,112,129,139,141,134,123,99,41,1,0,0,88,189,235,254,255,255,255,255,255,255,255,255,255,255,255,255,255,
255,255,255,255,255,255,255,255,255,255,255,255,255,255,255,255,255,255,254,249,200,139,83,31,0,0,0,0,0,0,0,5,38,71,87,96,95,85,72,34,0,0,0,50,200,244,254,255,255,255,255,255,255,255,255,255,255,255,254,254,
255,255,255,255,255,255,255,255,255,255,255,255,255,255,255,255,255,255,254,252,210,144,84,30,0,0,0,0,0,0,0,0,0,12,35,49,53,48,36,18,0,0,0,24,184,252,255,255,255,255,255,255,255,255,255,255,254,252,247,230,
255,255,255,255,255,255,255,255,255,255,255,255,255,255,255,255,255,255,255,254,218,148,86,29,0,0,0,0,0,0,0,0,0,0,0,6,12,11,4,0,0,0,0,8,145,248,255,255,255,255,255,255,255,255,255,255,252,229,204,182,
255,255,255,255,255,255,255,255,255,255,255,255,255,255,255,255,255,255,255,254,222,154,88,27,0,0,0,0,0,0,0,0,0,0,0,0,0,0,0,0,0,0,0,1,116,236,254,255,255,255,255,255,255,255,255,254,246,198,157,135,
255,255,255,255,255,255,255,255,255,255,255,255,255,255,255,255,255,255,255,254,225,154,86,25,0,0,0,0,0,0,0,0,0,0,0,0,0,0,0,0,0,0,0,0,85,227,254,255,255,255,255,255,255,255,255,251,217,160,108,86,
255,255,255,255,255,255,255,255,255,255,255,255,255,255,255,255,255,255,255,255,228,153,80,20,0,0,0,0,0,0,0,0,0,0,0,0,0,0,0,0,0,0,0,0,54,216,254,255,255,255,255,255,255,255,255,247,182,119,62,40,
255,255,255,255,255,255,255,255,255,255,255,255,255,255,255,255,255,255,255,255,231,151,75,13,0,0,0,0,0,0,0,0,0,0,0,0,0,0,0,0,0,0,0,0,29,201,254,255,255,255,255,255,255,255,255,244,153,78,21,2,
255,255,255,255,255,255,255,255,255,255,255,255,255,255,255,255,255,255,255,254,236,148,69,8,0,0,0,0,0,0,0,0,0,0,0,0,0,0,0,0,0,0,0,0,10,180,253,255,255,255,255,255,255,255,255,246,136,38,3,0,
255,255,255,255,255,255,255,255,255,255,255,255,255,255,255,255,255,255,255,255,240,147,62,4,0,0,0,0,0,0,0,0,0,0,0,0,0,0,0,0,0,0,0,0,0,147,252,255,255,255,255,255,255,255,254,252,142,14,0,0,
255,255,255,255,255,255,255,255,255,255,255,255,255,255,255,255,255,255,255,255,245,150,56,1,0,0,0,0,0,0,0,0,0,0,0,0,0,0,0,0,0,0,0,0,0,108,250,255,255,255,255,255,255,253,238,233,151,13,0,0,
255,255,255,255,255,255,255,255,255,255,255,255,255,255,255,255,255,255,255,255,250,157,49,0,0,0,0,0,0,0,0,0,0,0,0,0,0,0,0,0,0,0,0,0,0,55,233,253,255,255,255,255,255,253,197,182,138,21,0,0,
255,255,255,255,255,255,255,255,255,255,255,255,255,255,255,255,255,255,255,255,252,168,42,0,0,0,0,0,0,0,0,0,0,0,0,0,0,0,0,0,0,0,0,0,0,16,178,231,252,254,253,254,255,251,169,127,109,33,0,0,
255,255,255,255,255,255,255,255,255,255,255,255,255,255,255,255,255,255,255,255,253,186,42,0,0,0,0,0,0,0,0,0,0,0,0,0,0,0,0,0,0,0,0,0,0,0,112,180,220,231,221,223,245,240,146,71,64,29,0,0,
255,255,255,255,255,255,255,255,255,255,255,255,255,255,255,255,255,255,255,255,255,212,46,0,0,0,0,0,0,0,0,0,0,0,0,0,0,0,0,0,0,0,0,0,0,0,53,125,165,180,168,170,200,226,124,22,16,4,0,0,
255,255,255,255,255,255,255,255,255,255,255,255,255,255,255,255,255,255,255,255,255,239,59,0,0,0,0,0,0,0,0,0,0,0,0,0,0,0,0,0,0,0,0,0,0,0,15,68,106,126,115,114,137,190,97,5,0,0,0,0,
255,255,255,255,255,255,255,255,255,255,255,255,255,255,255,255,255,255,255,255,255,253,102,0,0,0,0,0,0,0,0,0,0,0,0,0,0,0,0,0,0,0,0,0,0,0,0,18,50,74,62,58,75,136,70,3,0,0,0,0,
255,255,255,255,255,255,255,255,255,255,255,255,255,255,255,255,255,255,255,255,255,255,179,1,0,0,0,0,0,0,0,0,0,0,0,0,0,0,0,0,0,0,0,0,0,0,0,0,5,21,14,11,19,93,69,1,0,0,0,0,
255,255,255,255,255,255,255,255,255,255,255,255,255,255,255,255,255,255,255,255,255,255,243,50,0,0,0,0,0,0,0,0,0,0,0,0,0,0,0,2,4,6,6,6,2,0,0,0,0,0,0,0,0,44,103,37,1,0,0,0,
255,255,255,255,255,255,255,255,255,255,255,255,255,255,255,255,255,255,255,255,255,255,254,173,36,4,0,0,0,0,0,0,0,1,3,6,11,18,26,33,38,43,45,45,33,2,0,0,0,0,0,0,0,10,105,105,11,0,0,0,
255,255,255,255,255,255,255,255,255,255,255,255,255,255,255,255,255,255,255,255,255,255,255,245,149,77,44,29,22,20,21,24,30,37,44,51,59,68,74,80,85,89,91,90,79,21,0,0,0,0,0,0,0,0,78,146,39,0,0,0,
255,255,255,255,255,255,255,255,255,255,255,255,255,255,255,255,255,255,255,255,255,255,255,254,240,179,137,112,97,91,90,89,92,96,100,106,111,118,123,126,131,135,137,135,112,67,24,12,13,1,0,0,0,0,41,136,74,0,0,0,
255,255,255,255,255,255,255,255,255,255,255,255,255,255,255,255,255,255,255,255,255,255,255,255,254,248,224,197,178,167,161,157,157,157,158,161,164,169,172,176,179,182,184,172,145,129,80,59,58,15,0,0,0,0,10,77,93,0,0,0,
255,255,255,255,255,255,255,255,255,255,255,255,255,255,255,255,255,255,255,255,255,255,255,255,255,255,254,252,245,235,230,223,221,218,217,217,219,221,221,223,226,229,228,213,191,186,142,113,104,30,0,0,0,0,0,14,60,1,0,0,
255,255,255,255,255,255,255,255,255,255,255,255,255,255,255,255,255,255,255,255,255,255,255,255,255,255,255,255,255,254,255,254,254,253,252,252,253,253,253,254,254,254,254,242,220,218,200,167,140,46,0,0,0,0,0,0,13,0,0,0,
255,255,255,255,255,255,255,255,255,255,255,255,255,255,255,255,255,255,255,255,255,255,255,255,255,255,255,255,255,255,255,255,255,255,255,255,255,255,255,255,255,255,254,246,225,221,234,221,161,59,0,0,0,0,0,0,0,0,0,0,
255,255,255,255,255,255,255,255,255,255,255,255,255,255,255,255,255,255,255,255,255,255,255,255,255,255,255,255,255,255,255,255,255,255,255,255,255,255,255,255,255,255,255,251,231,231,250,238,162,66,0,0,0,0,0,0,0,0,0,0,
255,255,255,255,255,255,255,255,255,255,255,255,255,255,255,255,255,255,255,255,255,255,255,255,255,255,255,255,255,255,255,255,255,255,255,255,255,255,255,255,255,255,255,254,241,248,253,212,126,39,0,0,0,0,0,0,0,0,0,0,
255,255,255,255,255,255,255,255,255,255,255,255,255,255,255,255,255,255,255,255,255,255,255,255,255,255,255,255,255,255,255,255,255,255,255,255,255,255,255,255,255,255,255,254,252,254,250,178,86,13,0,0,0,0,0,0,0,0,0,0,
