0,0,0,0,0,0,0,0,0,0,0,0,0,0,0,0,0,0,148,254,255,255,255,255,255,215,98,65,48,39,26,12,7,0,0,0,0,0,0,0,0,0,0,0,0,0,0,0,14,133,239,252,253,254,253,253,255,255,253,253,
0,0,0,0,0,0,0,0,0,0,0,0,0,0,0,0,0,7,204,254,255,255,255,255,255,151,0,0,0,0,0,0,0,0,0,0,0,0,0,0,0,0,0,0,0,0,0,0,0,0,28,139,227,254,255,255,255,255,255,255,
0,0,0,0,0,0,0,0,0,0,0,0,0,0,0,0,0,0,22,203,254,255,255,255,254,182,0,0,0,0,0,0,0,0,0,0,0,0,0,0,0,0,0,0,0,0,0,0,0,0,0,0,13,108,212,252,253,254,255,255,
0,0,0,0,0,0,0,0,0,0,0,0,0,0,0,0,0,0,0,29,219,254,255,255,255,229,6,0,0,0,0,0,0,0,0,0,0,0,0,0,0,0,0,0,0,0,0,0,0,0,0,0,0,0,4,58,147,222,253,254,
0,0,0,0,0,0,0,0,0,0,0,0,0,0,0,0,0,0,0,0,52,242,255,255,255,253,46,0,0,0,0,0,0,0,0,0,0,0,0,0,0,0,0,0,0,0,0,0,0,0,0,0,0,0,0,0,0,7,63,170,
0,0,0,0,0,0,0,0,0,0,0,0,0,0,0,0,0,0,0,0,0,112,254,255,255,254,111,0,0,0,0,0,0,0,0,0,0,0,0,0,0,0,0,0,0,0,0,0,0,0,0,0,0,0,0,0,0,0,0,20,
0,0,0,0,0,0,0,0,0,0,0,0,0,0,0,0,0,0,0,0,0,53,254,255,255,255,187,0,0,0,0,0,0,0,0,0,0,0,0,0,0,0,0,0,0,0,0,0,0,0,0,0,0,0,0,0,0,0,0,11,
0,0,0,0,0,0,0,0,0,0,0,0,0,0,0,0,0,0,0,0,3,178,254,255,255,255,243,22,0,0,0,0,0,0,0,0,0,0,0,0,0,0,0,0,0,0,0,0,0,0,0,0,0,0,0,0,0,0,0,10,
0,0,0,0,0,0,0,0,0,0,0,0,0,0,0,0,0,0,0,0,85,251,255,255,255,255,254,100,0,0,0,0,0,0,0,0,0,0,0,0,0,0,0,0,0,0,0,0,0,0,0,0,0,0,0,0,0,0,0,20,
0,0,0,0,0,0,0,0,0,0,0,0,0,0,0,0,0,0,0,13,209,254,255,255,255,255,255,187,0,0,0,0,0,0,0,0,0,0,0,0,0,0,0,0,0,0,0,0,0,0,0,0,0,0,0,0,0,0,0,46,
0,0,0,0,0,0,0,0,0,0,0,0,0,0,0,0,0,0,0,47,247,255,255,255,255,255,255,246,29,0,0,0,0,0,0,0,0,0,0,0,0,0,0,0,0,0,0,0,0,0,0,0,0,0,0,0,0,0,0,88,
0,0,0,0,0,0,0,0,0,0,0,0,0,0,0,0,0,0,0,0,170,254,255,255,255,255,255,254,119,0,0,0,0,0,0,0,0,0,0,0,0,0,0,0,0,0,0,0,0,0,0,0,0,0,0,0,0,0,0,156,
0,0,0,0,0,0,0,0,0,0,0,0,0,0,0,0,0,0,0,0,64,252,255,255,255,255,255,255,222,8,0,0,0,0,0,0,0,0,0,0,0,0,0,0,0,0,0,0,0,0,0,0,0,0,0,0,0,0,10,229,
0,0,0,0,0,0,0,0,0,0,0,0,0,0,0,0,0,0,0,0,5,211,255,255,255,255,255,255,254,91,0,0,0,0,0,0,0,0,0,0,0,0,0,0,0,0,0,0,0,0,0,0,0,0,0,0,0,0,76,253,
0,0,0,0,0,0,0,0,0,0,0,0,0,0,0,0,0,0,0,0,0,120,254,255,255,255,255,255,255,210,6,0,0,0,0,0,0,0,0,31,2,0,0,0,0,0,0,0,0,0,0,0,0,0,0,0,0,0,175,254,
0,0,0,0,0,0,0,0,0,0,0,0,0,0,0,0,0,0,0,0,0,42,252,255,255,255,255,255,255,254,150,18,0,0,0,0,0,0,17,207,23,0,0,0,0,0,0,0,0,0,0,0,0,0,0,0,0,43,248,255,
13,0,0,0,2,0,0,0,0,0,0,0,2,28,4,0,0,0,0,0,0,4,231,255,255,255,255,255,255,255,254,228,121,21,0,0,0,4,168,252,48,0,0,0,0,0,0,0,0,0,0,0,0,0,0,0,5,164,254,255,
112,1,45,161,199,89,12,0,0,0,0,1,114,247,222,179,141,107,64,37,32,49,232,255,255,255,255,255,255,255,255,255,254,239,168,121,115,176,252,254,112,0,0,0,0,0,0,0,0,0,0,0,11,50,103,160,220,253,255,255,
248,217,249,254,255,254,230,121,13,0,6,136,252,255,255,255,255,254,254,252,251,252,254,254,255,255,255,255,255,255,255,255,255,255,255,255,255,255,254,255,238,134,69,36,20,17,28,40,58,83,137,192,235,252,254,255,255,255,255,255,
254,255,255,255,255,255,255,254,225,150,198,254,255,255,255,255,255,255,255,255,255,255,255,255,255,255,255,255,255,255,255,255,255,255,255,255,255,255,255,255,255,254,254,253,247,247,250,253,254,254,255,255,255,255,255,255,255,255,255,255,
255,255,254,254,255,255,255,255,254,254,254,255,255,255,255,255,255,255,255,255,255,255,255,255,255,255,255,255,255,255,255,255,255,255,255,255,255,255,255,255,255,255,255,255,255,255,255,254,255,255,255,255,255,255,255,255,255,255,255,255,
255,255,254,243,251,254,255,255,255,255,255,255,255,255,255,255,255,255,255,255,255,255,255,255,254,254,254,255,255,255,255,255,255,255,255,255,255,255,255,255,255,255,255,255,255,245,177,172,240,254,255,255,255,255,255,255,255,255,255,255,
254,255,222,36,64,216,254,255,255,255,255,255,255,255,255,255,255,255,255,255,254,252,222,164,103,108,254,255,255,255,255,255,254,254,254,255,255,254,254,255,255,255,255,255,236,74,0,0,25,138,242,254,255,255,254,254,254,254,255,255,
254,240,55,0,0,18,163,252,255,255,255,255,255,255,255,255,255,254,240,179,109,42,5,0,0,103,254,255,255,255,255,255,157,104,224,244,248,171,170,215,248,254,254,218,49,0,0,0,0,0,32,160,251,252,183,85,83,178,251,255,
252,107,0,0,0,0,3,115,240,255,255,255,255,255,255,248,181,81,16,0,0,0,0,0,0,155,254,255,255,255,255,254,166,170,253,254,253,188,2,2,26,82,154,35,0,0,0,0,0,0,0,0,72,82,2,0,0,1,75,243,
239,14,0,0,0,0,0,0,46,223,254,255,255,253,180,48,1,0,0,0,0,0,0,0,1,206,255,255,255,255,255,255,254,247,255,255,255,253,64,0,0,0,0,0,0,0,0,0,0,0,0,5,35,14,0,0,0,0,0,198,
218,2,0,0,0,0,0,0,0,38,230,254,233,96,3,0,0,0,0,0,0,0,0,0,15,240,255,255,255,255,255,255,255,255,255,255,255,255,207,6,0,0,0,0,0,0,0,0,0,0,10,149,243,241,158,41,0,0,0,148,
236,10,0,0,0,0,0,0,0,0,98,209,42,0,0,0,0,0,0,0,0,0,0,0,60,253,255,255,255,255,255,255,255,255,255,255,255,255,254,109,0,0,0,0,0,0,0,0,0,1,101,249,255,255,255,250,154,15,0,119,
252,45,0,0,0,0,0,0,0,0,6,15,0,0,0,0,0,0,0,0,0,0,0,0,127,254,254,255,255,255,255,255,255,255,255,255,255,255,255,210,4,0,0,0,10,85,9,0,44,187,233,255,255,255,255,255,255,205,9,32,
254,129,0,0,0,0,0,0,0,0,0,0,0,0,0,0,0,0,0,0,0,0,0,0,199,254,255,255,255,255,255,255,255,255,255,255,255,255,255,252,48,0,0,0,30,243,224,177,217,254,255,255,255,255,255,255,255,254,96,0,
255,230,26,0,0,0,0,0,0,0,0,0,0,0,0,0,0,0,0,0,0,0,0,45,248,255,255,255,255,255,255,255,255,255,255,255,255,255,255,255,158,1,0,0,0,50,224,254,255,255,255,255,255,255,255,255,255,255,153,0,
244,231,141,0,0,0,0,0,0,0,0,0,0,0,0,0,0,0,0,0,0,0,0,152,254,255,255,255,255,255,255,255,255,255,255,255,255,255,255,255,254,173,25,0,0,3,185,254,255,255,255,255,255,255,255,255,255,255,185,0,
19,5,6,0,0,0,0,0,0,0,0,0,0,0,0,0,0,0,0,0,0,0,35,236,255,255,255,255,255,255,255,255,255,255,255,255,255,255,255,255,255,255,231,54,0,33,226,255,255,255,255,255,253,254,255,255,255,255,192,0,
0,0,0,0,0,0,0,0,0,0,0,0,0,0,0,0,0,0,0,0,0,8,193,255,255,255,255,255,255,255,255,255,255,250,162,252,255,255,255,255,255,255,255,223,11,116,251,255,255,255,255,255,239,83,153,219,244,241,129,0,
0,0,0,0,0,0,0,0,0,0,0,0,0,0,0,0,0,0,0,0,0,120,253,255,255,255,255,255,255,255,255,255,254,131,1,124,254,255,255,255,255,255,255,255,105,110,209,208,255,255,255,255,193,23,0,1,15,26,4,0,
0,0,0,0,0,0,0,0,0,0,0,0,0,0,0,0,0,0,0,0,47,240,254,255,255,255,255,255,255,255,255,254,182,5,0,1,154,254,255,255,255,255,255,255,178,72,181,241,255,255,254,245,126,0,0,0,0,0,0,0,
0,0,0,0,0,0,0,0,0,0,0,0,0,0,0,0,0,0,0,0,36,136,235,254,255,255,255,255,255,255,255,254,94,0,0,0,7,161,254,255,255,255,255,255,231,182,253,255,255,238,138,68,54,0,0,0,0,0,0,0,
0,0,0,0,0,0,0,0,0,0,0,0,0,0,0,0,0,0,0,0,0,0,29,206,255,255,255,255,255,255,255,255,169,102,96,140,206,240,254,255,255,255,255,255,255,254,255,255,255,231,181,63,0,0,0,0,0,0,0,0,
96,10,0,0,0,0,0,0,0,0,0,0,0,0,0,0,0,0,0,0,0,0,0,25,203,254,255,255,255,255,255,255,254,254,254,254,255,255,255,255,255,255,255,255,255,255,255,255,255,255,255,184,0,0,0,0,0,0,0,0,
254,189,3,0,0,0,0,0,0,0,0,0,0,0,0,0,0,0,0,0,0,0,0,0,27,213,255,255,255,255,255,255,255,255,255,255,255,255,255,255,255,255,255,255,255,255,255,255,255,253,219,85,0,0,0,0,0,0,0,0,
253,160,0,0,0,0,0,0,0,0,0,0,0,0,0,0,0,0,0,0,0,0,0,0,0,41,233,254,255,255,255,255,255,255,255,255,255,255,255,255,255,255,255,255,255,255,255,255,255,254,139,0,0,0,0,0,0,0,0,0,
186,11,0,0,0,0,0,0,0,0,0,0,0,0,0,0,0,0,0,0,0,0,0,0,0,0,80,248,255,255,255,255,255,255,255,255,255,255,255,255,255,255,255,255,255,255,255,255,255,255,251,53,0,0,0,0,0,0,0,0,
20,0,0,0,10,1,0,0,0,0,0,0,21,12,0,0,0,0,0,0,0,0,0,0,0,0,0,129,254,255,255,255,255,255,255,255,255,255,255,255,255,255,255,255,255,255,255,255,255,255,255,165,0,0,0,0,0,0,0,10,
0,0,52,169,235,117,0,0,0,0,0,0,57,206,47,0,0,0,0,0,0,0,0,0,0,0,0,6,184,254,255,255,255,255,255,255,255,255,255,255,255,255,255,255,255,255,255,255,255,255,255,233,10,0,0,0,0,0,0,62,
36,160,247,252,252,219,10,0,0,0,0,1,19,243,244,140,27,1,0,0,0,0,0,0,0,0,0,0,39,247,255,255,255,255,255,255,255,255,255,255,255,255,255,255,255,255,255,255,255,255,255,247,32,0,0,0,0,0,0,76,
