0,0,0,0,0,0,0,0,0,0,0,0,0,0,0,0,0,122,254,255,255,255,255,255,255,255,255,255,254,254,254,234,190,140,81,17,0,0,0,0,0,0,0,0,0,0,0,0,94,253,255,255,255,255,255,255,255,255,255,255,
0,0,0,0,0,0,0,0,0,0,0,0,0,0,0,0,70,252,255,255,255,255,255,255,255,255,255,248,124,59,18,1,0,0,0,0,0,0,0,0,0,0,0,0,0,0,0,0,0,107,253,255,255,255,255,255,255,255,255,255,
0,0,0,0,0,0,0,0,0,0,0,0,0,0,0,0,5,129,252,255,255,255,255,255,255,255,255,176,0,0,0,0,0,0,0,0,0,0,0,0,0,0,0,0,0,0,0,0,0,0,94,248,255,255,255,255,255,255,255,255,
0,0,0,0,0,0,0,0,0,0,0,0,0,0,0,0,0,0,83,245,255,255,255,255,255,255,255,182,0,0,0,0,0,0,0,0,0,0,0,0,0,0,0,0,0,0,0,0,0,0,0,57,224,254,255,255,255,255,255,255,
0,0,0,0,0,0,0,0,0,0,0,0,0,0,0,0,0,0,0,60,237,255,255,255,255,255,255,227,0,0,0,0,0,0,0,0,0,0,0,0,0,0,0,0,0,0,0,0,0,0,0,0,14,151,252,255,255,255,255,255,
0,0,0,0,0,0,0,0,0,0,0,0,0,0,0,0,0,0,0,0,48,238,255,255,255,255,255,254,32,0,0,0,0,0,0,0,0,0,0,0,0,0,0,0,0,0,0,0,0,0,0,0,0,0,55,197,255,255,255,255,
0,0,0,0,0,0,0,0,0,0,0,0,0,0,0,0,0,0,0,0,0,125,255,255,255,255,255,254,109,0,0,0,0,0,0,0,0,0,0,0,0,0,0,0,0,0,0,0,0,0,0,0,0,0,0,0,80,216,254,255,
0,0,0,0,0,0,0,0,0,0,0,0,0,0,0,0,0,0,0,0,62,227,255,255,255,255,255,255,198,0,0,0,0,0,0,0,0,0,0,0,0,0,0,0,0,0,0,0,0,0,0,0,0,0,0,0,0,5,125,252,
0,0,0,0,0,0,0,0,0,0,0,0,0,0,0,0,0,0,15,149,253,255,255,255,255,255,255,255,253,45,0,0,0,0,0,0,0,0,0,0,0,0,0,0,0,0,0,0,0,0,0,0,0,0,0,0,0,0,0,150,
0,0,0,0,0,0,0,0,0,0,0,0,0,0,0,0,0,82,230,254,255,255,255,255,255,255,255,255,255,162,0,0,0,0,0,0,0,0,0,0,0,0,0,0,0,0,0,0,0,0,0,0,0,0,0,0,0,0,0,145,
0,0,0,0,0,0,0,0,0,0,0,0,0,0,0,0,0,55,254,255,255,255,255,255,255,255,255,255,255,252,48,0,0,0,0,0,0,0,0,0,0,0,0,0,0,0,0,0,0,0,0,0,0,0,0,0,0,0,16,235,
0,0,0,0,0,0,0,0,0,0,0,0,0,0,0,0,0,0,176,255,255,255,255,255,255,255,255,255,255,255,203,5,0,0,0,0,0,0,0,0,5,0,0,0,0,0,0,0,0,0,0,0,0,0,0,0,0,0,151,254,
0,0,0,0,0,0,0,0,0,0,0,0,0,0,0,0,0,0,54,254,255,255,255,255,255,255,255,255,255,255,254,149,0,0,0,0,0,0,0,0,112,0,0,0,0,0,0,0,0,0,0,0,0,0,0,0,0,83,253,255,
0,0,0,0,0,0,0,0,0,0,0,0,0,0,0,0,0,0,0,196,255,255,255,255,255,255,255,255,255,255,255,254,132,0,0,0,0,0,0,27,201,0,0,0,0,0,0,0,0,0,0,0,0,0,0,0,56,244,255,255,
13,0,0,0,0,0,0,0,0,0,0,0,0,0,0,0,0,0,0,96,254,255,255,255,255,255,255,255,255,255,255,255,254,153,5,0,0,0,0,134,202,0,0,0,0,0,0,0,0,0,0,0,0,0,0,52,235,255,255,255,
125,0,0,0,50,0,0,0,0,0,0,1,131,51,0,0,0,0,0,30,254,255,255,255,255,255,255,255,255,255,255,255,255,254,204,50,0,0,25,240,204,0,0,0,0,0,0,0,0,0,0,0,0,0,78,241,255,255,255,255,
247,56,0,120,253,136,2,0,0,0,0,78,254,254,219,143,78,26,2,64,254,255,255,255,255,255,255,255,255,255,255,255,255,255,255,252,177,120,206,254,225,1,0,0,0,0,0,0,0,0,0,0,12,146,253,255,255,255,255,255,
255,241,202,254,255,254,186,22,0,0,3,210,255,255,255,255,255,254,249,254,255,255,255,255,255,255,255,255,255,255,255,255,255,255,255,255,255,255,255,255,254,116,5,0,0,0,0,0,0,0,30,121,232,254,255,255,255,255,255,255,
255,255,255,255,255,255,255,226,63,0,106,254,255,255,255,255,255,255,255,255,255,255,255,255,255,255,255,255,255,255,255,255,255,255,255,255,255,255,255,255,255,255,230,175,137,118,117,132,163,211,254,255,255,255,255,255,255,255,255,255,
255,255,255,255,255,255,255,255,253,192,248,255,255,255,255,255,255,255,255,255,255,255,255,255,255,255,255,255,255,255,255,255,255,255,255,255,255,255,255,255,255,255,255,255,255,255,255,255,255,255,255,255,255,255,255,255,255,255,255,255,
255,255,255,255,255,255,255,255,255,255,255,255,255,255,255,255,255,255,255,255,255,255,255,255,255,255,255,255,255,255,255,255,255,255,255,255,255,255,255,255,255,255,255,255,255,255,255,255,255,255,255,255,255,255,255,255,255,255,255,255,
255,255,255,254,255,255,255,255,255,255,255,255,255,255,255,255,255,255,255,255,255,255,255,255,255,255,255,255,255,255,255,255,255,255,255,255,255,255,255,255,255,255,255,255,255,255,223,249,255,255,255,255,255,255,255,255,255,255,255,255,
255,255,255,200,150,254,255,255,255,255,255,255,255,255,255,255,255,255,255,255,255,255,255,255,254,248,255,255,255,255,255,255,255,255,255,255,255,255,255,255,255,255,255,255,255,193,5,36,194,254,255,255,255,255,255,255,255,255,255,255,
255,255,254,78,0,136,255,255,255,255,255,255,255,255,255,255,255,255,255,255,255,254,235,150,57,106,255,255,255,255,255,255,255,255,255,255,255,255,255,255,255,255,255,255,251,45,0,0,3,138,253,255,255,255,255,254,255,255,255,255,
255,255,242,8,0,0,140,254,255,255,255,255,255,255,255,255,255,255,255,242,164,77,6,0,6,219,255,255,255,255,255,255,255,255,230,141,145,181,235,254,255,255,255,255,155,0,0,0,0,0,81,240,255,255,200,81,196,255,255,255,
255,255,182,0,0,0,1,151,254,255,255,255,255,255,255,255,254,192,91,11,0,0,0,0,100,254,255,255,255,255,255,255,255,255,103,0,0,0,2,49,125,207,254,248,29,0,0,0,0,0,0,42,223,180,8,0,17,220,255,255,
255,254,122,0,0,0,0,2,171,255,255,255,255,255,254,180,52,0,0,0,0,0,0,3,216,255,255,255,255,255,255,255,255,255,113,0,0,0,0,0,0,0,46,97,0,0,0,0,0,0,0,0,26,6,0,0,0,70,254,255,
255,255,80,0,0,0,0,0,11,216,255,255,255,232,80,0,0,0,0,0,0,0,0,79,254,255,255,255,255,255,255,255,255,255,182,0,0,0,0,0,0,0,0,0,0,0,0,0,0,0,0,0,0,0,0,0,0,0,197,255,
255,255,58,0,0,0,0,0,0,72,254,254,215,31,0,0,0,0,0,0,0,0,0,194,255,255,255,255,255,255,255,255,255,255,250,25,0,0,0,0,0,0,0,0,0,0,0,0,0,0,0,0,0,0,0,0,0,0,103,248,
255,254,64,0,0,0,0,0,0,1,228,222,27,0,0,0,0,0,0,0,0,0,61,254,255,255,255,255,255,255,255,255,255,255,255,129,0,0,0,0,0,0,0,0,0,0,0,0,0,0,0,0,0,0,0,0,0,0,3,2,
255,255,119,0,0,0,0,0,0,0,190,47,0,0,0,0,0,0,0,0,0,0,193,255,255,255,255,255,255,255,255,255,255,255,255,234,12,0,0,0,0,0,0,0,0,0,0,0,0,0,0,0,0,0,0,0,0,0,0,0,
255,255,220,6,0,0,0,0,0,0,79,0,0,0,0,0,0,0,0,0,0,91,254,255,255,255,255,255,255,255,255,255,255,255,255,254,117,0,0,0,0,0,0,0,0,0,0,0,0,0,0,0,0,0,0,0,0,0,0,0,
206,242,254,135,0,0,0,0,0,1,1,0,0,0,0,0,0,0,0,0,31,235,255,255,255,255,255,255,255,255,255,255,255,255,255,255,235,17,0,0,0,0,0,0,0,0,0,0,0,0,0,0,0,0,0,0,0,0,0,0,
0,5,75,185,96,0,0,0,0,0,0,0,0,0,0,0,0,0,0,22,210,255,255,255,255,255,255,255,255,255,255,255,255,255,255,255,212,52,0,0,0,0,0,0,0,0,0,0,0,0,0,0,0,0,0,0,0,0,0,0,
0,0,0,0,54,14,0,0,0,0,0,0,0,0,0,0,0,0,44,218,254,255,255,255,255,255,255,255,255,255,255,255,255,254,241,109,3,0,0,0,0,0,0,0,0,0,0,0,0,0,0,0,0,0,0,0,0,0,0,0,
0,0,0,0,0,0,0,0,0,0,0,0,0,0,0,0,9,123,246,255,255,255,255,255,255,255,255,255,255,255,255,255,254,180,31,0,0,0,0,0,0,0,0,1,0,12,2,0,0,0,0,0,0,0,0,0,0,0,0,0,
0,0,0,0,0,0,0,0,0,0,0,0,0,0,2,73,193,248,254,255,255,255,255,255,255,255,255,255,255,255,255,255,149,1,0,0,0,0,0,0,0,0,26,61,71,92,143,43,0,0,0,0,0,0,0,0,0,0,0,0,
0,0,0,0,0,0,0,0,0,0,0,0,0,0,0,0,0,11,92,218,255,255,255,255,255,255,255,255,255,255,255,255,132,0,0,0,0,0,0,0,0,4,87,178,233,196,219,237,60,0,0,0,0,0,0,0,0,0,0,0,
170,113,61,6,0,0,0,0,0,0,0,0,0,0,0,0,0,0,0,9,150,254,255,255,255,255,255,255,255,255,255,255,251,86,0,0,0,0,0,0,0,11,121,245,250,254,254,252,233,50,0,0,0,0,0,0,0,0,0,0,
255,254,254,163,0,0,0,0,0,0,0,0,0,0,0,0,0,0,0,0,0,101,251,255,255,255,255,255,255,255,255,255,255,251,98,0,0,0,0,0,0,33,100,241,255,255,255,255,255,238,37,0,0,0,0,0,0,0,0,0,
255,255,218,30,0,0,0,0,0,0,0,0,0,0,0,0,0,0,0,0,0,0,79,247,255,255,255,255,255,255,255,255,255,255,254,124,0,0,0,0,0,27,176,164,254,255,255,255,255,254,161,0,0,0,0,0,0,0,0,0,
254,174,19,0,18,90,4,0,0,0,0,53,27,0,0,0,0,0,0,0,0,0,0,70,245,255,255,255,255,255,255,255,255,255,255,254,159,9,0,0,0,19,185,191,241,255,255,255,255,255,253,110,10,0,0,0,0,0,0,0,
82,0,1,110,241,254,49,0,0,0,0,8,191,24,0,0,0,0,0,0,0,0,0,0,67,242,255,255,255,255,255,255,255,255,255,255,254,206,38,0,0,33,139,238,246,255,255,255,255,255,255,253,204,116,50,4,0,0,0,115,
0,12,175,254,255,254,53,0,0,0,0,0,141,218,42,0,0,0,0,0,0,0,0,0,0,63,244,255,255,255,255,255,255,255,255,255,254,215,18,0,0,22,214,203,254,255,255,255,255,255,255,255,255,254,242,182,92,56,32,217,
66,207,255,255,255,254,65,0,0,0,0,0,64,254,245,126,21,0,0,0,0,0,0,0,0,0,103,254,255,255,255,255,255,255,255,255,234,36,0,0,0,0,69,234,254,255,255,255,255,255,255,255,255,255,255,255,252,238,219,239,
