0,0,0,0,0,0,0,0,0,0,0,0,0,0,0,0,0,0,147,255,255,255,255,255,255,255,255,255,255,255,255,255,255,255,255,254,245,161,41,0,0,0,0,0,0,0,0,0,68,245,255,255,255,255,255,255,255,255,255,255,
0,0,0,0,0,0,0,0,0,0,0,0,0,0,0,0,0,90,252,255,255,255,255,255,255,255,255,255,255,255,255,255,254,244,196,115,28,0,0,0,0,0,0,0,0,0,0,0,0,69,242,255,255,255,255,255,255,255,255,255,
0,0,0,0,0,0,0,0,0,0,0,0,0,0,0,0,71,249,255,255,255,255,255,255,255,255,255,255,254,230,182,128,71,20,0,0,0,0,0,0,0,0,0,0,0,0,0,0,0,0,49,225,255,255,255,255,255,255,255,255,
0,0,0,0,0,0,0,0,0,0,0,0,0,0,0,0,16,175,254,255,255,255,255,255,255,255,255,255,166,16,0,0,0,0,0,0,0,0,0,0,0,0,0,0,0,0,0,0,0,0,0,19,168,255,255,255,255,255,255,255,
0,0,0,0,0,0,0,0,0,0,0,0,0,0,0,0,0,4,158,254,255,255,255,255,255,255,255,255,105,0,0,0,0,0,0,0,0,0,0,0,0,0,0,0,0,0,0,0,0,0,0,0,0,76,215,254,255,255,255,255,
0,0,0,0,0,0,0,0,0,0,0,0,0,0,0,0,0,0,3,156,254,255,255,255,255,255,255,255,143,0,0,0,0,0,0,0,0,0,0,0,0,0,0,0,0,0,0,0,0,0,0,0,0,0,4,98,218,254,255,255,
0,0,0,0,0,0,0,0,0,0,0,0,0,0,0,0,0,0,0,4,167,255,255,255,255,255,255,255,208,0,0,0,0,0,0,0,0,0,0,0,0,0,0,0,0,0,0,0,0,0,0,0,0,0,0,0,3,89,208,255,
0,0,0,0,0,0,0,0,0,0,0,0,0,0,0,0,0,0,0,0,10,223,255,255,255,255,255,255,254,37,0,0,0,0,0,0,0,0,0,0,0,0,0,0,0,0,0,0,0,0,0,0,0,0,0,0,0,0,1,95,
0,0,0,0,0,0,0,0,0,0,0,0,0,0,0,0,0,0,0,0,56,238,255,255,255,255,255,255,255,133,0,0,0,0,0,0,0,0,0,0,0,0,0,0,0,0,0,0,0,0,0,0,0,0,0,0,0,0,0,0,
0,0,0,0,0,0,0,0,0,0,0,0,0,0,0,0,0,0,26,155,251,255,255,255,255,255,255,255,255,234,10,0,0,0,0,0,0,0,0,0,0,0,0,0,0,0,0,0,0,0,0,0,0,0,0,0,0,0,0,0,
0,0,0,0,0,0,0,0,0,0,0,0,0,0,0,0,10,138,241,254,255,255,255,255,255,255,255,255,255,254,117,0,0,0,0,0,0,0,0,0,0,0,0,0,0,0,0,0,0,0,0,0,0,0,0,0,0,0,0,11,
0,0,0,0,0,0,0,0,0,0,0,0,0,0,0,0,4,210,255,255,255,255,255,255,255,255,255,255,255,255,239,25,0,0,0,0,0,0,0,0,0,0,0,0,0,0,0,0,0,0,0,0,0,0,0,0,0,0,0,124,
0,0,0,0,0,0,0,0,0,0,0,0,0,0,0,0,0,96,255,255,255,255,255,255,255,255,255,255,255,255,255,177,1,0,0,0,0,0,0,0,0,7,2,0,0,0,0,0,0,0,0,0,0,0,0,0,0,0,46,246,
0,0,0,0,0,0,0,0,0,0,0,0,0,0,0,0,0,10,233,255,255,255,255,255,255,255,255,255,255,255,255,254,128,0,0,0,0,0,0,0,0,92,29,0,0,0,0,0,0,0,0,0,0,0,0,0,0,16,214,255,
0,0,0,0,0,0,0,0,0,0,0,0,0,0,0,0,0,0,147,255,255,255,255,255,255,255,255,255,255,255,255,255,254,118,0,0,0,0,0,0,2,192,40,0,0,0,0,0,0,0,0,0,0,0,0,0,8,186,254,255,
0,0,0,2,0,0,0,0,0,0,0,0,0,0,0,0,0,0,62,254,255,255,255,255,255,255,255,255,255,255,255,255,255,254,154,8,0,0,0,0,43,246,49,0,0,0,0,0,0,0,0,0,0,0,0,12,179,254,255,255,
55,0,40,213,71,0,0,0,0,0,1,168,101,14,0,0,0,0,11,246,255,255,255,255,255,255,255,255,255,255,255,255,255,255,254,213,66,0,0,1,149,254,67,0,0,0,0,0,0,0,0,0,0,0,35,203,255,255,255,255,
230,147,241,255,246,90,0,0,0,0,91,254,254,237,157,74,15,0,16,249,255,255,255,255,255,255,255,255,255,255,255,255,255,255,255,255,254,194,111,131,246,254,114,0,0,0,0,0,0,0,0,0,12,119,240,255,255,255,255,255,
255,255,255,255,255,252,122,1,0,18,231,255,255,255,255,254,243,215,232,255,255,255,255,255,255,255,255,255,255,255,255,255,255,255,255,255,255,255,255,255,255,255,235,93,15,0,0,0,1,26,78,152,236,254,255,255,255,255,255,255,
255,255,255,255,255,255,254,166,32,173,255,255,255,255,255,255,255,255,255,255,255,255,255,255,255,255,255,255,255,255,255,255,255,255,255,255,255,255,255,255,255,255,255,255,254,236,219,223,241,254,254,255,255,255,255,255,255,255,255,255,
255,255,255,255,255,255,255,255,254,255,255,255,255,255,255,255,255,255,255,255,255,255,255,255,255,255,255,255,255,255,255,255,255,255,255,255,255,255,255,255,255,255,255,255,255,255,255,255,255,255,255,255,255,255,255,255,255,255,255,255,
255,255,255,255,255,255,255,255,255,255,255,255,255,255,255,255,255,255,255,255,255,255,255,255,255,255,255,255,255,255,255,255,255,255,255,255,255,255,255,255,255,255,255,255,255,255,255,255,255,255,255,255,255,255,255,255,255,255,255,255,
255,255,255,255,219,234,255,255,255,255,255,255,255,255,255,255,255,255,255,255,255,255,255,255,255,255,255,255,255,255,255,255,255,255,255,255,255,255,255,255,255,255,255,255,255,197,192,253,255,255,255,255,255,255,255,255,255,255,255,255,
255,255,255,254,56,43,239,255,255,255,255,255,255,255,255,255,255,255,255,255,255,255,255,255,255,255,255,255,255,255,255,255,255,255,255,255,255,255,255,255,255,255,255,255,223,10,0,77,225,254,255,255,255,255,255,255,255,255,255,255,
255,255,255,203,0,0,66,249,255,255,255,255,255,255,255,255,255,255,255,255,255,255,255,254,233,175,205,255,255,255,255,255,255,255,255,255,255,255,255,255,255,255,255,255,101,0,0,0,19,162,254,255,255,254,175,189,254,255,255,255,
255,255,255,116,0,0,0,94,254,255,255,255,255,255,255,254,255,255,255,255,250,211,143,70,15,9,210,255,255,255,255,255,255,255,248,231,239,252,255,255,255,255,255,226,6,0,0,0,0,0,84,237,254,123,0,3,170,255,255,255,
255,255,254,39,0,0,0,0,135,254,255,255,255,255,255,255,254,247,187,108,36,3,0,0,0,116,254,255,255,255,255,255,255,235,34,6,12,33,79,134,196,247,254,121,0,0,0,0,0,0,0,36,117,0,0,0,11,219,255,255,
255,255,229,0,0,0,0,0,3,193,255,255,255,255,254,233,130,31,0,0,0,0,0,0,24,237,255,255,255,255,255,255,255,213,0,0,0,0,0,0,0,20,98,26,0,0,0,0,0,0,0,0,0,0,0,0,0,80,254,255,
255,255,190,0,0,0,0,0,0,38,249,255,255,252,144,18,0,0,0,0,0,0,0,0,142,255,255,255,255,255,255,255,255,250,25,0,0,0,0,0,0,0,0,0,0,0,0,0,0,0,0,0,0,0,0,0,0,2,218,246,
255,255,174,0,0,0,0,0,0,0,167,255,241,76,0,0,0,0,0,0,0,0,0,29,244,255,255,255,255,255,255,255,255,254,121,0,0,0,0,0,0,0,0,0,0,0,0,0,0,0,0,0,0,0,0,0,0,0,11,1,
255,255,200,0,0,0,0,0,0,0,111,242,56,0,0,0,0,0,0,0,0,0,0,154,255,254,255,255,255,255,255,255,255,255,231,12,0,0,0,0,0,0,0,0,0,0,0,0,0,0,0,0,0,0,0,0,0,0,0,0,
255,255,250,26,0,0,0,0,0,0,110,76,0,0,0,0,0,0,0,0,0,0,51,250,255,255,255,255,255,255,255,255,255,255,254,119,0,0,0,0,0,0,0,0,0,0,0,0,0,0,0,0,0,0,0,0,0,0,0,0,
220,252,254,153,0,0,0,0,0,0,41,0,0,0,0,0,0,0,0,0,0,7,202,255,255,255,255,255,255,255,255,255,255,255,255,238,23,0,0,0,0,0,0,0,0,0,0,0,0,0,0,0,0,0,0,0,0,0,0,0,
0,19,106,223,81,0,0,0,0,0,0,0,0,0,0,0,0,0,0,0,1,143,255,255,255,255,255,255,255,255,255,255,255,255,255,255,157,0,0,0,0,0,0,0,0,0,0,0,0,0,0,0,0,0,0,0,0,0,0,0,
0,0,0,7,107,29,0,0,0,0,0,0,0,0,0,0,0,0,0,1,122,253,255,255,255,255,255,255,255,255,255,255,255,255,255,255,245,37,0,0,0,0,0,0,0,0,0,0,0,0,0,0,0,0,0,0,0,0,0,0,
0,0,0,0,0,0,0,0,0,0,0,0,0,0,0,0,0,0,13,157,254,255,255,255,255,255,255,255,255,255,255,255,255,255,254,201,46,0,0,0,0,0,0,0,0,0,0,0,0,0,0,0,0,0,0,0,0,0,0,0,
0,0,0,0,0,0,0,0,0,0,0,0,0,0,0,0,4,92,223,254,255,255,255,255,255,255,255,255,255,255,255,255,255,251,136,8,0,0,0,0,0,0,0,0,0,0,0,0,0,0,0,0,0,0,0,0,0,0,0,0,
0,0,0,0,0,0,0,0,0,0,0,0,0,0,2,72,193,252,254,255,255,255,255,255,255,255,255,255,255,255,255,255,238,74,0,0,0,0,0,0,0,0,0,0,0,0,0,0,0,0,0,0,0,0,0,0,0,0,0,0,
140,69,10,0,0,0,0,0,0,0,0,0,0,0,0,0,1,32,136,246,255,255,255,255,255,255,255,255,255,255,255,255,128,0,0,0,0,0,0,0,0,0,0,0,0,0,0,0,0,0,0,0,0,0,0,0,0,0,0,0,
255,254,244,102,0,0,0,0,0,0,0,0,0,0,0,0,0,0,0,51,219,255,255,255,255,255,255,255,255,255,255,255,221,27,0,0,0,0,0,0,0,0,0,0,0,0,0,11,49,28,82,51,0,0,0,0,0,0,0,0,
255,255,222,33,0,0,0,0,0,0,0,0,0,0,0,0,0,0,0,0,25,206,255,255,255,255,255,255,255,255,255,255,255,221,46,0,0,0,0,0,0,0,0,0,0,0,11,99,144,180,185,222,125,0,0,0,0,0,0,0,
254,166,21,0,0,2,0,0,0,0,0,5,0,0,0,0,0,0,0,0,0,22,207,255,255,255,255,255,255,255,255,255,255,255,241,83,0,0,0,0,0,0,0,0,0,0,12,174,240,251,248,249,253,110,0,0,0,0,0,0,
63,0,1,93,209,201,0,0,0,0,0,99,15,0,0,0,0,0,0,0,0,0,27,217,255,255,255,255,255,255,255,255,255,255,255,252,138,6,0,0,0,0,0,0,0,0,49,147,254,254,255,255,255,251,112,0,0,0,0,38,
0,30,190,254,255,213,0,0,0,0,0,53,183,7,0,0,0,0,0,0,0,0,0,37,228,255,255,255,255,255,255,255,255,255,255,255,254,202,52,0,0,0,0,0,0,0,71,148,251,255,255,255,255,255,247,40,0,0,0,102,
83,235,255,255,255,202,0,0,0,0,0,1,228,178,13,0,0,0,0,0,0,0,0,0,52,238,255,255,255,255,255,255,255,255,255,255,255,254,148,0,0,0,0,0,0,0,47,227,201,255,255,255,255,255,255,188,14,0,0,23,
