2,64,2,0,0,0,0,0,0,0,0,0,0,0,0,22,118,233,255,255,255,255,255,255,255,255,255,255,255,255,255,255,255,255,255,255,255,255,255,254,232,74,0,0,0,0,0,0,71,244,255,255,255,255,255,255,255,255,255,255,
0,0,0,0,0,0,0,0,0,0,0,0,0,0,0,0,0,24,190,255,255,255,255,255,255,255,255,255,255,255,255,255,255,255,255,255,255,255,254,194,39,0,0,0,0,0,0,0,0,55,230,255,255,255,255,255,255,255,255,255,
0,0,0,0,0,0,0,0,0,0,0,0,0,0,0,0,0,0,137,255,255,255,255,255,255,255,255,255,255,255,255,255,255,255,255,255,254,229,109,8,0,0,0,0,0,0,0,0,0,0,26,186,254,255,255,255,255,255,255,255,
0,0,0,0,0,0,0,0,0,0,0,0,0,0,0,0,2,126,252,255,255,255,255,255,255,255,255,255,255,255,255,255,255,255,252,220,127,25,0,0,0,0,0,0,0,0,0,0,0,0,0,1,104,235,255,255,255,255,255,255,
0,0,0,0,0,0,0,0,0,0,0,0,0,0,0,0,113,254,255,255,255,255,255,255,255,255,255,255,255,255,254,251,224,162,77,16,0,0,0,0,0,0,0,0,0,0,0,0,0,0,0,0,0,16,128,234,254,255,255,255,
0,0,0,0,0,0,0,0,0,0,0,0,0,0,0,0,14,194,255,255,255,255,255,255,255,255,255,255,255,248,164,74,21,1,0,0,0,0,0,0,0,0,0,0,0,0,0,0,0,0,0,0,0,0,0,9,95,192,253,255,
0,0,0,0,0,0,0,0,0,0,0,0,0,0,0,0,0,21,212,255,255,255,255,255,255,255,255,255,255,191,6,0,0,0,0,0,0,0,0,0,0,0,0,0,0,0,0,0,0,0,0,0,0,0,0,0,0,0,31,120,
0,0,0,0,0,0,0,0,0,0,0,0,0,0,0,0,0,0,41,233,255,255,255,255,255,255,255,255,255,201,0,0,0,0,0,0,0,0,0,0,0,0,0,0,0,0,0,0,0,0,0,0,0,0,0,0,0,0,0,0,
0,0,0,0,0,0,0,0,0,0,0,0,0,0,0,0,0,0,0,79,250,255,255,255,255,255,255,255,255,252,23,0,0,0,0,0,0,0,0,0,0,0,0,0,0,0,0,0,0,0,0,0,0,0,0,0,0,0,0,0,
0,0,0,0,0,0,0,0,0,0,0,0,0,0,0,0,0,0,0,0,160,255,255,255,255,255,255,255,255,254,119,0,0,0,0,0,0,0,0,0,0,0,0,0,0,0,0,0,0,0,0,0,0,0,0,0,0,0,0,0,
0,0,0,0,0,0,0,0,0,0,0,0,0,0,0,0,0,0,0,12,170,254,255,255,255,255,255,255,255,255,229,8,0,0,0,0,0,0,0,0,0,0,0,0,0,0,0,0,0,0,0,0,0,0,0,0,0,0,0,0,
0,0,0,0,0,0,0,0,0,0,0,0,0,0,0,0,0,23,122,226,254,255,255,255,255,255,255,255,255,255,255,116,0,0,0,0,0,0,0,0,0,0,0,0,0,0,0,0,0,0,0,0,0,0,0,0,0,0,0,0,
0,0,0,0,0,0,0,0,0,0,0,0,0,0,0,7,165,243,254,255,255,255,255,255,255,255,255,255,255,255,255,240,25,0,0,0,0,0,0,0,0,0,0,0,0,0,0,0,0,0,0,0,0,0,0,0,0,0,0,0,
0,0,0,0,0,0,0,0,0,0,0,0,0,0,0,0,192,255,255,255,255,255,255,255,255,255,255,255,255,255,255,255,177,1,0,0,0,0,0,0,0,0,0,0,0,0,0,0,0,0,0,0,0,0,0,0,0,0,0,22,
0,0,0,0,0,0,0,0,0,0,0,0,0,0,0,0,106,254,255,255,255,255,255,255,255,255,255,255,255,255,255,255,255,121,0,0,0,0,0,0,0,0,0,39,35,0,0,0,0,0,0,0,0,0,0,0,0,0,3,172,
0,0,0,0,0,0,0,0,0,0,0,0,0,0,0,0,33,249,255,255,255,255,255,255,255,255,255,255,255,255,255,255,255,252,100,0,0,0,0,0,0,0,0,107,84,0,0,0,0,0,0,0,0,0,0,0,0,1,129,254,
0,28,79,0,0,0,0,0,0,0,0,0,0,0,0,0,2,211,255,255,255,255,255,255,255,255,255,255,255,255,255,255,255,255,253,125,2,0,0,0,0,0,1,174,118,0,0,0,0,0,0,0,0,0,0,0,2,124,252,255,
113,237,246,68,0,0,0,0,0,39,96,7,0,0,0,0,0,157,255,255,255,255,255,255,255,255,255,255,255,255,255,255,255,255,255,255,191,37,0,0,0,0,24,226,159,0,0,0,0,0,0,0,0,0,0,15,154,253,255,255,
254,255,254,237,57,0,0,0,4,197,253,203,82,8,0,0,0,125,255,255,255,255,255,255,255,255,255,255,255,255,255,255,255,255,255,255,255,248,150,41,0,1,106,252,210,4,0,0,0,0,0,0,0,8,98,222,254,255,255,255,
255,255,255,255,233,50,0,0,140,255,255,255,253,210,114,39,12,168,255,255,255,255,255,255,255,255,255,255,255,255,255,255,255,255,255,255,255,255,255,253,215,193,241,255,253,129,18,0,0,6,33,83,150,229,254,255,255,255,255,255,
255,255,255,255,255,231,75,111,254,255,255,255,255,255,254,247,237,254,255,255,255,255,255,255,255,255,255,255,255,255,255,255,255,255,255,255,255,255,255,255,255,255,255,255,255,255,252,238,235,246,254,254,255,255,255,255,255,255,255,255,
255,255,255,255,255,255,254,254,255,255,255,255,255,255,255,255,255,255,255,255,255,255,255,255,255,255,255,255,255,255,255,255,255,255,255,255,255,255,255,255,255,255,255,255,255,255,255,255,255,255,255,255,255,255,255,255,255,255,255,255,
255,255,255,255,255,255,255,255,255,255,255,255,255,255,255,255,255,255,255,255,255,255,255,255,255,255,255,255,255,255,255,255,255,255,255,255,255,255,255,255,255,255,255,255,255,255,255,255,255,255,255,255,255,255,255,255,255,255,255,255,
255,255,255,255,254,224,123,253,255,255,255,255,255,255,255,255,255,255,255,255,255,255,255,255,255,255,255,255,255,255,255,255,255,255,255,255,255,255,255,255,255,255,255,255,247,252,255,255,255,255,255,255,255,255,255,255,255,255,255,255,
255,255,255,255,254,84,0,145,254,255,255,255,255,255,255,255,255,255,255,255,255,255,255,255,255,255,255,255,255,255,255,255,255,255,255,255,255,255,255,255,255,255,255,230,28,55,168,250,255,255,255,255,255,254,255,255,255,255,255,255,
255,255,255,255,210,4,0,8,210,255,255,255,255,255,255,254,255,255,255,255,255,255,255,255,255,255,255,255,255,255,255,255,255,255,255,255,255,255,255,255,255,255,255,123,0,0,0,57,188,254,255,255,224,47,75,236,255,255,255,255,
255,255,255,254,104,0,0,0,46,247,255,255,255,255,255,255,255,255,255,255,255,255,255,255,255,254,254,253,255,255,255,255,255,255,255,255,255,255,255,255,255,255,252,30,0,0,0,0,2,78,218,245,47,0,0,49,240,255,255,255,
255,255,255,244,17,0,0,0,0,119,254,255,255,255,255,255,255,255,255,255,254,254,242,218,182,133,86,161,255,255,255,255,255,255,254,254,254,254,254,255,255,255,192,0,0,0,0,0,0,0,13,62,0,0,0,0,92,254,255,255,
255,255,255,182,0,0,0,0,0,4,210,255,255,255,255,255,255,252,224,170,116,68,33,12,1,0,36,225,255,255,255,255,255,166,83,71,78,100,129,166,209,243,115,0,0,0,0,0,0,0,0,0,0,0,0,0,0,191,254,238,
255,255,254,131,0,0,0,0,0,0,84,255,255,255,254,236,146,59,10,0,0,0,0,0,0,8,185,254,255,255,255,255,251,9,0,0,0,0,0,0,1,22,14,0,0,0,0,0,0,0,0,0,0,0,0,0,0,27,21,0,
255,255,255,112,0,0,0,0,0,0,4,236,255,249,146,23,0,0,0,0,0,0,0,0,0,115,253,255,255,255,255,255,254,51,0,0,0,0,0,0,0,0,0,0,0,0,0,0,0,0,0,0,0,0,0,0,0,0,0,0,
255,255,255,144,0,0,0,0,0,0,0,200,233,72,0,0,0,0,0,0,0,0,0,0,41,238,255,255,255,255,255,255,254,164,0,0,0,0,0,0,0,0,0,0,0,0,0,0,0,0,0,0,0,0,0,0,0,0,0,0,
240,254,254,221,2,0,0,0,0,0,0,191,43,0,0,0,0,0,0,0,0,0,0,6,185,254,255,255,255,255,255,255,255,248,59,0,0,0,0,0,0,0,0,0,0,0,0,0,0,0,0,0,0,0,0,0,0,0,0,0,
2,47,147,247,96,0,0,0,0,0,21,40,0,0,0,0,0,0,0,0,0,0,0,113,253,255,255,255,255,255,255,255,255,255,203,8,0,0,0,0,0,0,0,0,0,0,0,0,0,0,0,0,0,0,0,0,0,0,0,0,
0,0,0,41,180,22,0,0,0,0,0,0,0,0,0,0,0,0,0,0,0,0,61,244,255,255,255,255,255,255,255,255,255,255,254,129,0,0,0,0,0,0,0,0,0,0,0,0,0,0,0,0,0,0,0,0,0,0,0,0,
0,0,0,0,5,47,0,0,0,0,0,0,0,0,0,0,0,0,0,0,0,43,230,255,255,255,255,255,255,255,255,255,255,255,255,248,64,0,0,0,0,0,0,0,0,0,0,0,0,0,0,0,0,0,0,0,0,0,0,0,
0,0,0,0,0,0,0,0,0,0,0,0,0,0,0,0,0,0,0,0,61,229,255,255,255,255,255,255,255,255,255,255,255,255,255,255,225,15,0,0,0,0,0,0,0,0,0,0,0,0,0,0,0,0,0,0,0,0,0,0,
0,0,0,0,0,0,0,0,0,0,0,0,0,0,0,0,0,0,20,136,245,255,255,255,255,255,255,255,255,255,255,255,255,255,255,241,96,2,0,0,0,0,0,0,0,0,0,0,0,0,0,0,0,0,0,0,0,0,0,0,
96,10,0,0,0,0,0,0,0,0,0,0,0,0,0,3,48,142,233,254,255,255,255,255,255,255,255,255,255,255,255,255,255,254,227,59,0,0,0,0,0,0,0,0,0,0,0,0,0,0,0,0,0,0,0,0,0,0,0,0,
255,242,155,25,0,0,0,0,0,0,0,0,0,0,4,75,157,230,254,255,255,255,255,255,255,255,255,255,255,255,255,255,254,213,41,0,0,0,0,0,0,0,0,0,0,0,0,0,0,0,0,0,0,0,0,0,0,0,0,0,
255,255,239,46,0,0,0,0,0,0,0,0,0,0,0,0,0,15,135,250,255,255,255,255,255,255,254,254,255,255,255,255,232,34,0,0,0,0,0,0,0,0,0,0,0,0,0,0,0,0,0,0,0,0,0,0,0,0,0,0,
254,175,33,0,0,0,0,0,0,0,0,0,0,0,0,0,0,0,0,93,248,255,255,255,255,255,255,255,255,255,255,255,220,13,0,0,0,0,0,0,0,0,0,0,0,0,0,0,0,0,0,0,0,0,2,0,0,0,0,0,
49,0,0,35,97,23,0,0,0,0,0,0,0,0,0,0,0,0,0,0,100,251,255,255,255,255,255,255,255,255,255,255,254,191,35,0,0,0,0,0,0,0,0,0,0,0,0,0,0,0,0,15,44,39,83,80,7,0,0,0,
0,49,181,253,254,84,0,0,0,0,23,58,0,0,0,0,0,0,0,0,0,134,254,255,255,255,255,255,255,255,255,255,255,254,235,100,3,0,0,0,0,0,0,0,0,0,0,0,0,0,2,78,143,215,189,224,180,13,0,0,
147,252,255,255,254,52,0,0,0,0,0,183,16,0,0,0,0,0,0,0,0,7,183,254,255,255,255,255,255,255,255,255,255,255,255,254,184,42,0,0,0,0,0,0,0,0,0,0,0,0,8,126,243,242,252,252,253,176,8,0,
