255,255,255,255,255,255,255,255,255,255,255,255,255,255,255,255,255,255,255,255,255,255,255,255,255,255,255,255,255,255,255,255,255,255,255,255,255,255,255,255,255,255,255,255,255,255,255,255,255,255,255,255,255,255,255,255,255,255,255,255,
255,255,255,255,255,255,255,255,255,255,255,255,255,255,255,255,255,255,255,255,255,255,255,255,255,255,255,255,255,255,255,255,255,255,255,255,255,255,255,255,249,204,193,245,255,255,255,255,255,255,255,255,255,255,255,255,255,255,255,255,
255,255,255,255,254,255,255,255,255,255,255,255,255,255,255,255,255,255,255,255,255,255,255,255,255,255,255,255,255,255,255,255,255,255,255,255,255,255,255,254,178,43,36,169,254,255,255,255,255,255,255,255,255,255,255,255,255,255,255,255,
255,255,255,252,153,191,254,255,255,255,255,255,255,255,255,255,255,255,255,255,255,255,255,255,255,255,255,255,255,255,255,255,255,255,255,255,255,255,255,255,107,0,1,57,249,255,255,255,255,255,255,255,255,255,255,255,255,255,255,255,
255,255,255,235,20,58,252,255,255,255,255,255,255,255,255,255,255,255,255,255,255,255,255,255,255,255,255,255,255,255,255,255,255,255,254,255,255,255,255,255,162,4,1,6,193,255,255,255,255,255,255,255,255,255,255,255,255,255,255,255,
253,255,254,184,2,157,254,255,255,255,255,255,255,255,255,255,255,255,255,255,255,255,255,255,255,255,255,255,255,255,255,255,255,255,255,255,255,255,255,255,239,77,1,0,79,247,255,255,255,255,255,255,255,255,255,255,255,255,255,255,
71,185,219,61,16,235,255,255,255,255,255,255,255,255,255,255,255,255,255,255,255,255,255,255,255,255,255,255,255,255,255,255,255,255,255,255,255,255,255,255,254,213,55,1,7,148,252,255,255,255,255,255,255,255,255,255,255,255,255,255,
0,1,11,0,29,250,251,246,248,254,255,255,255,255,255,255,255,255,255,255,255,255,255,255,255,255,255,255,255,255,255,255,255,255,255,255,255,255,255,255,255,254,204,53,1,16,161,251,255,255,255,255,255,255,255,255,255,255,255,254,
0,0,0,0,1,74,73,59,68,129,206,248,254,255,255,255,255,255,255,255,255,255,255,255,255,255,255,255,255,255,255,255,255,255,255,255,255,255,255,255,255,255,254,214,70,2,15,132,241,254,255,255,255,255,255,255,255,254,242,164,
0,0,0,0,0,0,0,0,0,0,21,95,201,254,255,255,255,255,255,255,255,255,255,255,255,255,255,255,255,255,255,255,255,255,255,255,255,255,255,255,255,255,255,254,230,95,7,3,73,199,250,254,255,254,252,237,194,117,35,1,
0,0,0,0,0,0,0,0,0,0,0,0,53,253,255,255,255,255,255,255,255,255,255,255,255,255,255,255,255,255,255,255,255,255,255,255,255,255,255,255,255,255,255,255,255,244,143,18,0,16,81,131,140,118,76,33,5,0,0,0,
0,0,0,0,0,0,0,0,0,0,0,0,132,254,255,255,255,255,255,255,255,255,255,255,255,255,255,255,255,255,255,255,255,255,255,255,255,255,255,255,255,255,255,255,255,255,252,190,39,0,0,0,0,0,0,0,0,0,0,0,
0,0,0,0,0,0,0,0,0,0,0,2,159,249,255,255,255,255,255,255,255,255,255,255,255,255,255,255,255,255,255,255,255,255,255,255,255,255,255,255,255,255,255,255,255,255,255,254,219,32,0,0,0,0,0,0,0,0,0,0,
0,0,0,0,0,0,0,0,0,0,0,0,19,149,249,255,255,255,255,255,255,255,255,255,255,255,255,255,255,255,255,255,255,255,255,255,255,255,255,255,255,255,255,255,255,255,255,255,254,173,0,0,0,0,0,0,0,0,0,0,
0,0,0,0,0,0,0,0,0,0,0,0,0,19,147,244,255,255,255,255,255,255,255,255,255,255,255,255,255,255,255,255,255,255,255,255,255,255,255,255,255,255,255,255,255,255,255,255,255,246,26,0,0,0,0,0,0,0,0,0,
0,0,0,0,0,0,0,0,0,0,0,0,0,0,17,153,254,255,255,255,255,255,255,255,255,255,255,255,255,255,255,255,255,255,255,255,255,255,255,255,255,255,255,255,255,255,255,255,255,254,79,0,0,0,0,0,0,0,0,0,
0,0,0,0,0,0,0,0,0,0,0,0,0,7,55,179,254,255,255,255,255,255,255,255,255,255,255,255,255,255,255,255,255,255,255,255,255,255,255,255,255,255,255,255,255,255,255,255,255,254,114,0,0,0,0,0,0,0,0,0,
0,0,0,0,0,0,0,0,0,0,0,0,30,163,230,253,255,255,255,255,255,255,255,255,255,255,255,255,255,255,255,255,255,255,255,255,255,255,255,255,255,255,255,255,255,255,255,255,255,254,133,0,0,0,0,0,0,0,0,0,
0,0,0,0,0,0,0,0,0,0,0,0,54,246,254,255,255,255,255,255,255,255,255,255,255,255,255,255,255,255,255,255,255,255,255,255,255,254,255,255,255,255,255,255,255,255,255,255,255,254,142,0,0,0,0,0,0,0,0,0,
0,0,0,0,0,0,0,0,0,0,0,0,15,219,255,255,255,255,255,255,255,255,255,255,255,255,255,255,255,255,255,255,255,255,255,255,255,255,255,255,255,255,255,255,255,255,255,255,255,254,139,0,0,0,0,0,0,0,0,0,
0,0,0,0,0,0,0,0,0,0,0,0,2,185,255,255,255,255,255,255,255,255,255,255,255,255,255,255,255,255,255,255,255,255,255,255,255,255,255,255,255,255,255,255,255,255,255,255,255,253,125,0,0,0,0,0,0,0,0,0,
0,0,0,0,0,0,0,0,0,0,0,0,0,162,255,255,255,255,255,255,255,255,255,255,255,255,255,255,255,255,255,255,255,255,255,255,255,255,255,255,255,255,255,255,255,255,255,255,255,250,99,0,0,0,0,0,0,0,0,0,
0,0,0,0,0,0,0,0,0,18,61,28,10,171,255,255,255,255,255,255,255,255,255,255,255,255,255,255,255,255,255,255,255,255,255,255,255,255,255,255,255,255,255,255,255,255,255,255,255,238,69,0,0,0,0,0,0,0,0,0,
0,0,0,0,0,0,0,0,0,106,232,198,172,245,255,255,255,255,255,255,255,255,255,255,255,255,255,255,255,255,255,255,255,255,255,254,255,255,255,255,255,255,255,255,255,255,255,255,255,211,42,0,0,0,0,0,0,0,0,0,
0,0,0,0,0,0,0,0,0,165,255,255,254,255,255,255,255,255,255,255,255,255,255,255,255,255,255,255,255,255,255,255,255,255,255,255,255,255,255,255,255,255,255,255,255,255,255,255,254,170,17,0,0,0,0,0,0,0,0,0,
0,0,0,0,0,0,0,0,11,221,255,255,255,255,255,255,255,255,255,255,255,255,255,255,255,255,255,255,255,255,255,255,255,255,255,255,255,255,255,255,255,255,255,255,255,255,255,255,246,121,4,0,0,0,0,0,0,0,0,0,
0,0,3,17,0,0,0,0,56,250,255,255,255,255,255,255,255,255,255,255,255,255,255,255,255,255,255,255,255,255,255,255,255,255,255,255,255,255,255,255,255,255,255,255,255,255,255,255,222,73,0,0,0,0,0,0,0,0,0,0,
0,1,138,173,55,4,0,0,131,254,255,255,255,255,255,255,255,255,255,255,255,255,255,255,255,255,255,255,255,255,255,255,255,255,255,255,255,255,255,255,255,255,255,255,255,255,255,254,186,36,0,0,0,0,0,0,0,0,0,0,
0,87,249,253,216,119,30,13,216,255,255,255,255,255,255,255,255,255,255,255,255,255,255,255,255,255,255,255,255,255,255,255,255,255,255,255,255,255,255,255,255,255,255,255,255,255,255,254,166,16,0,0,0,0,0,0,0,0,0,0,
55,237,254,255,254,246,194,197,254,255,255,255,255,255,255,255,255,255,255,255,255,255,255,255,255,255,255,255,255,255,255,255,255,255,255,255,255,255,255,255,255,255,255,255,255,255,255,255,236,85,7,0,0,0,0,0,0,0,0,0,
221,255,255,255,255,255,255,255,255,255,255,255,255,255,255,255,255,255,255,255,255,255,255,255,255,255,255,255,255,255,255,255,255,255,255,255,255,255,255,255,255,255,255,255,255,255,255,255,255,252,214,158,109,74,53,43,43,55,82,130,
254,255,255,255,255,255,255,255,255,255,255,255,255,255,255,255,255,255,255,255,255,255,255,255,255,255,255,255,255,255,255,255,255,255,255,255,255,255,255,255,255,255,255,254,255,255,255,255,255,255,255,254,254,254,251,248,247,250,253,254,
255,255,255,255,255,255,255,255,255,255,255,255,255,255,255,255,255,255,255,255,255,255,255,255,255,255,255,255,255,255,255,255,255,255,255,255,255,255,255,255,255,255,255,255,255,255,255,255,255,255,255,255,255,255,255,255,255,255,255,255,
255,255,255,255,255,254,254,255,255,255,255,255,255,255,255,255,255,255,255,255,255,255,255,255,255,255,255,255,255,255,255,255,255,255,255,255,255,255,255,255,255,255,255,255,255,255,255,255,254,199,219,253,255,255,255,255,255,255,255,255,
255,255,255,255,250,129,161,254,255,255,255,255,255,255,255,255,255,255,255,255,255,255,252,245,252,254,255,255,255,255,255,255,255,255,255,255,255,255,255,255,255,255,255,255,255,255,255,254,189,8,47,168,245,254,255,255,254,255,255,255,
255,255,255,255,218,27,7,182,254,255,255,255,255,255,255,255,255,255,255,255,255,254,234,147,235,254,255,255,255,255,255,255,255,255,255,255,255,255,255,255,255,255,255,255,255,254,255,250,55,0,0,10,88,217,254,252,168,228,255,255,
255,255,255,254,154,2,0,27,232,255,255,255,255,255,255,254,254,253,249,248,254,255,234,93,210,253,255,255,255,255,255,255,255,255,255,255,255,255,255,255,255,254,248,217,189,177,182,151,2,0,0,0,0,56,229,168,5,79,244,255,
255,255,255,252,86,0,0,0,113,254,255,255,255,254,242,210,173,135,106,107,241,255,249,140,176,252,255,255,255,255,255,255,255,255,255,255,255,255,255,255,255,247,84,24,8,6,7,5,0,0,0,0,0,1,86,12,0,2,142,254,
255,255,255,245,40,0,0,0,16,231,254,254,235,158,74,31,11,3,0,38,225,255,253,186,139,248,254,251,234,229,249,254,255,255,255,255,255,255,255,255,255,217,11,0,0,0,0,0,0,0,0,0,0,0,0,0,0,0,21,226,
255,255,255,238,21,0,0,0,0,163,254,221,77,7,0,0,0,0,0,99,249,255,254,223,115,238,251,199,86,73,175,249,255,255,255,255,255,255,255,255,255,238,43,0,0,0,0,0,0,0,0,0,0,0,0,0,0,0,0,141,
255,255,255,242,21,0,0,0,0,120,242,80,1,0,0,0,0,0,9,182,254,255,255,240,98,192,235,84,3,0,56,228,255,255,255,255,255,255,255,255,255,252,97,0,0,0,0,0,0,0,0,0,0,0,0,0,0,0,0,72,
255,255,255,252,51,0,0,0,0,106,162,3,0,0,0,0,0,0,48,236,255,255,255,244,82,81,180,35,0,0,17,197,254,255,255,255,255,255,254,251,216,134,31,0,0,0,0,0,0,0,0,0,0,0,0,0,0,0,0,23,
206,254,255,254,109,0,0,0,0,98,58,0,0,0,0,0,0,0,130,253,255,255,254,227,50,6,74,22,0,0,10,182,254,255,255,255,254,251,215,127,37,2,0,0,0,0,0,0,0,0,0,0,0,0,0,0,0,0,0,1,
8,121,237,254,168,0,0,0,0,53,5,0,0,0,0,0,0,25,217,255,255,255,254,196,16,1,12,6,0,0,10,184,253,255,255,254,226,133,42,3,0,0,0,0,0,0,0,0,0,0,0,0,0,0,0,0,0,0,0,0,
8,0,20,106,105,0,0,0,0,0,0,0,0,0,0,0,1,123,252,255,255,255,254,219,76,41,114,42,0,0,2,137,251,255,255,243,72,6,0,0,0,0,0,0,0,0,0,0,0,0,0,0,0,0,0,0,0,0,0,0,
