255,255,255,255,255,255,255,255,255,255,255,255,255,255,255,255,255,255,255,255,255,255,255,255,255,255,255,255,255,255,255,255,255,255,255,255,255,255,255,255,255,255,255,255,255,255,255,255,255,255,255,255,255,255,255,255,255,255,255,255,
255,255,255,255,255,255,255,255,255,255,255,255,255,255,255,255,255,255,255,255,255,255,255,255,255,255,255,255,255,255,255,255,255,255,255,255,255,255,255,255,255,255,255,255,255,255,255,255,255,255,255,255,255,255,255,255,255,255,255,255,
255,255,255,254,255,255,255,255,255,255,255,255,255,255,255,255,255,255,255,255,255,255,255,255,255,255,255,255,255,255,255,255,255,255,255,255,255,255,255,255,255,254,254,255,255,255,255,255,255,255,255,255,255,255,255,255,255,255,255,255,
255,255,255,255,254,254,254,255,255,255,255,255,255,255,255,255,255,255,255,255,255,255,255,255,255,255,255,255,255,255,255,255,255,255,255,255,255,255,255,255,245,192,193,249,255,255,255,255,255,255,255,255,255,255,255,255,255,255,255,255,
255,255,255,255,217,147,236,255,255,255,255,255,255,255,255,255,255,255,255,255,255,255,255,255,255,255,255,255,255,255,255,255,255,255,254,255,255,255,255,254,156,40,43,185,254,255,255,255,255,255,255,255,255,255,255,255,255,255,255,255,
255,255,255,254,136,5,167,254,255,255,255,255,255,255,255,255,255,255,255,255,255,255,255,255,255,255,255,255,255,255,255,255,255,255,255,255,255,255,255,254,80,0,1,70,246,255,255,255,255,255,255,255,255,255,255,255,255,255,255,255,
179,250,254,242,54,49,236,254,255,255,255,255,255,255,255,255,255,255,255,255,255,255,255,255,255,255,255,255,255,255,255,255,255,255,255,255,255,255,255,254,144,5,1,7,173,254,255,255,255,255,255,255,255,255,255,255,255,255,255,255,
1,72,180,111,3,150,254,255,255,255,255,255,255,255,255,255,255,255,255,255,255,255,255,255,255,255,255,255,255,255,255,255,255,255,255,255,255,255,255,255,234,84,3,1,49,221,254,255,255,255,255,255,255,255,255,255,255,255,255,255,
0,0,1,1,0,199,253,253,253,254,255,255,255,255,255,255,255,255,255,255,255,255,255,255,255,255,255,255,255,255,255,255,255,255,255,255,255,255,255,255,254,221,82,4,2,76,221,254,255,255,255,255,255,255,255,255,255,255,254,250,
0,0,0,0,0,65,106,104,126,187,242,254,255,255,255,255,255,255,255,255,255,255,255,255,255,255,255,255,255,255,255,255,255,255,255,255,255,255,255,255,255,254,225,105,13,2,63,196,250,254,255,255,255,255,255,255,254,250,207,94,
0,0,0,0,0,0,0,0,0,14,78,184,246,254,255,255,255,255,255,255,255,255,255,255,255,255,255,255,255,255,255,255,255,255,255,255,255,255,255,255,255,255,254,239,153,32,2,25,124,223,253,254,255,254,252,234,177,87,15,0,
0,0,0,0,0,0,0,0,0,0,0,19,119,252,255,255,255,255,255,255,255,255,255,255,255,255,255,255,255,255,255,255,255,255,255,255,255,255,255,255,255,255,255,255,251,196,78,7,2,40,120,171,175,145,94,38,6,0,0,0,
0,0,0,0,0,0,0,0,0,0,0,0,60,250,255,255,255,255,255,255,255,255,255,255,255,255,255,255,255,255,255,255,255,255,255,255,255,255,255,255,255,255,255,255,255,254,239,148,32,0,1,4,6,2,0,0,0,0,0,0,
0,0,0,0,0,0,0,0,0,0,0,6,184,254,255,255,255,255,255,255,255,255,255,255,255,255,255,255,255,255,255,255,255,255,255,255,255,255,255,255,255,255,255,255,255,255,254,252,213,66,0,0,0,0,0,0,0,0,0,0,
0,0,0,0,0,0,0,0,0,0,0,5,121,242,254,255,255,255,255,255,255,255,255,255,255,255,255,255,255,255,255,255,255,255,255,255,255,255,255,255,255,255,255,255,255,255,255,255,254,233,45,0,0,0,0,0,0,0,0,0,
0,0,0,0,0,0,0,0,0,0,0,0,10,137,247,255,255,255,255,255,255,255,255,255,255,255,255,255,255,255,255,255,255,255,255,255,255,255,255,255,255,255,255,255,255,255,255,255,255,254,174,1,0,0,0,0,0,0,0,0,
0,0,0,0,0,0,0,0,0,0,0,0,0,20,154,248,255,255,255,255,255,255,255,255,255,255,255,255,255,255,255,255,255,255,255,255,255,255,255,255,255,255,255,255,255,255,255,255,255,255,241,27,0,0,0,0,0,0,0,0,
0,0,0,0,0,0,0,0,0,0,0,0,0,0,34,214,254,255,255,255,255,255,255,255,255,255,255,255,255,255,255,255,255,255,255,255,255,255,255,255,255,255,255,255,255,255,255,255,255,255,254,78,0,0,0,0,0,0,0,0,
0,0,0,0,0,0,0,0,0,0,0,0,17,65,135,241,255,255,255,255,255,255,255,255,255,255,255,255,255,255,255,255,255,255,255,255,255,254,255,255,255,255,255,255,255,255,255,255,255,255,254,122,0,0,0,0,0,0,0,0,
0,0,0,0,0,0,0,0,0,0,0,4,160,234,251,254,255,255,255,255,255,255,255,255,255,255,255,255,255,255,255,255,255,255,255,255,255,255,255,255,255,255,255,255,255,255,255,255,255,255,254,152,0,0,0,0,0,0,0,0,
0,0,0,0,0,0,0,0,0,0,0,3,176,254,255,255,255,255,255,255,255,255,255,255,255,255,255,255,255,255,255,255,255,255,255,255,255,255,255,255,255,255,255,255,255,255,255,255,255,255,254,169,2,0,0,0,0,0,0,0,
0,0,0,0,0,0,0,0,0,0,0,0,140,254,255,255,255,255,255,255,255,255,255,255,255,255,255,255,255,255,255,255,255,255,255,255,255,255,255,255,255,255,255,255,255,255,255,255,255,255,255,173,4,0,0,0,0,0,0,0,
0,0,0,0,0,0,0,0,0,0,0,0,123,254,255,255,255,255,255,255,255,255,255,255,255,255,255,255,255,255,255,255,255,255,255,255,255,255,255,255,255,255,255,255,255,255,255,255,255,255,254,169,5,0,0,0,0,0,0,0,
0,0,0,0,0,0,0,0,2,16,1,0,127,254,255,255,255,255,255,255,255,255,255,255,255,255,255,255,255,255,255,255,255,255,255,254,255,255,255,255,255,255,255,255,255,255,255,255,255,255,253,154,5,0,0,0,0,0,0,0,
0,0,0,0,0,0,0,0,71,174,110,62,188,255,255,255,255,255,255,255,255,255,255,255,255,255,255,255,255,255,255,255,255,255,255,255,255,255,255,255,255,255,255,255,255,255,255,255,255,255,251,130,3,0,0,0,0,0,0,0,
0,0,0,0,0,0,0,0,158,254,245,230,253,255,255,255,255,255,255,255,255,255,255,255,255,255,255,255,255,255,255,255,255,255,255,255,255,255,255,255,255,255,255,255,255,255,255,255,255,255,243,97,0,0,0,0,0,0,0,0,
0,0,0,0,0,0,0,15,226,255,255,255,255,255,255,255,255,255,255,255,255,255,255,255,255,255,255,255,255,255,255,255,255,255,255,255,255,255,255,255,255,255,255,255,255,255,255,255,255,255,226,69,0,0,0,0,0,0,0,0,
0,32,21,0,0,0,0,86,253,255,255,255,255,255,255,255,255,255,255,255,255,255,255,255,255,255,255,255,255,255,255,255,255,255,255,255,255,255,255,255,255,255,255,255,255,255,255,255,255,254,199,43,0,0,0,0,0,0,0,0,
45,222,160,39,0,0,3,181,254,255,255,255,255,255,255,255,255,255,255,255,255,255,255,255,255,255,255,255,255,255,255,255,255,255,255,255,255,255,255,255,255,255,255,255,255,255,255,255,255,254,165,21,0,0,0,0,0,0,0,0,
215,254,251,192,76,9,54,245,255,255,255,255,255,255,255,255,255,255,255,255,255,255,255,255,255,255,255,255,255,255,255,255,255,255,255,255,255,255,255,255,255,255,255,255,255,255,255,255,255,252,142,10,0,0,0,0,0,0,0,0,
254,255,255,253,221,152,217,254,255,255,255,255,255,255,255,255,255,255,255,255,255,255,255,255,255,255,255,255,255,255,255,255,255,255,255,255,255,255,255,255,255,255,255,255,255,255,255,255,255,254,194,28,0,0,0,0,0,0,0,0,
255,255,255,255,254,254,254,255,255,255,255,255,255,255,255,255,255,255,255,255,255,255,255,255,255,255,255,255,255,255,255,255,255,255,255,255,255,255,255,255,255,255,255,254,255,255,255,255,255,255,254,227,166,123,94,80,78,83,102,135,
255,255,255,255,255,255,255,255,255,255,255,255,255,255,255,255,255,255,255,255,255,255,255,255,255,255,255,255,255,255,255,255,255,255,255,255,255,255,255,255,255,255,255,255,255,255,255,255,255,255,255,254,254,254,253,251,251,251,253,254,
255,255,255,255,255,255,255,255,255,255,255,255,255,255,255,255,255,255,255,255,255,254,253,252,254,255,255,255,255,255,255,255,255,255,255,255,255,255,255,255,255,255,255,255,255,255,255,255,254,255,255,255,255,255,255,255,255,255,255,255,
255,255,255,255,255,254,231,241,254,255,255,255,255,255,255,255,255,255,255,255,255,254,222,197,252,255,255,255,255,255,255,255,255,255,255,255,255,255,255,255,255,255,255,255,255,255,255,253,192,214,251,254,255,255,255,255,255,255,255,255,
255,255,255,255,255,242,87,67,242,255,255,255,255,255,255,255,255,255,255,255,255,254,194,103,244,254,255,255,255,255,255,255,255,255,255,255,255,255,255,255,255,255,255,255,255,255,255,187,9,43,142,224,253,254,254,243,249,255,255,255,
255,255,255,255,254,189,16,0,127,254,255,255,255,255,255,255,255,255,255,255,255,255,236,101,220,254,254,254,254,254,254,255,255,255,255,255,255,255,255,255,255,255,255,255,255,255,252,76,0,0,5,48,164,249,235,54,125,247,255,255,
255,255,255,255,252,105,0,0,16,218,255,255,255,255,255,255,255,255,255,254,255,255,251,151,172,251,254,248,209,194,239,254,255,255,255,255,255,255,255,255,255,254,253,242,228,220,195,11,0,0,0,0,17,170,109,1,8,152,253,255,
255,255,255,255,234,38,0,0,0,119,254,255,255,255,254,251,243,230,219,214,226,254,253,208,122,245,250,180,49,29,124,244,255,255,255,255,255,255,255,255,254,218,125,65,41,33,22,0,0,0,0,0,0,20,3,0,0,19,201,254,
255,255,255,255,203,8,0,0,0,40,243,255,254,235,180,123,85,59,45,41,84,245,254,240,100,202,235,69,1,0,26,213,254,255,255,255,255,255,255,255,251,70,0,0,0,0,0,0,0,0,0,0,0,0,0,0,0,0,85,252,
255,255,255,255,179,1,0,0,0,9,218,252,190,72,16,1,0,0,0,1,99,246,255,248,95,82,187,48,0,0,6,178,254,255,255,255,255,255,255,255,250,79,0,0,0,0,0,0,0,0,0,0,0,0,0,0,0,0,16,221,
254,255,255,255,183,1,0,0,0,4,204,196,38,0,0,0,0,0,0,19,189,253,255,243,80,5,57,30,0,0,5,172,254,255,255,255,255,255,255,255,255,162,5,0,0,0,0,0,0,0,0,0,0,0,0,0,0,0,0,152,
153,251,255,255,211,5,0,0,0,6,194,64,0,0,0,0,0,0,0,84,243,255,254,222,32,0,3,2,0,0,4,158,252,255,255,255,255,255,255,254,248,182,11,0,0,0,0,0,0,0,0,0,0,0,0,0,0,0,0,45,
2,100,236,255,238,20,0,0,0,12,131,4,0,0,0,0,0,0,12,181,254,255,254,231,90,41,78,41,0,0,0,99,250,255,255,255,255,255,252,218,120,30,0,0,0,0,0,0,0,0,0,0,0,0,0,0,0,0,0,0,
17,0,36,161,223,31,0,0,0,10,37,0,0,0,0,0,0,0,78,241,255,255,255,253,234,180,146,117,0,0,0,95,249,255,255,255,254,236,159,52,2,0,0,0,0,0,0,0,0,0,0,0,0,0,0,0,0,0,0,0,
