255,255,255,255,255,255,255,255,255,255,255,255,255,255,255,255,255,255,255,255,255,255,255,255,255,255,255,255,255,255,255,255,255,255,255,255,255,255,255,255,255,255,255,255,255,255,255,255,255,255,255,255,255,255,255,255,255,255,255,255,
255,255,255,255,255,255,255,255,255,255,255,255,255,255,255,255,255,255,255,255,255,255,255,255,255,255,255,255,255,255,255,255,255,255,255,255,255,255,255,255,255,255,255,255,255,255,255,255,255,255,255,255,255,255,255,255,255,255,255,255,
255,255,255,254,255,254,255,255,255,255,255,255,255,255,255,255,255,255,255,255,255,255,255,255,255,255,255,255,255,255,255,255,255,255,255,255,255,255,255,255,255,255,255,255,255,255,255,255,255,255,255,255,255,255,255,255,255,255,255,255,
255,255,255,255,255,255,255,255,255,255,255,255,255,255,255,255,255,255,255,255,255,255,255,255,255,255,255,255,255,255,255,255,255,255,255,255,255,255,255,255,255,255,255,255,255,255,255,255,255,255,255,255,255,255,255,255,255,255,255,255,
255,255,255,255,255,255,255,255,255,255,255,255,255,255,255,255,255,255,255,255,255,255,255,255,255,255,255,255,255,255,255,255,255,255,254,255,255,255,255,255,255,254,255,255,255,255,255,255,255,255,255,255,255,255,255,255,255,255,255,255,
254,255,255,255,255,255,255,255,255,255,255,255,255,255,255,255,255,255,255,255,255,255,255,255,255,255,255,255,255,255,255,255,255,255,255,255,255,255,255,255,255,255,255,255,255,255,255,255,255,255,255,255,255,255,255,255,255,255,255,255,
255,255,255,255,255,255,255,255,255,255,255,255,255,255,255,255,255,255,255,255,255,255,255,255,255,255,255,255,255,255,255,255,255,255,255,255,255,255,255,255,255,255,255,255,255,255,255,255,255,255,255,255,255,255,255,255,255,255,255,255,
255,255,254,255,254,255,255,255,255,255,255,255,255,255,255,255,255,255,255,255,255,255,255,255,255,255,255,255,255,255,255,255,255,255,255,255,255,255,255,254,255,255,255,255,254,255,255,255,255,255,255,255,255,255,255,255,255,255,255,255,
254,255,255,255,255,255,255,255,255,255,255,255,255,255,255,255,255,255,255,255,255,255,255,255,255,255,255,255,255,255,255,255,255,255,255,255,255,255,255,255,255,255,255,255,255,255,255,255,255,255,255,255,255,255,255,255,255,255,255,255,
255,255,255,255,255,255,255,255,255,255,255,255,255,255,255,255,255,255,255,255,255,255,255,255,255,255,255,255,255,255,255,255,255,255,255,255,255,255,255,255,255,255,255,255,254,255,255,255,255,255,255,255,255,255,255,255,255,255,255,255,
254,254,255,255,255,255,255,255,255,255,255,255,255,255,255,255,255,255,255,255,255,255,255,255,255,255,255,255,255,255,255,255,255,255,255,255,255,255,255,255,255,255,255,255,255,255,255,255,255,255,255,255,255,255,255,255,255,255,255,255,
236,221,249,254,255,255,255,255,255,255,255,255,255,255,255,255,255,255,255,255,255,255,255,255,255,255,255,255,255,255,255,255,255,255,255,255,255,255,255,255,255,255,255,255,255,255,255,255,255,255,255,255,255,255,255,255,255,255,255,255,
160,76,185,250,255,255,255,255,255,255,255,255,255,255,255,255,255,255,255,255,255,255,255,255,255,255,255,255,255,255,255,255,255,255,255,255,255,255,255,255,255,255,255,255,255,255,255,255,255,255,255,255,255,255,255,255,255,255,255,255,
56,5,57,204,253,255,255,255,255,255,255,255,255,255,255,255,255,255,255,255,255,255,255,255,255,255,255,255,255,255,255,255,255,255,255,255,255,255,255,255,255,255,255,255,255,255,255,255,255,255,255,255,255,255,255,255,255,255,255,254,
3,0,4,102,238,254,255,255,254,254,255,255,255,255,255,255,255,255,255,255,255,255,255,255,255,255,255,255,255,255,255,255,255,255,255,255,255,255,255,255,255,255,255,255,255,255,255,255,255,255,255,255,255,255,255,255,255,255,255,254,
0,0,0,29,195,253,254,250,238,249,254,255,255,255,255,255,255,255,255,255,255,255,255,255,255,255,255,255,255,255,255,255,255,255,255,255,255,255,255,255,255,255,255,255,255,255,255,255,255,255,255,255,255,255,255,255,255,255,255,253,
0,0,0,5,126,238,235,186,130,207,253,255,255,255,255,255,255,255,255,255,255,255,255,255,255,255,255,255,255,255,255,255,255,255,255,255,255,255,255,255,255,255,255,255,255,255,255,255,255,255,255,255,255,255,255,255,255,255,255,246,
0,0,0,0,38,124,113,62,50,169,250,255,255,255,255,255,255,255,255,255,255,255,255,255,255,255,255,255,255,255,255,255,255,255,255,255,255,255,255,255,255,255,255,255,255,255,255,255,255,255,255,255,255,255,255,255,255,255,253,220,
0,0,0,0,1,11,38,98,158,223,253,255,255,255,255,255,255,255,255,255,255,255,255,255,255,255,255,255,255,255,255,255,255,255,255,255,255,254,255,255,255,255,255,255,255,255,255,255,255,255,255,255,255,255,255,255,255,254,245,163,
0,0,0,0,0,11,130,222,246,252,254,255,255,255,255,255,255,255,255,255,255,255,255,255,255,255,255,255,255,255,255,255,255,255,255,255,255,255,255,255,255,255,255,255,255,255,255,255,255,255,255,255,255,255,255,255,255,252,214,83,
0,0,0,0,0,14,143,235,252,255,255,255,255,255,255,255,255,255,255,255,255,255,255,255,255,255,255,255,255,255,255,255,255,255,255,255,255,255,255,255,255,255,255,255,255,255,255,255,255,255,255,255,255,255,255,255,253,236,141,24,
0,0,0,0,0,1,43,145,232,253,255,255,255,255,255,255,255,255,255,255,255,255,255,255,255,255,255,255,255,255,255,255,255,255,255,255,255,255,255,255,255,255,254,252,250,251,254,255,254,255,255,255,255,255,255,253,242,176,55,2,
0,0,0,0,0,0,1,35,153,244,254,255,255,255,255,255,255,255,255,255,255,255,255,255,255,255,255,255,255,255,255,255,255,255,255,255,255,255,255,255,255,255,250,226,204,218,239,250,253,254,254,254,254,253,250,237,185,79,8,0,
0,0,0,0,0,0,0,2,63,207,253,255,255,255,255,255,255,255,255,255,255,255,255,255,255,255,255,255,255,255,255,255,255,255,255,254,255,255,255,255,255,254,237,159,98,111,159,203,226,235,237,236,231,219,195,148,72,12,0,0,
0,0,0,0,0,0,0,0,18,147,246,255,255,255,255,255,255,255,255,255,255,255,255,255,255,255,255,255,255,255,255,255,255,255,255,255,255,255,255,255,255,254,228,100,19,16,42,81,116,136,139,136,120,98,67,33,7,0,0,0,
0,0,0,0,0,0,0,0,2,86,229,254,255,255,255,255,255,255,255,255,255,255,255,255,255,255,255,255,255,255,255,255,255,255,255,255,255,254,255,255,255,255,237,120,25,10,8,12,23,30,34,34,32,29,30,29,20,7,0,0,
0,0,0,0,0,0,0,0,2,55,214,254,255,255,255,255,255,255,255,255,255,251,248,255,255,255,255,255,254,254,255,255,255,255,255,255,255,255,255,255,255,255,250,202,126,91,75,69,68,75,82,92,109,126,146,157,148,105,43,5,
0,0,0,0,0,0,0,6,66,140,235,254,255,255,255,255,255,255,255,255,255,192,127,254,255,255,255,245,145,98,212,254,255,255,255,255,255,255,255,255,255,255,254,247,228,207,194,191,190,196,206,213,223,233,239,244,243,231,181,85,
0,0,0,0,0,0,0,28,175,239,253,255,255,255,255,255,255,255,255,255,255,246,87,214,254,255,255,134,2,0,36,236,255,255,255,255,255,255,255,255,255,255,255,254,254,251,250,249,249,250,252,252,253,254,254,255,254,254,249,213,
0,0,0,0,0,0,0,31,193,251,255,255,255,255,255,255,255,255,255,255,255,255,224,94,249,255,254,29,0,0,0,158,255,255,255,255,255,255,255,255,255,255,255,255,255,255,255,255,255,255,255,255,255,255,255,255,255,255,254,251,
0,0,0,0,0,0,0,29,190,251,255,255,255,255,255,255,255,255,255,255,255,255,254,162,148,254,254,117,0,0,0,106,255,255,255,255,255,255,255,255,255,254,255,255,255,255,255,255,255,255,255,255,255,255,255,255,255,255,255,254,
0,0,0,0,7,12,3,30,186,252,255,255,255,255,255,255,255,255,255,255,255,255,255,251,88,159,187,66,0,0,0,61,254,255,255,255,255,255,255,255,255,255,255,254,255,255,255,255,255,255,255,255,255,255,255,255,255,255,255,255,
0,0,0,9,99,117,70,66,195,252,255,255,255,255,255,255,255,255,255,255,255,255,255,255,166,3,12,0,0,0,0,32,254,255,255,255,255,255,255,255,255,255,255,255,255,255,255,255,255,255,255,255,255,255,255,255,255,255,255,255,
2,0,1,67,215,231,199,188,239,254,255,255,255,255,255,255,255,255,255,255,255,255,255,255,196,0,0,7,0,0,0,11,229,255,255,255,255,255,255,255,255,255,255,255,255,255,255,255,255,255,255,255,255,255,255,255,255,255,255,255,
26,0,30,175,249,254,252,250,254,255,255,255,255,255,255,255,255,255,255,255,255,255,255,255,244,25,0,80,0,0,0,0,142,255,255,255,255,255,255,255,255,255,255,255,255,255,255,255,255,255,255,255,255,255,255,255,255,255,255,255,
90,37,146,243,254,255,255,255,255,255,255,255,255,255,255,255,255,255,255,255,255,255,255,255,255,178,130,38,0,0,4,16,93,255,255,255,255,255,255,255,255,255,255,255,255,255,255,255,255,255,255,255,255,255,255,255,255,255,255,255,
192,185,241,254,255,255,255,255,255,255,255,255,255,255,255,255,255,255,255,255,255,255,255,255,255,254,254,84,0,0,0,1,77,254,255,255,255,255,255,255,255,255,255,255,255,255,255,255,255,255,255,255,255,255,255,255,255,255,255,255,
251,252,254,255,255,255,255,255,255,255,255,255,255,255,255,255,255,255,255,255,255,255,255,255,255,255,255,86,0,0,0,0,88,254,255,255,255,255,255,255,255,255,255,255,255,255,255,255,255,255,255,255,255,255,255,255,255,255,255,255,
255,255,255,255,255,255,255,255,255,255,255,255,255,255,255,255,255,255,255,255,255,255,255,255,255,255,254,52,0,0,0,1,159,255,255,255,255,255,255,255,255,255,255,255,255,255,255,255,255,255,255,255,255,255,255,255,255,255,255,255,
255,255,255,255,255,255,255,255,255,255,255,255,255,255,255,255,255,255,255,255,255,255,255,255,255,255,254,27,0,0,0,57,249,255,255,255,255,255,255,255,255,255,255,255,255,255,255,255,255,255,255,255,255,255,255,255,255,255,255,255,
255,255,255,255,255,255,255,255,255,255,255,255,255,255,255,255,255,255,255,255,255,255,255,255,255,255,230,4,0,0,0,50,254,255,255,255,255,255,255,255,255,255,255,255,255,255,255,255,255,255,255,255,255,255,255,255,254,254,254,255,
255,255,255,255,255,255,255,255,255,255,255,255,255,255,255,255,255,255,255,255,255,255,255,255,255,255,176,0,0,0,0,8,225,255,255,255,255,255,255,255,255,255,255,255,255,255,255,255,255,255,255,255,255,255,255,254,242,232,245,254,
255,255,255,255,255,255,255,255,255,255,255,255,255,255,254,253,253,254,255,255,255,255,255,255,255,255,238,16,0,0,0,0,141,255,255,255,255,255,255,255,255,255,255,255,255,254,250,245,247,250,253,254,255,255,255,247,175,103,167,240,
255,255,255,255,254,253,253,254,255,255,255,255,254,253,244,221,213,242,254,255,255,255,255,255,254,254,252,68,0,0,0,0,34,234,255,255,255,255,255,255,255,255,255,255,255,250,209,155,166,190,219,242,253,254,254,231,100,22,127,238,
255,255,255,254,244,211,208,244,254,255,255,254,247,224,169,108,94,200,251,255,255,255,255,255,242,226,226,56,0,0,0,2,5,91,250,255,255,255,255,255,255,255,255,255,254,244,149,35,32,50,87,149,212,245,248,186,45,54,193,249,
