255,255,255,255,255,255,255,255,255,255,255,255,255,255,255,255,255,255,255,255,255,255,255,255,255,255,255,255,255,255,255,255,255,255,255,255,255,255,255,255,255,255,255,255,255,255,255,255,255,255,255,255,255,255,255,255,255,255,255,255,
255,255,255,255,255,255,255,255,255,255,255,255,255,255,255,255,255,255,255,255,255,255,255,255,255,255,255,255,255,255,255,255,255,255,255,255,255,255,255,255,255,255,255,255,255,254,255,255,255,255,255,255,255,255,255,255,255,255,255,255,
255,255,255,254,255,255,255,255,255,255,255,255,255,255,255,255,255,255,255,255,255,255,255,255,255,255,255,255,255,255,255,255,255,255,255,255,255,255,255,255,255,255,255,255,255,255,255,255,255,255,255,255,255,255,255,255,255,255,255,255,
255,255,255,255,255,255,255,255,255,255,255,255,255,255,255,255,255,255,255,255,255,255,255,255,255,255,255,255,255,255,255,255,255,255,255,255,255,255,255,255,255,255,255,255,255,255,255,255,255,255,255,255,255,255,255,255,255,255,255,255,
255,255,255,255,255,255,255,255,255,255,255,255,255,255,255,255,255,255,255,255,255,255,255,255,255,255,255,255,255,255,255,255,255,255,254,255,255,255,255,255,255,255,255,255,255,255,255,255,255,255,255,255,255,255,255,255,255,255,255,255,
255,255,255,255,255,255,255,255,255,255,255,255,255,255,255,255,255,255,255,255,255,255,255,255,255,255,255,255,255,255,255,255,255,255,255,255,255,255,255,255,255,255,255,255,255,255,255,255,255,255,255,255,255,255,255,255,255,255,255,255,
255,255,255,255,255,255,255,255,255,255,255,255,255,255,255,255,255,255,255,255,255,255,255,255,255,255,255,255,255,255,255,255,255,255,255,255,255,255,255,255,255,255,255,255,255,255,255,255,255,255,255,255,255,255,255,255,255,255,255,255,
255,255,254,255,254,255,255,255,255,255,255,255,255,255,255,255,255,255,255,255,255,255,255,255,255,255,255,255,255,255,255,255,255,255,255,255,255,255,255,255,255,255,255,255,255,255,255,255,255,255,255,255,255,255,255,255,255,255,255,255,
255,255,255,255,255,255,255,255,255,255,255,255,255,255,255,255,255,255,255,255,255,255,255,255,255,255,255,255,255,255,255,255,255,255,255,255,255,255,255,255,255,255,255,255,255,255,255,255,255,255,255,255,255,255,255,255,255,255,255,255,
255,255,255,255,255,255,255,255,255,255,255,255,255,255,255,255,255,255,255,255,255,255,255,255,255,255,255,255,255,255,255,255,255,255,255,255,255,255,255,255,255,255,255,255,255,255,255,255,255,255,255,255,255,255,255,255,255,255,255,255,
255,255,255,255,255,255,255,255,255,255,255,255,255,255,255,255,255,255,255,255,255,255,255,255,255,255,255,255,255,255,255,255,255,255,255,255,255,255,255,255,255,255,255,255,255,255,255,255,255,255,255,255,255,255,255,255,255,255,255,255,
255,255,255,255,255,255,255,255,255,255,255,255,255,255,255,255,255,255,255,255,255,255,255,255,255,255,255,255,255,255,255,255,255,255,255,255,255,255,255,255,255,255,255,255,255,255,255,255,255,255,255,255,255,255,255,255,255,255,255,255,
252,238,245,254,255,255,255,255,255,255,255,255,255,255,255,255,255,255,255,255,255,255,255,255,255,255,255,255,255,255,255,255,255,255,255,255,255,255,255,255,255,255,255,255,255,255,255,255,255,255,255,255,255,255,255,255,255,255,255,255,
227,129,156,245,255,255,255,255,255,255,255,255,255,255,255,255,255,255,255,255,255,255,255,255,255,255,255,255,255,255,255,255,255,255,255,255,255,255,255,255,255,255,255,255,255,255,255,255,255,255,255,255,255,255,255,255,255,255,255,254,
119,26,37,182,251,255,255,255,255,255,255,255,255,255,255,255,255,255,255,255,255,255,255,255,255,255,255,255,255,255,255,255,255,255,255,255,255,255,255,255,255,255,255,255,255,255,255,255,255,255,255,255,255,255,255,255,255,255,255,254,
14,0,2,79,230,254,255,255,255,255,255,255,255,255,255,255,255,255,255,255,255,255,255,255,255,255,255,255,255,255,255,255,255,255,255,255,255,255,255,255,255,255,255,255,255,255,255,255,255,255,255,255,255,255,255,255,255,255,255,254,
0,0,0,20,181,252,255,254,254,254,255,255,255,255,255,255,255,255,255,255,255,255,255,255,255,255,255,255,255,255,255,255,255,255,255,255,255,255,255,255,255,255,255,255,255,255,255,255,255,255,255,255,255,255,255,255,255,255,255,253,
0,0,0,3,127,247,254,247,233,246,254,255,255,255,255,255,255,255,255,255,255,255,255,255,255,255,255,255,255,255,255,255,255,255,255,255,255,255,255,255,255,255,255,255,255,255,255,255,255,255,255,255,255,255,255,255,255,255,255,251,
0,0,0,0,66,203,215,171,117,192,252,255,255,255,255,255,255,255,255,255,255,255,255,255,255,255,255,255,255,255,255,255,255,255,255,255,255,254,255,255,255,255,255,255,255,255,255,255,255,255,255,255,255,255,255,255,255,255,254,242,
0,0,0,0,10,65,74,52,53,161,250,255,255,255,255,255,255,255,255,255,255,255,255,255,255,255,255,255,255,255,255,255,255,255,255,255,255,255,255,255,255,255,255,255,255,255,255,255,255,255,255,255,255,255,255,255,255,255,253,217,
0,0,0,0,0,6,61,126,171,224,253,255,255,255,255,255,255,255,255,255,255,255,255,255,255,255,255,255,255,255,255,255,255,255,255,255,255,255,255,255,255,255,255,255,255,255,255,255,255,255,255,255,255,255,255,255,255,254,247,166,
0,0,0,0,0,28,173,237,248,253,255,255,255,255,255,255,255,255,255,255,255,255,255,255,255,255,255,255,255,255,255,255,255,255,255,255,255,255,255,255,255,255,255,255,255,255,255,255,254,255,255,255,255,255,255,255,255,253,223,95,
0,0,0,0,0,23,152,235,253,254,255,255,255,255,255,255,255,255,255,255,255,255,255,255,255,255,255,255,255,255,255,255,255,255,255,255,255,255,255,255,255,255,255,255,255,255,255,255,254,255,255,255,255,255,255,255,254,243,165,35,
0,0,0,0,0,1,45,162,243,254,255,255,255,255,255,255,255,255,255,255,255,255,255,255,255,255,255,255,255,255,255,255,255,255,255,254,255,255,255,255,255,255,255,255,254,255,255,255,255,255,255,255,255,255,255,254,247,202,81,6,
0,0,0,0,0,0,3,63,201,253,255,255,255,255,255,255,255,255,255,255,255,255,255,255,255,255,255,255,255,255,255,255,255,255,255,255,255,255,255,255,255,255,255,254,248,244,249,252,254,254,254,254,254,253,250,242,205,112,20,0,
0,0,0,0,0,0,0,14,135,244,254,255,255,255,255,255,255,255,255,255,255,234,233,255,255,255,255,255,250,243,254,255,255,255,255,255,255,255,255,255,255,255,254,245,206,176,192,219,236,243,245,242,237,225,202,162,94,25,1,0,
0,0,0,0,0,0,0,2,79,226,254,255,255,255,255,255,255,255,255,255,255,181,102,254,255,255,255,231,87,50,177,254,255,255,255,255,255,255,255,255,255,255,253,229,132,67,72,107,141,164,169,161,143,114,79,43,14,1,0,0,
0,0,0,0,0,0,0,0,42,199,253,255,255,255,255,255,255,255,255,255,255,252,109,198,255,255,254,93,0,0,14,223,255,255,255,255,255,255,255,255,255,255,254,224,90,11,5,15,30,42,48,45,37,32,35,47,60,60,41,13,
0,0,0,0,0,0,0,3,36,187,252,255,255,255,255,255,255,255,255,255,255,255,238,87,244,255,254,20,0,0,0,151,255,255,255,255,255,255,255,255,255,255,254,239,139,49,30,27,31,40,50,63,84,111,141,171,195,202,187,132,
0,0,0,0,0,0,7,76,138,227,254,255,255,255,255,255,255,255,255,255,255,255,254,182,129,253,253,130,0,0,0,104,255,255,255,255,255,255,255,255,255,255,254,251,220,166,139,132,135,147,165,185,205,222,238,246,250,251,250,240,
0,0,0,0,0,0,31,182,240,252,255,255,255,255,255,255,255,255,255,255,255,255,255,253,87,105,138,28,0,0,0,57,254,255,255,255,255,255,255,255,255,255,255,254,251,243,233,230,231,236,243,248,251,253,254,254,255,255,255,254,
0,0,0,0,0,0,41,205,252,254,255,255,255,255,255,255,255,255,255,255,255,255,255,255,159,0,3,0,0,0,0,30,254,255,255,255,255,255,255,255,255,255,255,254,255,254,254,253,254,254,254,255,255,255,255,255,255,255,255,255,
0,0,0,0,0,0,51,214,253,255,255,255,255,255,255,255,255,255,255,255,255,255,255,255,193,0,0,16,0,0,0,6,217,255,255,255,255,255,255,255,255,255,255,255,255,255,255,255,255,255,255,255,255,255,255,255,255,255,255,255,
0,0,9,53,35,9,65,220,253,255,255,255,255,255,255,255,255,255,255,255,255,255,255,255,249,41,1,89,0,0,0,0,157,255,255,255,255,255,255,255,255,255,255,255,255,255,255,255,255,255,255,255,255,255,255,255,255,255,255,255,
0,4,89,194,157,94,124,236,254,255,255,255,255,255,255,255,255,255,255,255,255,255,255,255,255,198,150,30,0,0,0,8,98,255,255,255,255,255,255,255,255,255,255,255,255,255,255,255,255,255,255,255,255,255,255,255,255,255,255,255,
1,59,202,249,241,216,226,252,255,255,255,255,255,255,255,255,255,255,255,255,255,255,255,255,255,255,254,86,0,0,0,0,63,254,255,255,255,255,255,255,255,255,255,255,255,255,255,255,255,255,255,255,255,255,255,255,255,255,255,255,
60,190,250,255,254,253,254,255,255,255,255,255,255,255,255,255,255,255,255,255,255,255,255,255,255,255,255,77,0,0,0,0,56,254,255,255,255,255,255,255,255,255,255,255,255,255,255,255,255,255,255,255,255,255,255,255,255,255,255,255,
207,250,254,255,255,255,255,255,255,255,255,255,255,255,255,255,255,255,255,255,255,255,255,255,255,255,254,49,0,0,0,0,123,254,255,255,255,255,255,255,255,255,255,255,255,255,255,255,255,255,255,255,255,255,255,255,255,255,255,255,
253,255,255,255,255,255,255,255,255,255,255,255,255,255,255,255,255,255,255,255,255,255,255,255,255,255,254,26,0,0,0,45,241,255,255,255,255,255,255,255,255,255,255,255,255,255,255,255,255,255,255,255,255,255,255,255,255,255,255,255,
255,255,255,255,255,255,255,255,255,255,255,255,255,255,255,255,255,255,255,255,255,255,255,255,255,255,217,2,0,0,0,37,253,255,255,255,255,255,255,255,255,255,255,255,255,255,255,255,255,255,255,255,255,255,255,255,255,255,255,255,
255,255,255,255,255,255,255,255,255,255,255,255,255,255,255,255,255,255,255,255,255,255,255,255,255,255,192,0,0,0,0,2,206,255,255,255,255,255,255,255,255,255,255,255,255,255,255,255,255,255,255,255,255,255,255,255,255,255,255,255,
255,255,255,255,255,255,255,255,255,255,255,255,255,255,255,255,255,255,255,255,255,255,255,255,255,255,249,36,0,0,0,0,129,255,255,255,255,255,255,255,255,255,255,255,255,255,255,255,255,255,255,255,255,255,254,252,252,254,255,255,
255,255,255,255,255,255,255,255,255,255,255,255,255,255,255,255,255,255,255,255,255,255,255,255,254,254,251,76,0,0,0,0,33,233,255,255,255,255,255,255,255,255,255,255,255,255,255,255,255,255,255,255,255,254,249,213,191,227,251,254,
255,255,255,255,255,255,255,255,255,255,255,255,255,255,255,255,255,255,255,255,255,255,255,255,233,205,211,58,4,0,0,5,4,91,250,255,255,255,255,255,255,255,255,255,255,253,253,253,254,254,255,255,255,254,231,112,53,158,244,254,
255,255,255,255,255,254,248,248,254,255,255,255,255,255,255,254,249,247,252,255,255,255,255,255,247,203,160,95,59,21,5,55,37,2,125,250,255,255,255,255,255,255,255,255,253,238,214,215,224,235,246,254,255,252,208,61,39,178,249,254,
