255,255,255,255,255,255,255,255,255,255,255,255,255,255,255,255,255,255,255,255,255,255,255,255,255,255,255,255,255,255,255,255,255,255,255,255,255,255,255,255,255,255,255,255,255,255,255,255,255,255,255,255,255,255,255,255,255,255,255,255,
237,217,224,249,255,255,255,255,255,255,255,255,255,255,255,255,255,255,255,255,255,255,255,255,255,255,255,255,255,255,255,255,255,255,255,255,255,255,255,255,255,255,255,255,255,254,255,255,255,255,255,255,255,255,255,255,255,255,255,255,
93,91,175,249,255,254,255,255,255,255,255,255,255,255,255,255,255,255,255,255,255,255,255,255,255,255,255,255,255,255,255,255,255,255,255,255,255,255,255,255,255,255,255,255,255,255,255,255,255,255,255,255,255,255,255,255,255,255,255,255,
90,123,196,235,251,255,255,255,255,255,255,255,255,255,255,255,255,255,255,255,255,255,255,255,255,255,255,255,255,255,255,255,255,255,255,255,255,255,255,255,255,255,255,255,255,255,255,255,255,255,255,255,255,255,255,255,255,255,255,255,
186,192,206,233,251,255,255,255,255,255,255,255,255,255,255,255,255,255,255,255,255,255,255,255,255,255,255,255,255,255,255,255,255,255,254,255,255,255,255,255,255,255,255,255,255,255,255,255,255,255,255,255,255,255,255,255,255,255,255,255,
91,92,110,191,249,255,255,255,255,255,255,255,255,255,255,255,255,255,255,255,255,255,255,255,255,255,255,255,255,255,255,255,255,255,255,255,255,255,255,255,255,255,255,255,255,255,255,255,255,255,255,255,255,255,255,255,255,255,255,255,
255,254,254,255,255,255,255,255,255,255,255,255,255,255,255,255,255,255,255,255,255,255,255,255,255,255,255,255,255,255,255,255,255,255,255,255,255,255,255,255,255,255,255,255,255,255,255,255,255,255,255,255,255,255,255,255,255,255,255,255,
255,255,254,255,255,255,255,255,255,255,255,255,255,255,255,255,255,255,255,255,255,255,255,255,255,255,255,255,255,255,255,255,255,255,255,255,255,255,255,242,254,254,254,255,255,255,255,255,255,255,255,255,255,255,255,255,255,255,255,255,
255,255,255,255,255,255,255,255,255,255,255,255,255,255,255,255,255,255,255,255,255,255,255,255,255,255,255,255,255,255,255,255,255,255,255,255,254,206,119,10,49,42,55,83,136,216,254,255,255,255,255,255,255,255,255,255,255,255,255,255,
255,255,255,255,255,255,255,255,255,255,255,255,255,255,255,255,255,255,255,255,255,255,255,255,255,255,255,255,255,255,255,255,255,255,255,253,120,1,0,0,0,0,0,0,0,1,82,231,255,255,255,255,255,255,255,255,255,255,255,255,
255,255,255,255,255,255,255,255,255,255,255,255,255,255,255,255,255,255,255,255,255,255,255,255,255,255,255,255,255,252,254,255,255,254,254,111,0,0,0,0,0,0,0,0,0,0,0,28,221,255,255,255,255,255,255,255,255,255,255,255,
255,255,255,255,255,255,255,255,255,255,255,255,255,255,255,255,255,255,255,255,255,255,255,255,255,255,255,255,171,8,56,246,255,254,157,0,0,0,0,0,0,0,0,0,0,0,0,0,56,253,255,255,255,255,255,255,255,255,255,255,
255,255,255,255,255,255,255,255,255,255,255,255,255,255,255,255,255,255,255,255,255,255,255,255,255,255,255,255,125,0,0,219,254,212,21,0,0,0,0,0,0,0,0,0,0,0,0,0,0,185,255,255,255,255,255,255,255,255,255,255,
255,255,255,255,255,255,255,255,255,255,255,255,255,255,255,255,255,254,204,254,255,255,255,255,255,255,255,255,182,0,21,253,254,208,9,0,0,0,0,0,0,0,0,0,0,0,0,0,0,82,254,255,255,255,255,255,255,255,255,255,
255,255,255,255,255,255,255,255,255,255,255,255,255,255,255,255,186,110,38,196,254,255,255,255,255,255,255,255,203,0,58,255,255,187,0,0,0,0,0,0,0,0,0,0,0,0,0,0,0,0,199,255,255,255,255,255,255,255,255,255,
255,255,255,255,255,255,255,255,255,255,255,255,255,255,255,255,249,82,1,56,216,255,255,255,255,255,255,255,191,0,81,255,255,231,6,0,0,0,0,0,0,0,0,0,0,0,0,0,0,0,111,254,255,255,255,255,255,255,255,255,
255,255,255,255,255,255,255,255,255,255,255,255,255,255,255,255,229,34,121,127,254,255,255,255,255,255,255,255,180,0,98,255,255,253,150,21,0,0,0,0,0,0,0,0,0,0,0,0,0,0,39,255,255,255,255,255,255,255,255,255,
255,255,255,255,255,255,255,255,255,255,255,255,255,255,255,255,236,247,254,242,255,255,255,255,255,255,255,255,162,0,111,255,255,255,200,29,0,0,0,0,0,0,0,0,0,0,0,0,0,0,4,247,255,255,255,255,255,255,255,255,
255,255,255,255,255,255,255,255,255,255,255,255,255,254,255,255,255,255,255,255,255,255,255,255,255,255,255,255,152,0,128,255,255,254,89,0,0,0,0,0,0,0,0,0,0,0,0,0,0,0,0,207,255,255,255,255,255,255,255,255,
255,255,255,255,255,255,255,255,255,255,255,255,255,255,255,255,255,255,255,255,255,255,255,255,255,255,255,255,141,0,140,255,255,255,175,0,0,0,0,0,0,0,0,0,0,0,0,0,0,0,0,182,255,255,255,255,255,255,255,255,
255,255,255,255,255,255,255,255,255,255,255,255,255,255,233,242,255,255,255,255,255,255,255,255,255,255,255,255,125,0,152,255,255,255,212,0,0,0,0,0,0,0,0,0,0,0,0,0,0,0,0,182,255,255,255,255,255,255,255,255,
255,255,255,255,255,255,255,255,255,255,255,255,255,201,14,216,255,255,255,255,255,255,255,255,255,255,255,255,117,0,157,255,255,255,254,33,0,0,0,0,0,0,0,0,0,0,0,0,0,0,0,182,255,255,255,255,255,255,255,255,
255,255,255,255,255,255,255,255,255,255,255,255,255,117,34,233,254,254,254,255,255,255,255,255,255,255,255,255,103,0,158,255,255,255,254,165,84,0,0,0,0,0,0,0,0,0,0,0,0,0,0,184,255,255,255,255,255,255,255,255,
255,255,255,255,255,255,255,255,255,255,255,255,254,90,10,111,21,62,126,232,255,255,255,255,255,255,255,255,88,0,159,255,255,255,255,235,121,0,0,0,0,0,0,0,0,0,0,0,0,0,0,212,255,255,255,255,255,255,255,255,
255,255,255,255,255,255,255,255,255,255,255,255,255,145,0,12,54,0,0,40,240,255,255,255,255,255,255,254,74,0,156,255,255,255,255,255,124,0,0,0,0,0,0,0,0,0,0,0,0,0,2,243,255,255,255,255,255,255,255,255,
244,254,255,255,255,255,255,255,255,255,255,255,255,241,45,0,0,0,0,0,96,254,255,255,255,255,255,254,33,0,121,255,255,255,255,254,69,0,0,0,0,0,0,0,0,0,0,0,0,0,22,255,254,255,255,255,255,255,255,255,
171,242,254,255,255,255,255,255,255,255,255,255,255,255,252,198,130,50,0,0,0,101,221,164,254,255,255,243,1,0,113,254,255,255,254,180,8,0,0,0,0,0,0,0,0,0,0,0,0,0,56,254,255,255,255,255,255,255,255,255,
29,133,231,254,255,255,255,255,255,255,255,255,255,255,255,255,255,254,157,1,0,0,6,6,210,254,255,253,4,0,178,255,255,255,198,1,0,0,0,0,0,0,0,0,0,0,0,0,0,0,101,254,255,255,255,255,255,255,255,255,
0,2,51,167,244,255,255,255,255,255,255,255,255,255,255,255,255,255,254,98,0,0,0,0,61,252,255,249,1,0,216,182,249,253,69,0,0,0,0,0,0,0,0,0,0,0,0,0,0,0,146,255,255,255,255,255,255,255,255,255,
1,1,0,6,68,188,250,255,255,255,255,255,255,255,255,255,255,255,226,64,0,0,0,0,0,158,255,231,0,3,123,0,51,76,0,0,0,0,0,0,0,0,0,0,0,0,0,0,0,0,188,255,255,255,255,255,255,255,255,255,
1,1,0,0,0,14,119,234,255,255,255,255,255,255,255,255,255,244,38,0,0,0,0,0,0,21,236,214,0,7,4,0,0,0,0,0,0,0,0,0,0,0,0,0,0,0,0,0,0,0,233,255,255,255,255,255,255,255,255,255,
1,1,0,1,0,0,35,179,254,255,255,255,255,255,255,255,255,126,0,0,0,0,0,0,0,0,109,191,0,0,0,0,0,0,0,0,0,0,0,0,0,0,0,0,0,0,0,0,0,0,229,255,255,255,255,255,255,255,255,255,
1,1,19,53,80,95,155,239,255,255,255,255,255,255,255,255,250,21,0,0,0,0,0,0,0,0,2,114,0,0,0,0,0,0,0,0,0,0,0,0,0,0,0,0,0,0,0,0,0,0,196,255,255,255,255,255,255,255,255,255,
84,136,166,167,154,169,231,254,255,255,255,255,255,255,255,255,199,0,0,0,0,0,0,0,0,0,0,1,0,0,0,0,0,0,0,0,0,0,0,0,0,0,0,0,0,0,0,0,0,0,170,255,255,255,255,255,255,255,255,255,
254,252,249,245,229,235,252,255,255,255,255,255,255,255,255,255,161,0,0,0,0,0,0,0,0,0,0,0,0,0,0,0,0,0,0,0,0,0,0,0,0,0,0,0,0,0,0,0,0,0,144,255,255,255,255,255,255,255,255,255,
255,255,255,255,255,255,255,255,255,255,255,255,255,255,255,255,152,0,0,0,0,0,0,0,0,0,0,0,0,0,0,0,0,0,0,0,0,0,0,0,0,0,0,0,0,0,0,0,0,0,114,255,255,255,255,255,255,255,255,255,
255,255,255,255,255,255,255,255,255,255,255,255,255,255,255,255,163,0,0,0,0,0,0,0,0,0,0,0,0,0,2,58,0,0,0,0,0,0,0,0,0,0,0,0,0,0,0,0,0,0,83,255,255,255,255,255,255,255,255,255,
255,255,255,255,255,255,255,255,255,255,255,255,255,255,255,255,188,0,0,0,0,0,0,0,0,0,0,0,0,0,143,104,0,0,0,0,0,0,0,0,0,0,0,0,0,0,0,0,0,0,52,255,255,255,255,255,255,255,255,255,
255,255,255,255,255,255,255,255,255,255,255,255,255,255,255,255,224,0,0,0,0,0,0,0,0,0,0,0,0,84,254,135,0,0,0,0,0,0,0,0,0,0,0,0,0,0,0,0,0,0,22,254,255,255,255,255,255,255,255,255,
255,255,255,255,255,255,255,255,255,255,255,255,255,255,255,255,254,16,0,0,0,0,0,0,0,0,0,0,12,238,255,236,24,0,0,0,0,0,0,0,0,0,0,0,0,0,0,0,0,0,2,243,255,255,255,255,255,255,255,255,
255,255,255,255,255,255,255,255,255,255,255,255,255,255,255,255,255,67,0,0,0,0,0,0,0,0,0,0,43,254,255,254,187,1,0,0,0,0,0,0,0,0,0,0,0,0,0,0,0,0,0,228,255,255,255,255,255,255,255,255,
255,255,255,255,255,255,255,255,255,255,255,255,255,255,255,255,255,139,0,0,0,0,0,0,0,0,0,0,67,254,255,254,254,64,0,0,0,0,0,0,0,0,0,0,0,0,0,0,0,0,0,210,255,255,255,255,255,255,255,255,
255,255,255,255,255,255,255,255,255,255,255,255,255,255,255,255,255,238,58,0,0,0,0,0,0,0,0,0,76,255,255,255,254,107,0,0,0,0,0,0,0,0,0,0,0,0,0,0,0,0,0,202,255,255,255,255,255,255,255,255,
255,255,255,255,255,255,255,255,255,255,255,255,255,255,255,255,255,255,244,82,0,0,0,0,0,10,46,0,66,254,255,255,254,130,0,0,0,0,0,0,0,0,0,0,0,0,0,0,0,0,0,188,255,255,255,255,255,255,255,255,
255,255,255,255,255,255,255,255,255,255,255,255,255,255,255,255,255,255,255,252,111,0,0,0,4,171,40,0,51,254,255,255,255,159,0,0,0,0,0,0,0,0,0,0,0,0,0,0,0,0,0,180,255,255,255,255,255,255,255,255,
