255,255,255,255,255,255,255,255,255,255,255,255,255,255,255,255,255,255,255,255,255,255,255,255,255,255,255,255,255,255,255,255,255,255,255,255,255,255,255,255,255,255,255,255,255,255,255,255,255,255,255,255,255,255,255,255,255,255,255,255,
254,255,255,255,255,255,255,255,255,255,255,255,255,255,255,255,255,255,255,255,255,255,255,255,255,255,255,255,255,255,255,255,255,255,255,255,255,255,255,255,255,255,255,255,255,254,255,255,255,255,255,255,255,255,255,255,255,255,255,255,
254,255,255,254,255,254,255,255,255,255,255,255,255,255,255,255,255,255,255,255,255,255,255,255,255,255,255,255,255,255,255,255,255,255,255,255,255,255,255,255,255,255,255,255,255,255,255,255,255,255,255,255,255,255,255,255,255,255,255,255,
230,254,255,255,254,254,254,254,255,255,255,255,255,255,255,255,255,255,255,255,255,255,255,255,255,255,255,255,255,255,255,255,255,255,255,255,255,255,255,255,255,255,255,255,255,255,255,255,255,255,255,255,255,255,255,255,255,255,255,255,
139,216,218,201,178,184,234,253,254,254,254,254,255,255,255,255,255,255,255,255,255,255,255,255,255,255,255,255,255,255,255,255,255,255,254,255,255,255,255,255,255,254,255,255,255,255,255,255,255,255,255,255,255,255,255,255,255,255,255,255,
0,7,25,28,24,66,125,130,126,124,151,214,252,255,255,255,255,255,255,255,255,255,255,255,255,255,255,255,255,255,255,255,255,255,255,255,255,255,255,255,255,255,255,255,255,255,255,255,255,255,255,255,255,255,255,255,255,255,255,255,
40,124,114,61,25,7,0,0,0,5,83,208,252,255,255,255,255,255,255,255,255,255,255,255,255,255,255,255,255,255,255,255,255,255,254,255,255,255,255,255,255,255,255,255,255,255,255,255,255,255,255,255,255,255,255,255,255,255,255,255,
25,81,98,96,92,96,157,211,185,150,182,243,254,255,255,255,255,255,255,255,255,255,255,255,255,255,255,255,255,255,255,255,255,255,255,255,255,255,254,248,254,254,254,255,255,255,255,255,255,255,255,255,255,255,255,255,255,255,255,255,
84,167,177,187,194,216,248,254,255,255,255,255,255,255,255,255,255,255,255,255,255,255,255,255,255,255,255,255,255,255,255,255,255,255,255,255,254,196,102,16,47,42,50,79,134,216,254,255,255,255,255,255,255,255,255,255,255,255,255,255,
120,244,255,255,255,255,255,255,255,255,255,255,255,255,255,255,255,255,255,255,255,255,255,255,255,255,255,255,255,255,255,255,255,254,255,249,98,0,0,0,0,0,0,0,0,1,86,234,255,255,255,255,255,255,255,255,255,255,255,255,
123,244,255,255,255,255,255,255,255,255,255,255,255,255,255,255,255,255,255,255,255,255,255,255,255,255,255,255,254,251,254,255,255,254,253,88,0,0,0,0,0,0,0,0,0,0,0,37,230,255,255,255,255,255,255,255,255,255,255,255,
186,254,255,255,255,255,255,255,255,255,255,255,255,255,255,255,255,255,255,255,255,255,255,255,255,255,255,254,101,4,115,255,255,254,136,0,0,0,0,0,0,0,0,0,0,0,0,0,71,254,255,255,255,255,255,255,255,255,255,255,
243,255,255,255,255,255,255,255,255,255,255,255,255,255,255,255,255,255,255,255,255,255,255,255,255,255,255,254,53,0,41,254,254,196,11,0,0,0,0,0,0,0,0,0,0,0,0,0,0,206,255,255,255,255,255,255,255,255,255,255,
255,255,255,255,255,255,255,255,255,255,255,255,255,255,255,255,255,255,255,255,255,255,255,255,255,255,255,254,106,0,91,255,248,184,2,0,0,0,0,0,0,0,0,0,0,0,0,0,0,97,254,255,255,255,255,255,255,255,255,255,
255,255,255,255,255,255,255,255,255,255,255,255,255,255,255,255,254,212,254,255,255,255,255,255,255,255,255,254,120,0,131,255,255,161,0,0,0,0,0,0,0,0,0,0,0,0,0,0,0,0,216,255,255,255,255,255,255,255,255,255,
255,255,255,255,255,255,255,255,255,255,255,255,255,255,255,246,173,63,124,239,255,255,255,255,255,255,255,254,121,0,152,255,255,204,4,0,0,0,0,0,0,0,0,0,0,0,0,0,0,0,128,255,255,255,255,255,255,255,255,255,
255,255,255,255,255,255,255,255,255,255,255,255,255,255,255,241,132,12,9,142,254,255,255,255,255,255,255,255,110,0,166,254,255,244,133,11,0,0,0,0,0,0,0,0,0,0,0,0,0,0,57,254,255,255,255,255,255,255,255,255,
255,255,255,255,255,255,255,255,255,255,255,255,255,255,255,255,189,40,108,203,255,255,255,255,255,255,255,255,99,0,178,255,255,254,204,23,0,0,0,0,0,0,0,0,0,0,0,0,0,0,14,254,255,255,255,255,255,255,255,255,
254,255,255,255,255,255,255,255,255,255,255,255,255,254,255,255,201,235,254,254,255,255,255,255,255,255,255,255,88,0,187,255,255,254,64,0,0,0,0,0,0,0,0,0,0,0,0,0,0,0,0,223,255,255,255,255,255,255,255,255,
233,254,255,255,255,255,255,255,255,255,255,255,255,255,255,255,255,255,255,255,255,255,255,255,255,255,255,255,84,0,197,255,255,255,165,0,0,0,0,0,0,0,0,0,0,0,0,0,0,0,0,202,255,255,255,255,255,255,255,255,
107,231,254,255,255,255,255,255,255,255,255,255,255,203,252,255,255,255,255,255,255,255,255,255,255,255,255,255,71,0,204,255,255,255,194,0,0,0,0,0,0,0,0,0,0,0,0,0,0,0,0,202,255,255,255,255,255,255,255,255,
4,106,235,255,255,255,255,255,255,255,255,255,180,9,240,255,255,255,255,255,255,255,255,255,255,255,255,254,62,0,210,255,255,255,253,25,0,0,0,0,0,0,0,0,0,0,0,0,0,0,0,201,255,255,255,255,255,255,255,255,
0,15,128,239,254,255,255,255,255,255,255,255,110,18,246,254,254,254,255,255,255,255,255,255,255,255,255,254,53,0,217,255,255,255,255,153,75,0,0,0,0,0,0,0,0,0,0,0,0,0,0,200,255,255,255,255,255,255,255,255,
0,0,7,89,216,254,255,255,255,255,255,255,89,0,158,37,34,94,192,254,255,255,255,255,255,255,255,254,34,0,211,255,255,255,255,229,118,0,0,0,0,0,0,0,0,0,0,0,0,0,0,228,255,255,255,255,255,255,255,255,
0,0,0,0,39,159,244,255,255,255,255,255,140,0,1,67,2,0,5,192,255,255,255,255,255,255,255,254,20,0,198,255,255,255,255,255,111,0,0,0,0,0,0,0,0,0,0,0,0,0,8,253,255,255,255,255,255,255,255,255,
0,0,0,1,0,8,81,205,253,255,255,255,242,47,0,0,0,0,0,30,234,255,255,255,255,255,255,236,0,0,169,255,255,255,255,254,60,0,0,0,0,0,0,0,0,0,0,0,0,0,36,254,254,255,255,255,255,255,255,255,
0,0,1,0,0,0,0,20,114,220,254,254,255,253,202,137,62,0,0,0,35,203,107,246,255,255,255,203,0,0,160,254,255,255,254,184,6,0,0,0,0,0,0,0,0,0,0,0,0,0,70,254,255,255,255,255,255,255,255,255,
0,0,1,0,0,0,0,0,0,28,133,231,254,255,255,255,254,185,11,0,0,1,0,116,254,255,255,216,0,0,221,255,255,255,195,2,0,0,0,0,0,0,0,0,0,0,0,0,0,0,112,255,255,255,255,255,255,255,255,255,
0,0,0,0,0,0,0,0,0,0,1,56,185,251,255,255,255,255,157,0,0,0,0,3,197,254,255,214,0,9,241,136,241,251,68,0,0,0,0,0,0,0,0,0,0,0,0,0,0,0,155,255,255,255,255,255,255,255,255,255,
0,0,0,0,0,0,0,0,0,0,0,0,57,201,254,255,255,253,143,0,0,0,0,0,40,245,255,194,0,38,74,0,41,59,0,0,0,0,0,0,0,0,0,0,0,0,0,0,0,0,196,255,255,255,255,255,255,255,255,255,
1,0,0,0,0,0,0,0,0,0,0,0,0,61,208,255,254,130,0,0,0,0,0,0,0,115,254,171,0,7,0,0,0,0,0,0,0,0,0,0,0,0,0,0,0,0,0,0,0,0,237,255,255,255,255,255,255,255,255,255,
1,0,0,0,0,0,0,0,0,0,0,16,108,222,254,255,224,7,0,0,0,0,0,0,0,5,201,153,0,0,0,0,0,0,0,0,0,0,0,0,0,0,0,0,0,0,0,0,0,0,224,255,255,255,255,255,255,255,255,255,
0,0,0,0,0,0,0,0,0,5,66,188,249,254,255,255,117,0,0,0,0,0,0,0,0,0,43,112,0,0,0,0,0,0,0,0,0,0,0,0,0,0,0,0,0,0,0,0,0,0,189,255,255,255,255,255,255,255,255,255,
0,0,0,0,0,0,0,2,45,156,241,254,255,255,255,255,41,0,0,0,0,0,0,0,0,0,0,0,0,0,0,0,0,0,0,0,0,0,0,0,0,0,0,0,0,0,0,0,0,0,161,255,255,255,255,255,255,255,255,255,
0,0,0,0,0,7,58,157,236,254,255,255,255,255,255,248,6,0,0,0,0,0,0,0,0,0,0,0,0,0,0,0,0,0,0,0,0,0,0,0,0,0,0,0,0,0,0,0,0,0,135,255,255,255,255,255,255,255,255,255,
34,29,22,78,145,214,250,254,255,255,255,255,255,255,255,237,0,0,0,0,0,0,0,0,0,0,0,0,0,0,0,9,0,0,0,0,0,0,0,0,0,0,0,0,0,0,0,0,0,0,102,255,255,255,255,255,255,255,255,255,
207,238,249,254,254,255,255,255,255,255,255,255,255,255,255,247,3,0,0,0,0,0,0,0,0,0,0,0,0,0,52,133,0,0,0,0,0,0,0,0,0,0,0,0,0,0,0,0,0,0,67,254,255,255,255,255,255,255,255,255,
255,255,255,255,255,255,255,255,255,255,255,255,255,255,255,255,22,0,0,0,0,0,0,0,0,0,0,0,0,33,235,104,0,0,0,0,0,0,0,0,0,0,0,0,0,0,0,0,0,0,35,255,255,255,255,255,255,255,255,255,
255,255,255,255,255,255,255,255,255,255,255,255,255,255,255,255,52,0,0,0,0,0,0,0,0,0,0,0,4,203,254,137,0,0,0,0,0,0,0,0,0,0,0,0,0,0,0,0,0,0,8,251,255,255,255,255,255,255,255,255,
255,255,255,255,255,255,255,255,255,255,255,255,255,255,255,254,93,0,0,0,0,0,0,0,0,0,0,0,41,254,255,236,22,0,0,0,0,0,0,0,0,0,0,0,0,0,0,0,0,0,0,223,255,255,255,255,255,255,255,255,
255,255,255,255,255,255,255,255,255,255,255,255,255,255,255,255,147,0,0,0,0,0,0,0,0,0,0,0,62,254,255,254,186,1,0,0,0,0,0,0,0,0,0,0,0,0,0,0,0,0,0,203,255,255,255,255,255,255,255,255,
255,255,255,255,255,255,255,255,255,255,255,255,255,255,255,255,211,0,0,0,0,0,0,0,0,0,0,0,80,254,255,254,254,64,0,0,0,0,0,0,0,0,0,0,0,0,0,0,0,0,0,188,255,255,255,255,255,255,255,255,
255,255,255,255,255,255,255,255,255,255,255,255,255,255,255,255,254,85,0,0,0,0,0,0,0,0,23,0,102,254,255,255,254,108,0,0,0,0,0,0,0,0,0,0,0,0,0,0,0,0,0,179,255,255,255,255,255,255,255,255,
255,255,255,255,255,255,255,255,255,255,254,255,255,255,255,255,255,254,137,5,0,0,0,0,0,64,81,0,78,254,255,255,254,130,0,0,0,0,0,0,0,0,0,0,0,0,0,0,0,0,0,164,255,255,255,255,255,255,255,255,
255,255,255,255,255,255,255,255,255,255,255,255,255,255,255,255,255,255,255,194,33,0,0,0,34,230,35,0,60,254,255,255,255,159,0,0,0,0,0,0,0,0,0,0,0,0,0,0,0,0,0,162,255,255,255,255,255,255,255,255,
