255,255,255,255,255,255,255,255,255,255,255,254,164,1,0,106,255,255,254,255,253,254,255,255,255,255,255,255,255,255,255,255,255,255,255,255,255,255,255,255,255,255,255,255,255,255,255,255,255,255,255,255,255,255,255,255,255,255,255,255,
255,255,255,255,255,255,255,255,255,255,254,255,193,3,0,97,120,162,87,22,48,200,254,255,255,255,255,255,255,255,255,255,255,255,255,255,255,255,255,255,255,255,255,255,255,255,255,255,255,255,255,255,255,255,255,255,255,255,255,255,
255,255,255,255,255,255,255,255,255,255,255,255,225,19,0,0,0,0,0,0,3,172,255,255,255,255,255,255,255,255,255,255,255,255,255,255,255,255,255,255,255,255,255,255,255,255,255,255,255,255,255,255,255,255,255,255,255,255,255,255,
255,255,255,255,255,255,255,255,255,254,255,255,244,42,0,0,0,0,0,21,110,249,255,255,255,255,255,255,255,255,255,255,255,255,255,255,255,255,255,255,255,255,255,255,255,255,255,255,255,255,255,255,255,255,255,255,255,255,255,255,
255,255,255,255,255,232,109,87,88,85,87,90,79,9,0,0,0,0,0,46,231,255,255,255,255,255,255,255,255,255,255,255,255,255,255,255,255,255,255,255,255,255,255,255,255,255,255,255,255,255,255,255,255,255,255,255,255,255,255,255,
255,255,255,255,255,238,45,0,1,4,10,17,0,0,0,0,0,0,0,8,187,254,255,255,255,255,255,255,255,255,255,255,255,255,255,255,254,255,255,255,255,255,255,255,255,255,255,255,255,255,255,255,255,255,255,255,255,255,255,255,
255,255,255,255,255,254,198,153,202,231,249,129,0,0,0,0,0,0,0,7,191,255,255,255,255,255,255,255,255,255,255,255,255,255,255,255,255,255,255,255,255,255,255,255,255,255,255,255,255,255,255,255,255,255,255,255,255,255,255,255,
255,255,255,255,255,255,254,254,254,255,255,112,0,0,0,0,0,0,0,44,239,255,255,255,255,255,255,255,255,255,255,255,255,255,255,255,254,254,251,252,238,219,246,254,255,255,255,255,255,255,255,255,255,255,255,255,255,255,255,255,
255,255,255,255,255,255,255,255,255,255,246,101,0,0,0,0,0,0,2,155,254,255,255,255,255,255,255,255,255,255,255,255,255,255,255,254,199,76,20,9,0,0,0,28,93,197,254,255,255,255,255,255,255,255,255,255,255,255,255,255,
255,255,255,255,255,255,255,252,195,103,20,0,0,0,0,0,0,0,68,246,255,255,255,255,255,255,255,255,255,255,255,255,255,255,253,118,0,0,0,0,0,0,0,0,0,0,104,249,255,255,255,255,255,255,255,255,255,255,255,255,
255,255,255,255,255,255,247,141,25,0,0,21,1,0,0,0,0,3,174,255,255,255,255,255,255,255,255,254,232,248,254,255,255,254,130,0,0,0,0,0,0,0,0,0,0,0,0,101,255,255,255,255,255,255,255,255,255,255,255,255,
255,255,255,255,255,255,252,180,67,17,9,51,0,0,0,0,0,13,203,255,255,255,255,255,255,255,255,158,0,25,236,255,255,197,3,0,0,0,0,0,0,0,0,0,0,0,0,0,199,255,255,255,255,255,255,255,255,255,255,255,
255,255,255,255,255,255,254,238,241,56,0,0,0,0,0,0,0,113,253,255,255,255,255,255,255,255,255,140,0,0,222,255,248,43,0,0,0,0,0,0,0,0,0,0,0,0,0,0,81,254,255,255,255,255,255,255,255,255,255,255,
255,255,255,255,255,255,255,255,234,42,0,0,0,0,0,0,52,234,255,255,255,255,255,255,255,255,255,187,0,16,254,254,181,23,0,0,0,0,0,0,0,0,0,0,0,0,0,0,0,185,255,255,255,255,255,255,255,255,255,254,
255,255,255,255,255,255,255,255,230,108,63,0,0,0,0,10,209,255,255,255,255,255,255,255,255,255,255,204,0,47,255,254,219,0,0,0,0,0,0,0,0,0,0,0,0,0,0,0,0,86,254,255,255,255,255,255,255,255,255,255,
255,255,255,255,255,255,255,255,254,254,155,0,0,0,0,60,248,255,255,255,255,255,255,255,255,255,255,203,0,65,255,255,250,18,0,0,0,0,0,0,0,0,0,0,0,0,0,0,0,7,247,255,255,255,255,255,255,255,255,255,
255,255,255,255,255,255,255,255,255,255,177,0,0,0,0,139,254,255,255,255,255,255,255,255,255,255,255,198,0,78,254,255,254,108,20,0,0,0,0,0,0,0,0,0,0,0,0,0,0,0,204,255,255,255,255,255,255,255,255,255,
255,255,255,255,255,255,255,255,255,255,192,2,0,0,2,192,255,255,255,255,255,255,255,255,255,255,255,192,0,89,254,255,255,250,147,0,0,0,0,0,0,0,0,0,0,0,0,0,0,0,151,255,255,255,255,255,255,255,255,255,
255,255,255,255,255,255,255,255,255,254,160,0,0,0,0,167,255,255,255,255,255,255,255,255,255,255,255,181,0,103,255,255,255,204,11,0,0,0,0,0,0,0,0,0,0,0,0,0,0,0,121,255,255,255,254,255,255,255,255,255,
255,255,255,255,255,255,255,255,255,253,97,0,0,0,0,43,229,255,255,255,255,255,255,255,255,255,255,175,0,110,255,255,255,249,53,0,0,0,0,0,0,0,0,0,0,0,0,0,0,0,110,255,255,255,255,255,255,255,255,255,
255,255,255,255,255,255,255,255,255,217,21,0,0,0,0,0,48,219,254,255,255,255,255,255,255,255,255,172,0,113,255,255,255,255,105,0,0,0,0,0,0,0,0,0,0,0,0,0,0,0,101,254,255,255,255,255,255,255,255,255,
255,255,255,255,255,255,255,255,241,69,0,0,0,0,0,0,0,21,185,254,255,255,255,255,255,255,255,160,0,112,255,255,255,255,207,0,0,0,0,0,0,0,0,0,0,0,0,0,0,0,96,254,255,255,255,255,255,255,255,255,
255,255,255,255,255,255,255,254,144,0,0,0,0,0,0,0,0,0,60,245,255,255,255,255,255,255,255,154,0,114,255,255,255,255,254,68,12,0,0,0,0,0,0,0,0,0,0,0,0,0,121,255,255,255,255,255,255,255,255,255,
255,255,255,255,255,255,255,248,82,0,0,0,0,0,0,0,0,0,20,209,255,255,255,255,255,255,255,145,0,112,255,255,255,255,254,214,64,3,4,0,0,0,0,0,0,0,0,0,0,0,148,255,255,255,255,255,255,255,255,255,
255,255,255,255,255,255,255,236,34,0,0,0,0,0,0,0,0,0,0,79,246,255,255,255,255,255,255,126,0,94,254,255,255,255,254,233,14,7,6,0,0,0,0,0,0,0,0,0,0,0,176,255,255,255,255,255,255,255,255,255,
255,255,255,255,255,255,254,169,1,0,0,0,0,0,0,0,0,0,0,1,95,211,254,255,255,255,255,89,0,53,254,255,255,255,255,232,1,0,0,0,0,0,0,0,0,0,0,0,0,0,208,255,254,255,254,255,255,255,255,255,
255,255,255,255,255,255,245,57,0,0,0,0,0,0,0,0,0,0,0,0,0,38,238,255,255,255,254,62,0,56,254,255,255,255,254,154,0,0,0,0,0,0,0,0,0,0,0,0,0,2,242,255,255,255,255,255,255,255,255,255,
255,255,255,255,255,255,166,3,0,0,0,0,0,0,0,0,0,0,0,0,0,0,35,171,252,255,255,78,0,113,254,248,255,255,156,1,0,0,0,0,0,0,0,0,0,0,0,0,0,25,254,255,255,255,255,255,255,255,255,255,
255,255,255,255,255,244,51,0,0,0,0,0,0,0,0,0,0,0,0,0,0,0,0,1,104,249,254,75,0,146,140,23,203,229,39,0,0,0,0,0,0,0,0,0,0,0,0,0,0,40,254,255,255,255,255,255,255,255,255,255,
255,255,255,255,254,188,5,0,0,0,0,0,0,0,0,0,0,0,0,0,0,0,0,0,11,165,254,56,0,108,1,0,16,10,0,0,0,0,0,0,0,0,0,0,0,0,0,0,0,50,254,255,255,255,255,255,255,255,255,255,
255,255,255,255,250,80,0,0,0,0,0,0,0,0,0,0,0,0,0,0,0,0,0,0,0,28,228,39,0,7,0,0,0,0,0,0,0,0,0,0,0,0,0,0,0,0,0,0,0,66,255,255,255,255,255,255,255,255,255,255,
255,255,255,255,183,5,0,0,0,0,0,0,0,0,0,0,0,0,0,0,0,0,0,0,0,0,143,19,0,0,0,0,0,0,0,0,0,0,0,0,0,0,0,0,0,0,0,0,0,75,254,255,255,255,255,255,255,255,255,255,
255,255,255,242,57,0,0,0,0,0,0,0,0,0,0,0,0,0,0,0,0,0,0,0,0,0,4,0,0,0,0,0,0,0,0,0,0,0,0,0,0,0,0,0,0,0,0,0,0,55,254,255,255,255,255,255,255,255,255,255,
255,255,238,82,0,0,0,0,0,0,0,0,0,0,0,0,0,0,0,0,0,0,0,0,0,0,0,0,0,0,0,0,0,0,0,0,0,0,0,0,0,0,0,0,0,0,0,0,0,21,254,255,255,255,255,255,255,255,255,255,
255,249,82,0,0,0,0,0,0,0,0,0,0,0,0,0,0,0,0,0,0,0,0,0,0,0,0,0,0,0,0,0,0,0,0,0,0,0,0,0,0,0,0,0,0,0,0,0,0,1,242,255,255,255,255,255,255,255,255,255,
255,238,41,0,0,0,0,0,0,0,0,0,0,0,0,0,0,0,0,0,0,0,0,0,0,0,0,0,0,0,88,115,0,0,0,0,0,0,0,0,0,0,0,0,0,0,0,0,0,0,209,255,255,255,255,255,255,255,255,255,
255,255,238,125,16,0,1,0,0,0,0,0,0,0,0,0,0,0,0,0,0,0,0,0,0,0,0,0,0,135,254,109,0,0,0,0,0,0,0,0,0,0,0,0,0,0,0,0,0,0,174,255,255,255,255,255,255,255,255,255,
255,255,254,254,221,131,54,28,3,0,0,0,3,1,0,0,0,0,0,0,0,0,0,0,0,0,0,0,85,254,254,65,0,0,0,0,0,0,0,0,0,0,0,0,0,0,0,0,0,0,139,255,255,255,255,255,255,255,255,255,
255,255,255,255,255,254,254,254,244,198,27,0,50,32,0,0,0,0,0,0,0,0,0,0,0,0,0,0,133,255,254,104,0,0,0,0,0,0,0,0,0,0,0,0,0,0,0,0,0,0,104,255,255,255,255,255,255,255,255,255,
255,255,255,255,255,255,255,255,255,253,81,0,36,80,0,0,0,0,0,0,0,0,0,0,0,0,0,0,155,255,255,218,11,0,0,0,0,0,0,0,0,0,0,0,0,0,0,0,0,0,79,254,255,255,255,255,255,255,255,255,
255,255,255,255,255,255,255,255,255,255,151,0,12,120,0,0,0,0,0,0,0,0,0,0,0,0,0,0,175,255,255,254,151,0,0,0,0,0,0,0,0,0,0,0,0,0,0,0,0,0,63,254,255,255,255,255,255,255,255,255,
255,255,255,255,255,255,255,255,255,255,211,12,0,125,10,0,0,0,0,0,0,0,0,0,0,16,41,0,190,255,255,254,250,12,0,0,0,0,0,0,0,0,0,0,0,0,0,0,0,0,47,254,255,255,255,255,255,255,255,255,
255,255,255,255,255,255,255,255,255,255,243,47,0,63,18,0,0,0,0,0,0,0,0,0,0,152,32,0,191,255,255,255,254,41,0,0,0,0,0,0,0,0,0,0,0,0,0,0,0,0,33,254,255,255,255,255,255,255,255,255,
255,255,255,255,255,255,255,255,255,255,253,111,0,0,0,0,0,0,0,0,0,0,0,0,68,227,1,0,179,255,255,255,254,65,0,0,0,0,0,0,0,0,0,0,0,0,0,0,0,0,17,254,255,255,255,255,255,255,255,255,
255,255,255,255,255,255,255,255,255,255,255,213,21,0,0,0,0,33,2,0,0,0,0,28,229,189,0,0,160,254,255,255,255,92,0,0,0,0,0,0,0,0,0,0,0,0,0,0,0,0,52,254,255,255,255,255,255,255,255,255,
