255,255,255,255,255,255,255,255,255,255,255,255,252,151,115,90,0,45,135,0,18,226,255,255,255,255,255,255,255,255,255,255,255,255,255,255,255,255,255,255,255,255,255,255,255,255,255,255,255,255,255,255,255,255,255,255,255,255,255,255,
255,255,255,255,255,255,255,255,255,255,255,255,181,3,0,0,0,5,15,0,0,168,254,255,255,255,255,255,255,255,255,255,255,255,255,255,255,255,255,255,255,255,255,255,255,255,255,255,255,255,255,255,255,255,255,255,255,255,255,255,
255,255,255,255,255,255,255,255,255,255,255,255,179,1,0,0,0,0,0,0,0,126,254,255,255,255,255,255,255,255,255,255,255,255,255,255,255,255,255,255,255,255,255,255,255,255,255,255,255,255,255,255,255,255,255,255,255,255,255,255,
255,255,255,255,255,255,255,255,255,255,255,255,248,143,2,0,0,0,0,0,0,62,228,255,255,255,255,255,255,255,255,255,255,255,255,255,255,255,255,255,255,255,255,255,255,255,255,255,255,255,255,255,255,255,255,255,255,255,255,255,
255,255,255,255,255,255,255,255,255,255,255,255,255,148,0,0,0,0,0,0,0,10,218,255,255,255,255,255,255,255,255,255,255,255,255,255,255,255,255,255,255,255,255,255,255,255,255,255,255,255,255,255,255,255,255,255,255,255,255,255,
255,255,255,255,255,255,255,255,255,255,255,255,254,124,0,0,0,0,0,0,0,0,34,149,200,222,246,254,254,253,254,255,255,255,255,255,255,255,255,255,255,255,255,255,255,255,255,255,255,255,255,255,255,255,255,255,255,255,255,255,
255,255,255,255,255,255,255,255,255,255,255,255,254,124,0,0,0,0,0,0,0,0,4,14,0,0,2,83,198,213,251,255,255,255,255,255,255,255,255,255,255,255,255,255,255,255,255,255,255,255,255,255,255,255,255,255,255,255,255,255,
255,255,255,255,255,255,255,255,255,255,255,255,254,112,0,0,0,0,0,0,0,0,48,245,208,169,139,213,238,247,255,255,255,255,255,254,253,249,216,197,196,221,252,255,255,255,255,255,255,255,255,255,255,255,255,255,255,255,255,255,
255,255,255,255,255,255,255,255,255,255,255,254,250,114,0,0,0,0,0,0,0,0,23,84,103,114,108,129,246,255,255,255,255,255,228,110,14,7,0,0,0,0,19,104,223,255,255,255,255,254,255,255,255,255,255,255,255,255,255,255,
255,255,255,255,255,255,255,255,255,255,255,255,239,159,9,0,0,0,0,0,0,2,14,0,0,0,0,40,244,255,255,255,254,181,13,0,0,0,0,0,0,0,0,0,12,179,255,255,255,255,255,255,255,255,255,255,255,255,255,255,
255,255,255,255,255,255,255,255,255,255,254,250,219,196,35,0,0,0,0,0,0,7,211,237,209,190,148,131,246,255,255,255,207,9,0,0,0,0,0,0,0,0,0,0,0,7,204,255,255,255,255,255,255,255,255,255,255,255,255,255,
255,255,255,255,255,255,255,255,255,255,254,232,226,167,6,0,0,0,0,0,0,0,182,255,255,244,26,0,132,254,255,248,48,0,0,0,0,0,0,0,0,0,0,0,0,0,71,254,255,255,255,255,255,255,255,255,255,255,255,255,
255,255,255,255,255,255,255,255,255,255,255,255,237,39,0,0,0,0,0,0,0,0,142,254,255,246,17,0,100,254,255,145,0,0,0,0,0,0,0,0,0,0,0,0,0,0,2,180,254,255,255,255,255,255,255,255,255,255,255,255,
255,255,255,255,255,255,255,255,255,255,255,255,225,17,26,7,0,0,0,0,0,0,109,254,255,254,60,0,149,255,233,65,0,0,0,0,0,0,0,0,0,0,0,0,0,0,0,51,253,255,255,255,255,255,255,255,255,255,255,255,
255,255,255,255,255,255,255,255,255,255,255,254,161,27,142,23,0,0,0,0,1,95,156,254,255,255,79,0,179,255,241,83,0,0,0,0,0,0,0,0,0,0,0,0,0,0,0,1,200,254,255,255,255,255,255,255,255,255,255,255,
255,255,255,255,255,255,255,255,255,255,255,255,254,250,249,57,0,0,0,0,9,219,254,254,255,255,79,0,198,255,254,108,0,0,0,0,0,0,0,0,0,0,0,0,0,0,0,0,131,254,255,255,255,255,255,255,255,255,255,255,
255,255,255,255,255,255,255,255,255,255,255,255,255,255,254,115,0,0,0,0,21,235,255,255,255,255,70,0,209,255,255,190,30,3,0,0,0,0,0,0,0,0,0,0,0,0,0,0,74,254,255,255,255,255,255,255,255,255,255,255,
255,255,255,255,255,255,255,255,255,255,255,255,255,255,255,157,0,0,0,0,16,229,255,255,255,254,61,0,218,255,255,252,219,42,0,0,0,0,0,0,0,0,0,0,0,0,0,0,27,252,255,255,255,255,255,255,255,255,255,255,
255,255,255,255,255,255,255,255,255,255,255,255,255,255,254,110,0,0,0,0,0,153,255,255,255,254,53,0,224,255,255,254,122,0,0,0,0,0,0,0,0,0,0,0,0,0,0,0,12,244,255,255,255,255,255,254,255,255,255,255,
255,255,255,255,255,255,255,255,255,255,255,255,255,254,213,18,0,0,0,0,0,20,209,255,255,254,45,3,231,255,255,254,175,1,0,0,0,0,0,0,0,0,0,0,0,0,0,0,5,238,255,255,255,255,255,255,255,255,255,255,
255,255,255,255,255,255,255,255,255,255,255,255,255,233,52,0,0,0,0,0,0,0,28,218,255,255,38,5,237,255,255,255,238,11,0,0,0,0,0,0,0,0,0,0,0,0,0,0,1,227,255,255,255,255,255,255,255,255,255,255,
255,255,255,255,255,255,255,255,255,255,255,255,245,64,0,0,0,0,0,0,0,0,0,37,214,254,33,6,237,255,255,255,254,103,0,0,0,0,0,0,0,0,0,0,0,0,0,0,3,231,255,255,255,255,255,255,255,255,255,255,
255,255,255,255,255,255,255,255,255,255,255,251,107,0,0,0,0,0,0,0,0,0,0,0,25,188,26,5,238,255,255,255,255,203,11,0,0,0,0,0,0,0,0,0,0,0,0,0,14,248,255,255,255,255,255,255,255,255,255,255,
255,255,255,255,255,255,255,255,255,255,250,120,1,0,0,0,0,0,0,0,0,0,0,0,0,6,4,2,232,255,255,255,255,241,200,0,35,0,0,0,0,0,0,0,0,0,0,0,33,254,255,255,255,255,255,255,255,255,255,255,
255,255,255,255,255,255,255,255,255,244,103,1,0,0,0,0,0,0,0,0,0,0,0,0,0,0,0,0,170,254,255,255,255,253,124,0,43,0,0,0,0,0,0,0,0,0,0,0,58,254,255,255,255,255,255,255,255,255,255,255,
255,255,255,255,255,255,255,254,217,66,0,0,0,0,0,0,0,0,0,0,0,0,0,0,0,0,0,0,0,49,134,211,254,255,130,0,0,0,0,0,0,0,0,0,0,0,0,0,91,254,255,255,255,254,255,255,255,255,255,255,
255,255,255,255,254,253,240,147,21,0,0,0,0,0,0,0,0,0,0,0,0,0,0,0,0,0,0,0,0,0,0,0,50,146,67,0,0,0,0,0,0,0,0,0,0,0,0,0,116,254,255,255,255,255,255,255,255,255,255,255,
254,250,232,212,181,128,53,1,0,0,0,0,0,0,0,0,0,0,0,0,0,0,0,0,0,0,0,0,0,0,0,0,0,0,0,0,0,0,0,0,0,0,0,0,0,0,0,0,113,255,255,255,255,255,255,255,255,255,255,255,
209,127,72,35,7,0,0,0,0,0,0,0,0,0,0,0,0,0,0,0,0,0,0,0,0,0,0,0,0,0,0,0,0,0,0,0,0,0,0,0,0,0,0,0,0,0,0,0,120,255,255,255,255,255,255,255,255,255,255,255,
34,1,0,0,0,0,0,0,0,0,0,0,0,0,0,0,0,0,0,0,0,0,0,0,0,0,0,0,0,0,0,0,0,0,0,0,0,0,0,0,0,0,0,0,0,0,0,0,131,255,255,255,255,255,255,255,255,255,255,255,
0,0,0,0,0,0,0,0,0,0,0,0,0,0,0,0,0,0,0,0,0,0,0,0,0,0,0,0,0,0,0,0,0,0,0,0,0,0,0,0,0,0,0,0,0,0,0,0,140,255,255,255,255,255,255,255,255,255,255,255,
0,0,0,0,0,0,0,0,0,0,0,0,0,0,0,0,0,0,0,0,0,0,0,0,0,0,0,0,0,0,0,0,0,0,0,0,0,0,0,0,0,0,0,0,0,0,0,0,153,255,255,255,255,255,255,255,255,255,255,255,
0,0,0,0,0,0,0,0,0,0,0,0,0,0,0,0,0,0,0,0,0,0,0,0,0,0,0,0,0,0,0,0,0,0,0,0,0,0,0,0,0,0,0,0,0,0,0,0,162,255,255,255,255,255,255,255,255,255,255,255,
4,0,0,0,0,0,0,0,0,0,0,0,0,0,0,0,0,0,0,0,0,0,0,0,0,0,0,0,0,0,0,0,0,0,0,0,0,0,0,0,0,0,0,0,0,0,0,0,147,255,255,255,255,255,255,255,255,255,255,255,
208,94,22,6,0,0,0,0,0,0,0,0,0,0,0,0,0,0,0,0,0,0,0,0,0,0,0,0,0,0,0,0,0,0,0,0,0,0,0,0,0,0,0,0,0,0,0,0,113,255,255,255,255,255,255,255,255,255,255,255,
255,255,254,232,174,113,57,5,0,0,0,0,0,0,0,0,0,0,0,0,0,0,0,0,0,0,0,0,0,0,0,0,0,0,0,0,0,0,0,0,0,0,0,0,0,0,0,0,78,254,255,255,255,255,255,255,255,255,255,255,
255,255,255,255,255,255,253,245,180,86,33,2,0,0,0,0,0,0,0,0,0,0,0,0,0,0,0,6,17,5,0,0,0,0,0,0,0,0,0,0,0,0,0,0,0,0,0,0,45,254,255,255,255,255,255,255,255,255,255,255,
255,255,255,255,255,255,255,255,255,250,211,127,55,15,0,0,0,0,0,0,0,0,0,0,0,0,0,163,190,191,0,0,0,0,0,0,0,0,0,0,0,0,0,0,0,0,0,0,17,249,255,255,255,255,255,255,255,255,255,255,
255,255,255,255,255,255,255,255,255,255,255,246,204,142,86,43,14,0,0,0,0,0,0,0,0,0,11,246,254,245,19,0,0,0,0,0,0,0,0,0,0,0,0,0,0,0,0,0,3,232,255,255,255,255,255,255,255,255,255,255,
255,255,255,255,255,255,255,255,255,255,255,255,254,242,226,200,177,64,0,0,0,0,0,0,0,0,27,253,255,254,143,0,0,0,0,0,0,0,0,0,0,0,0,0,0,0,0,0,0,217,255,255,255,255,255,255,255,255,255,255,
255,255,255,255,255,255,255,255,255,255,255,255,255,255,255,255,254,89,0,0,0,0,0,0,0,0,43,254,255,255,252,57,0,0,0,0,0,0,0,0,0,0,0,0,0,0,0,0,0,203,255,255,255,255,255,255,255,255,255,255,
255,255,255,255,255,255,255,255,255,255,255,255,255,255,255,255,246,54,0,0,0,0,0,0,47,0,57,254,255,255,255,148,0,0,0,0,0,0,0,0,0,0,0,0,0,0,0,0,0,191,255,255,255,255,255,255,255,255,255,255,
255,255,255,255,255,255,255,255,255,255,255,255,255,255,255,253,76,0,0,0,0,0,0,33,144,0,66,254,255,255,255,178,0,0,0,0,0,0,0,0,0,0,0,0,0,0,0,0,0,179,255,255,255,255,255,255,255,255,255,255,
255,255,255,255,255,255,255,255,255,255,255,255,255,255,255,249,44,0,0,0,0,0,3,190,103,0,41,254,255,255,255,202,0,0,0,0,0,0,0,0,0,0,0,0,0,0,0,0,0,179,255,255,255,255,255,255,255,255,255,255,
255,255,255,255,255,255,255,255,255,255,255,255,255,255,255,254,82,0,0,0,0,0,138,254,67,0,35,253,255,255,255,228,2,0,0,0,0,0,0,0,0,0,0,0,0,0,0,0,3,224,255,255,255,255,255,255,255,255,255,255,
