255,255,255,255,255,255,255,255,255,255,255,255,255,255,255,255,255,255,255,255,255,255,255,255,255,255,255,255,255,255,255,255,255,255,255,255,255,255,254,230,209,205,171,246,255,255,255,255,255,255,255,255,255,255,255,255,255,255,255,255,
255,255,255,255,255,255,255,255,255,255,255,255,255,255,255,255,255,255,255,255,255,255,255,255,255,255,255,255,255,255,255,255,255,255,255,255,255,254,188,22,22,45,8,154,224,255,255,255,255,255,255,255,255,255,255,255,255,255,255,255,
255,255,255,255,255,255,255,255,255,255,255,255,255,255,255,255,255,255,255,255,255,255,255,255,255,255,255,255,255,255,255,255,255,255,255,255,254,237,135,9,0,0,7,15,60,237,255,255,255,255,255,255,255,255,255,255,255,255,255,255,
255,255,255,255,255,255,255,255,255,255,255,255,255,255,255,255,255,255,255,255,255,255,255,255,255,255,255,255,255,255,255,255,255,255,255,254,254,138,0,0,0,0,0,0,12,182,254,255,255,255,255,255,255,255,255,255,255,255,255,255,
255,255,255,255,255,255,255,255,255,255,255,255,255,255,255,255,255,255,255,255,255,255,255,255,255,255,255,255,255,255,255,255,255,255,255,255,254,121,0,0,0,0,0,0,0,25,200,254,255,255,255,255,255,255,255,255,255,255,255,255,
255,255,255,255,255,255,255,255,255,255,255,255,255,255,255,255,255,255,255,255,255,255,255,255,255,255,255,255,255,255,255,255,255,255,255,255,254,182,11,0,0,0,0,0,0,0,89,249,255,255,255,255,255,255,255,255,255,255,255,255,
255,255,255,255,255,255,255,255,255,255,255,255,255,255,255,255,255,255,255,255,255,255,255,255,255,255,255,255,255,255,255,255,255,255,255,255,254,247,163,26,0,0,0,0,0,0,31,215,255,255,255,255,255,255,255,255,255,255,255,255,
255,255,255,255,255,255,255,255,255,255,255,255,255,255,255,255,255,255,255,255,255,255,255,254,255,255,255,255,255,255,255,255,255,255,255,255,255,255,181,8,0,0,0,0,0,0,0,104,247,255,255,255,255,255,255,255,255,255,255,255,
255,255,255,255,255,255,255,255,255,255,255,255,255,255,255,255,255,255,255,255,255,255,255,255,255,255,255,255,255,255,255,255,255,255,255,255,255,254,140,1,0,0,0,0,0,0,0,3,116,246,255,255,255,255,255,255,255,255,255,255,
255,255,255,255,255,255,255,255,255,255,255,255,255,255,255,255,255,255,255,255,255,255,255,255,255,255,255,255,255,255,255,255,255,255,255,255,255,253,98,0,0,0,0,0,0,0,0,0,3,108,243,255,255,255,255,255,255,255,255,255,
255,255,255,255,255,255,255,255,255,255,255,255,255,255,255,255,255,255,255,255,255,255,255,255,255,255,255,255,255,255,255,255,255,255,255,255,255,243,64,0,0,0,0,0,0,0,0,0,0,1,90,239,255,255,255,255,255,255,255,255,
255,255,255,255,255,255,255,255,255,255,255,255,255,255,255,255,255,255,255,255,255,255,255,255,255,255,255,255,255,255,255,255,255,255,255,255,255,233,44,0,0,0,0,0,0,38,81,4,27,50,2,91,240,255,255,255,255,255,255,255,
255,255,255,255,255,255,255,255,255,255,255,255,255,255,255,255,255,255,255,255,255,255,255,255,255,255,255,255,255,255,255,255,255,255,255,255,255,227,38,18,39,0,0,0,0,0,38,26,16,175,70,2,105,246,255,255,255,255,255,255,
255,255,255,255,255,255,255,255,255,255,255,255,255,255,255,255,255,255,255,255,255,255,255,255,255,255,255,255,254,254,254,254,255,255,255,255,255,220,31,40,184,41,0,0,0,0,0,0,7,148,222,55,5,144,253,255,255,255,255,255,
255,255,255,255,255,255,255,255,255,255,255,255,255,255,255,255,255,255,255,255,255,255,255,255,255,255,255,255,240,142,121,226,254,255,255,255,255,213,26,48,231,201,23,0,0,0,0,0,0,10,164,197,22,22,197,255,255,255,255,255,
255,255,255,255,255,255,255,255,255,255,255,255,255,255,255,255,255,255,255,255,255,255,255,255,255,255,255,254,218,13,0,90,250,254,255,255,255,210,24,51,224,87,0,0,0,0,0,0,0,0,13,175,114,1,85,247,255,255,255,255,
255,255,255,255,255,255,255,255,255,255,255,255,255,255,255,255,255,255,255,255,255,255,255,255,255,255,255,254,248,85,0,57,244,254,255,255,254,206,19,42,182,24,0,0,0,0,0,0,0,0,0,90,179,15,15,188,254,255,255,255,
255,255,255,255,255,255,255,255,255,255,255,255,255,255,255,255,255,255,255,255,255,255,255,255,255,255,255,255,252,124,6,186,253,255,255,255,254,202,19,34,168,18,0,0,0,0,0,0,0,0,0,84,213,44,0,108,251,255,255,255,
255,255,255,255,255,255,255,255,255,255,255,255,255,255,255,255,255,255,255,255,255,255,255,255,255,255,255,254,214,23,0,158,253,255,255,255,254,187,14,28,86,3,0,0,0,0,0,0,0,4,61,198,238,102,66,142,249,255,255,255,
255,255,255,255,255,255,255,255,255,255,255,255,255,255,255,255,255,255,255,255,255,255,255,255,255,255,255,254,200,12,0,154,253,241,151,145,170,131,5,44,181,26,0,0,2,0,0,0,0,17,201,254,255,254,254,255,255,255,255,255,
255,255,255,255,255,255,255,255,255,255,255,255,255,255,255,255,255,255,255,255,255,255,255,255,255,255,255,255,231,25,0,128,253,255,226,150,105,35,0,2,16,2,0,0,0,0,0,0,0,10,187,255,255,255,255,255,255,255,255,255,
255,255,255,255,255,255,255,255,255,255,255,255,255,255,255,255,255,255,255,255,255,255,255,255,255,255,255,254,169,1,7,200,254,255,255,255,250,92,0,30,21,0,28,163,58,0,0,0,0,2,161,255,255,255,255,255,255,255,255,255,
255,255,255,255,255,255,255,255,255,255,255,255,255,255,255,255,255,255,255,255,255,255,255,255,255,255,255,254,126,0,1,166,252,255,255,255,241,65,0,0,0,1,126,253,184,19,0,0,0,0,110,253,255,255,255,255,255,255,255,255,
255,255,255,255,255,255,255,255,255,255,255,255,255,255,255,255,255,255,255,255,255,255,255,255,255,255,255,253,92,0,0,92,251,255,255,255,242,82,21,0,0,55,231,253,167,11,0,0,0,0,61,241,255,255,255,255,255,255,255,255,
255,255,255,255,255,255,255,255,255,255,255,255,255,255,255,255,255,255,255,255,255,255,255,255,255,255,255,251,70,0,0,35,239,255,255,255,254,218,50,0,19,191,252,183,23,0,0,0,0,0,26,214,255,255,255,255,255,255,255,255,
255,255,255,255,255,255,255,255,255,255,255,255,255,255,255,254,255,255,255,255,255,255,255,255,255,255,255,246,47,0,0,11,216,255,255,254,252,135,3,4,137,252,189,25,0,0,0,0,0,0,5,172,255,255,255,255,255,255,255,255,
255,255,255,255,255,255,255,255,255,255,255,255,255,255,255,255,255,255,255,255,255,255,255,255,255,255,255,233,25,0,0,2,188,254,254,246,187,44,0,81,240,220,44,0,0,0,0,0,0,0,0,95,249,255,255,255,255,255,255,255,
255,255,255,255,255,255,255,255,255,255,255,255,255,255,255,255,255,255,255,255,255,255,255,255,255,254,255,233,24,0,0,0,150,252,196,65,3,4,105,236,241,90,1,0,0,0,0,0,0,0,0,59,233,254,255,255,255,255,255,255,
255,255,255,255,255,255,255,255,255,255,255,255,255,255,255,255,255,255,255,255,255,255,255,255,255,255,255,233,22,0,0,0,96,141,21,0,3,113,248,254,226,57,0,0,0,0,0,0,0,0,0,54,237,255,255,255,255,255,255,255,
255,255,255,255,254,255,255,255,255,255,255,255,255,255,255,255,255,255,255,255,255,255,255,255,255,255,255,223,14,0,0,3,11,4,0,60,195,252,254,254,176,10,0,0,0,0,0,0,0,0,0,34,222,255,255,255,255,255,255,255,
255,255,255,255,255,255,255,255,255,255,255,255,255,255,255,255,255,255,255,255,255,255,255,255,255,255,255,247,183,85,31,190,88,25,24,196,254,254,255,243,75,0,0,0,0,0,0,0,0,0,0,20,205,255,255,255,255,255,255,255,
255,255,255,255,255,255,255,255,255,255,255,255,255,255,255,255,255,255,255,255,255,255,255,255,255,255,255,252,193,68,18,218,246,189,188,217,255,255,254,194,16,0,0,0,0,0,0,0,0,0,0,9,186,255,255,255,255,255,255,255,
255,255,255,255,255,255,255,255,255,255,255,255,255,255,255,255,255,255,255,255,255,255,255,255,255,255,255,247,125,50,53,120,186,249,254,255,255,255,250,110,0,0,0,0,0,0,0,0,0,0,0,3,164,255,255,255,255,255,255,255,
255,255,255,255,255,255,255,255,255,255,255,255,255,255,255,255,255,255,255,255,255,255,255,255,255,255,255,253,248,243,241,241,247,252,254,255,255,254,231,45,0,0,0,0,0,0,0,0,0,0,0,0,137,254,255,255,255,255,255,255,
255,254,255,255,255,255,255,255,255,255,255,255,255,255,255,255,255,255,255,255,255,255,255,255,255,255,255,255,255,255,255,255,255,255,255,255,255,255,216,27,0,0,0,0,0,0,0,0,0,0,0,0,107,253,255,255,255,255,255,255,
255,255,255,255,255,255,255,255,255,255,255,255,255,255,255,255,255,255,255,255,255,255,255,255,255,255,255,255,255,255,255,255,255,255,255,255,255,255,193,13,0,0,0,0,0,0,0,0,0,0,0,0,76,246,255,255,255,255,255,255,
255,255,255,255,255,255,255,255,255,255,255,255,255,255,255,255,255,255,255,255,255,255,255,255,255,255,255,255,255,255,255,255,255,255,255,255,255,254,176,7,0,0,0,0,0,0,0,0,0,0,0,0,47,231,255,255,255,255,255,255,
255,255,255,255,255,255,255,255,255,255,255,255,255,255,255,255,255,255,255,255,255,255,255,255,255,255,255,255,255,255,255,255,255,255,255,255,255,255,171,5,0,0,0,0,0,0,0,0,0,0,0,0,21,208,255,255,255,255,255,255,
255,255,255,255,255,255,255,255,255,255,255,255,255,255,255,255,255,255,255,255,255,255,255,255,255,255,255,255,255,255,255,255,255,255,255,255,255,255,171,6,0,0,0,0,0,0,0,0,0,0,0,0,7,174,254,255,255,255,255,255,
255,255,255,255,255,255,255,255,255,255,255,255,255,255,255,255,255,255,255,255,255,255,255,255,255,255,255,255,255,255,255,255,255,255,255,255,255,254,178,7,0,0,0,0,0,0,0,0,0,0,0,0,0,122,252,255,255,255,255,255,
255,255,255,255,255,255,255,255,255,255,255,255,255,255,255,255,255,255,255,255,255,255,254,255,255,255,255,255,255,255,255,255,255,255,255,255,255,255,198,16,0,0,0,0,0,0,0,0,0,0,0,0,0,62,233,255,255,255,255,255,
255,255,255,255,255,255,255,255,255,255,255,255,255,255,255,255,255,255,255,255,255,255,255,255,255,255,255,255,255,255,255,255,255,255,255,255,255,255,222,33,0,0,0,0,0,0,0,0,0,0,0,0,0,13,163,251,255,255,255,255,
255,255,255,255,255,255,255,255,255,255,255,255,255,255,255,255,255,255,255,255,255,255,255,255,255,255,255,255,255,255,255,255,255,255,255,255,255,255,242,65,0,0,0,0,0,0,0,0,0,0,0,0,0,0,64,223,254,255,255,255,
255,255,255,255,255,255,255,255,255,255,255,255,255,255,255,255,255,255,255,255,255,255,255,255,255,255,255,255,255,255,255,255,255,255,255,255,255,255,253,112,0,0,0,0,0,0,0,0,0,0,0,0,0,0,12,154,251,255,255,255,
255,255,255,255,255,255,255,255,255,255,255,255,255,255,255,255,255,255,255,255,255,255,255,255,255,255,255,255,255,255,255,255,255,255,255,255,255,255,254,164,4,0,0,0,0,0,0,0,0,0,0,0,0,0,10,154,252,255,255,255,
