255,255,255,255,255,255,255,255,255,255,255,255,255,255,255,255,255,255,255,255,255,255,255,255,255,255,255,255,255,255,255,255,255,255,255,255,255,255,255,255,255,255,255,255,255,255,255,255,255,255,255,255,255,255,255,255,255,255,255,255,
255,255,255,255,255,255,255,255,255,255,255,255,255,255,255,255,255,255,255,255,255,255,255,255,255,255,255,255,255,255,255,255,255,255,255,255,255,255,255,255,255,255,255,255,255,255,255,255,255,255,255,255,255,255,255,255,255,255,255,255,
255,255,255,255,255,255,255,255,255,255,255,255,255,255,255,255,255,255,255,255,255,255,255,255,255,255,255,255,255,255,255,255,255,255,255,255,255,255,255,255,255,255,255,255,255,255,255,255,255,255,255,255,255,255,255,255,255,255,255,255,
255,255,255,255,255,255,255,255,255,255,255,255,255,255,255,255,255,255,255,255,255,255,255,255,255,255,255,255,255,255,255,255,255,255,255,255,255,255,255,255,255,255,255,255,255,255,255,255,255,255,255,255,255,255,255,255,255,255,255,255,
255,255,255,255,255,255,255,255,255,255,255,255,255,255,255,255,255,255,255,255,255,255,255,255,255,255,255,255,255,255,255,255,255,255,255,255,255,255,255,255,255,255,255,255,255,255,255,255,255,255,255,255,255,255,255,255,255,255,255,255,
255,255,255,255,255,255,255,255,255,255,255,255,255,255,255,255,255,255,255,255,255,255,255,255,255,255,255,255,255,255,255,255,255,255,255,255,255,255,255,255,255,255,255,255,255,255,255,255,255,255,255,254,255,255,255,255,255,255,255,255,
255,255,255,255,255,255,255,255,255,255,255,255,255,255,255,255,255,255,255,255,255,255,255,255,255,255,255,255,255,255,255,255,255,255,255,255,255,255,255,255,255,255,255,255,255,255,255,255,255,255,255,255,255,255,255,255,255,255,255,255,
255,255,255,255,255,255,255,255,255,255,255,255,255,255,255,255,255,255,255,255,255,255,255,254,255,255,255,255,255,255,255,255,255,255,255,255,255,255,255,255,255,255,255,255,255,255,255,255,255,255,255,255,255,255,255,255,255,255,255,255,
255,255,255,255,255,255,255,255,255,255,255,255,255,255,255,254,253,250,235,186,196,252,255,254,255,255,255,255,255,255,255,255,255,255,255,255,255,255,255,255,255,255,255,255,255,255,255,255,255,255,255,255,255,255,255,255,255,255,255,255,
255,255,255,255,255,255,255,255,255,255,255,255,255,255,255,255,119,26,6,0,0,62,248,255,255,255,255,255,255,255,255,255,255,255,255,255,255,255,255,255,255,255,255,255,255,255,255,255,255,255,255,255,255,255,255,255,255,255,255,255,
255,255,255,255,255,255,255,255,255,255,255,255,255,255,255,254,103,0,0,0,0,0,84,250,255,255,255,255,255,255,255,255,255,255,255,255,255,255,255,255,255,255,255,255,255,255,255,255,255,255,255,255,255,255,255,255,255,255,255,255,
255,255,255,255,255,255,255,255,255,255,255,255,255,255,255,254,30,0,0,0,0,0,0,206,255,255,255,255,255,255,255,255,255,255,255,255,255,255,255,255,255,255,255,255,255,255,255,255,255,255,255,255,255,255,255,255,255,255,255,255,
255,255,255,255,255,255,255,255,255,255,255,255,255,255,255,255,100,6,0,0,0,0,0,86,254,255,255,255,255,255,255,255,255,255,255,255,255,255,255,255,255,255,255,255,255,255,255,255,255,255,255,255,255,255,255,255,255,255,255,255,
255,255,255,255,255,255,255,255,255,255,255,255,255,255,255,255,243,71,0,0,0,0,0,13,229,255,255,255,255,255,254,255,255,255,255,255,255,255,255,255,255,255,255,255,255,255,255,255,255,255,255,255,255,255,255,255,255,255,255,255,
255,255,255,255,255,255,255,255,255,255,255,255,255,255,255,255,254,130,0,0,0,0,0,74,254,255,255,255,255,255,255,255,255,255,255,255,255,254,255,255,255,255,255,255,255,255,255,255,255,255,255,255,255,255,255,255,255,255,255,255,
255,255,255,255,255,255,255,255,255,255,255,255,255,255,255,255,255,242,36,0,0,0,11,238,255,254,255,255,255,255,255,255,255,255,255,255,255,254,255,255,255,255,255,255,255,255,255,255,255,255,255,255,255,255,255,255,255,255,255,255,
255,255,255,255,255,255,255,255,255,255,255,255,255,255,255,255,255,132,0,0,0,121,234,251,255,255,254,254,255,255,255,255,255,255,255,255,255,255,255,255,255,255,255,255,255,255,255,255,255,255,255,255,255,255,255,255,255,255,255,255,
255,255,255,255,255,255,255,255,255,255,255,255,255,255,255,255,246,97,0,0,0,57,254,255,255,255,255,255,255,255,255,255,255,255,255,255,255,255,255,251,197,212,254,255,255,255,255,255,255,255,255,255,255,255,255,255,255,255,255,255,
255,255,255,255,255,255,255,255,255,255,255,255,255,255,255,254,90,0,0,0,0,0,219,255,255,255,255,255,255,255,255,255,255,255,255,255,255,229,116,18,0,13,251,255,255,255,255,255,255,255,255,255,255,255,255,255,255,255,255,255,
255,255,255,255,255,255,255,255,255,255,255,255,255,255,255,192,0,0,0,0,0,0,189,255,255,255,255,254,255,255,255,255,255,255,255,255,255,84,0,0,0,14,229,254,254,254,255,255,255,255,255,255,255,255,255,255,255,255,255,255,
255,255,255,255,255,255,255,255,255,255,255,255,255,255,254,91,0,0,0,0,0,6,248,255,255,255,255,255,255,255,255,255,255,255,255,255,255,174,0,0,0,0,21,10,7,38,184,255,255,255,255,255,255,255,255,255,255,255,255,255,
255,255,255,255,255,255,255,255,255,255,255,255,255,255,255,187,7,0,0,0,0,2,218,255,255,255,255,255,255,255,255,255,255,255,255,255,255,242,8,0,0,0,0,0,0,0,18,253,255,255,255,255,255,255,255,255,255,255,255,255,
255,255,255,255,255,255,255,255,255,255,255,255,255,255,255,254,126,0,0,0,0,0,198,255,255,255,255,255,255,255,254,255,255,255,255,254,198,31,0,0,0,0,0,0,0,0,77,255,255,255,255,255,255,255,255,255,255,255,255,255,
255,255,255,255,255,255,255,255,255,255,255,255,255,255,255,255,102,0,0,0,0,0,118,255,255,255,255,255,254,244,154,185,142,245,255,210,10,0,0,0,0,0,0,0,0,89,243,255,255,255,254,242,254,250,255,255,255,255,255,255,
255,255,255,255,255,255,255,255,255,255,255,255,255,255,255,253,48,0,0,0,0,0,97,255,255,255,254,255,157,58,13,0,0,24,138,89,0,0,0,0,0,0,0,0,13,190,254,254,253,200,96,5,40,118,178,253,255,255,255,255,
255,255,255,255,255,255,255,255,255,255,255,255,255,255,255,154,0,0,0,0,0,27,231,255,255,254,254,255,254,198,124,65,0,0,0,0,0,0,0,0,0,0,0,4,118,142,194,100,17,0,0,0,0,2,39,241,255,255,255,255,
255,255,255,255,255,255,255,255,255,255,255,255,255,255,254,92,0,0,0,0,2,194,254,255,255,255,255,255,255,255,254,140,57,45,30,8,0,0,16,35,0,0,0,10,144,40,0,0,0,6,12,8,48,177,232,254,255,255,255,255,
255,255,255,255,255,255,255,254,255,255,255,255,255,255,250,25,0,0,0,0,4,195,255,255,255,255,255,255,255,255,255,254,253,254,254,251,202,109,14,0,0,0,0,0,0,29,115,187,226,240,239,226,232,254,255,255,255,255,255,255,
255,255,255,255,255,255,255,255,255,255,255,255,255,255,224,0,0,0,0,0,0,52,250,255,255,255,255,255,255,255,255,255,255,255,255,255,255,255,242,139,7,0,0,0,31,252,254,255,255,255,255,255,255,255,255,255,255,255,255,255,
255,255,255,255,254,255,255,255,255,255,255,255,255,255,176,0,0,0,0,0,0,11,240,255,255,255,255,255,255,255,255,255,255,255,255,255,255,255,255,254,42,0,0,0,0,212,255,255,255,255,255,255,255,255,255,254,254,254,255,255,
255,255,255,255,255,255,255,255,255,255,255,255,255,255,110,0,0,0,0,0,0,0,164,254,255,255,255,254,255,255,255,255,255,255,255,255,255,255,255,255,138,0,0,0,0,156,255,255,255,255,255,255,255,255,255,255,255,255,255,255,
255,255,255,255,255,255,255,255,255,255,255,255,255,255,82,0,0,0,0,0,0,0,88,254,255,255,255,255,255,255,255,255,255,255,255,255,255,255,255,255,245,21,0,0,0,122,255,255,255,255,255,255,255,255,255,255,255,255,255,255,
255,255,255,255,255,255,255,255,255,255,255,255,255,254,44,0,0,0,0,0,0,0,19,251,255,255,255,255,255,255,255,255,255,255,255,255,255,255,255,255,254,91,0,0,0,80,254,255,255,255,255,255,255,254,255,255,255,255,255,255,
255,255,255,255,255,255,255,255,255,255,255,255,255,252,10,0,0,0,0,0,0,0,0,201,255,255,255,255,255,255,255,255,255,255,255,255,255,255,255,255,254,44,0,0,0,15,249,255,255,255,255,255,255,255,255,255,255,255,255,255,
255,254,255,255,255,255,255,255,255,255,255,255,255,227,0,0,0,0,0,0,0,0,0,139,255,255,255,255,255,255,255,255,255,255,255,255,255,255,255,255,244,21,0,0,0,9,246,255,255,255,255,255,255,255,255,255,255,255,255,255,
255,255,255,255,255,255,255,255,255,255,255,255,255,194,0,0,0,0,0,0,0,0,0,83,254,255,255,255,255,255,255,255,255,255,255,255,255,255,255,255,151,0,0,0,0,0,204,255,255,255,255,255,255,255,255,255,255,255,255,255,
255,255,255,255,255,255,255,255,255,255,255,255,255,157,0,0,0,0,0,0,0,0,0,40,254,255,255,255,255,255,255,255,255,255,255,255,255,255,255,254,61,0,0,0,0,0,153,255,255,255,255,255,255,255,255,255,255,255,255,255,
255,255,255,255,255,255,255,255,255,255,255,255,255,116,0,0,0,0,0,0,0,0,0,7,251,255,254,255,255,255,255,255,255,255,255,255,255,255,255,240,4,0,0,0,0,0,112,255,255,255,255,255,255,255,255,255,255,255,255,255,
255,255,255,255,255,255,255,255,255,255,255,255,254,80,0,0,0,0,0,0,0,0,0,0,229,255,255,255,255,255,255,255,255,255,255,255,255,255,255,178,0,0,0,0,0,0,71,254,255,255,255,255,255,255,255,255,255,255,255,255,
255,255,255,255,255,255,255,255,255,255,255,255,254,43,0,0,0,0,0,0,0,0,0,0,200,255,255,255,255,255,255,255,255,255,255,255,255,255,255,105,0,0,0,0,0,0,30,254,255,255,255,255,255,255,255,255,255,255,255,255,
255,255,255,255,255,255,255,255,255,255,255,255,254,12,0,0,0,0,0,0,0,0,0,0,163,255,255,255,255,255,255,255,255,255,255,255,255,255,252,28,0,0,0,0,0,0,0,227,255,255,255,255,255,255,255,255,255,255,255,255,
255,255,255,255,255,255,255,255,255,255,255,255,239,0,0,0,0,0,0,0,0,0,0,0,121,255,255,255,255,255,255,255,255,255,255,255,255,255,188,0,0,0,0,0,0,0,0,121,254,255,255,255,255,255,255,255,254,255,255,255,
255,255,255,255,255,255,255,255,255,255,255,255,213,0,0,0,0,0,0,0,0,0,0,0,81,254,255,255,254,255,255,255,255,255,255,255,255,255,127,0,0,0,0,0,0,0,0,23,251,255,255,255,255,255,255,255,255,255,255,255,
255,255,255,255,255,255,255,255,255,255,255,255,185,0,0,0,0,0,0,0,0,0,0,0,33,254,255,255,255,255,255,255,255,255,255,255,255,255,250,170,94,40,0,0,0,60,164,241,254,255,255,255,255,255,255,255,255,255,255,255,
255,255,255,255,255,255,255,255,255,255,255,255,152,0,0,0,0,0,0,0,0,0,0,0,1,240,255,255,255,255,255,255,255,255,255,255,255,255,255,255,254,193,0,0,0,168,255,255,255,255,255,255,255,255,255,255,255,255,255,255,
