255,255,255,255,255,255,255,255,255,255,255,255,255,255,255,255,255,255,255,255,255,255,255,255,255,255,255,255,255,255,255,255,255,255,255,255,255,255,255,255,255,255,255,255,255,255,255,255,255,255,255,255,255,255,255,255,255,255,255,255,
255,255,255,255,255,255,255,255,255,255,255,255,255,255,255,255,255,255,255,255,255,255,255,255,255,255,255,255,255,255,255,255,255,255,255,255,255,255,255,255,255,255,255,255,255,255,255,255,255,255,255,255,255,255,255,255,255,255,255,255,
255,255,255,255,255,255,255,255,255,255,255,255,255,255,255,255,255,255,255,255,255,255,255,255,255,255,255,255,255,255,255,255,255,255,255,255,255,255,255,255,255,255,255,255,255,255,255,255,255,255,255,255,255,255,255,255,255,255,255,255,
255,255,255,255,255,255,255,255,255,255,255,255,255,255,255,255,255,255,255,255,255,255,255,255,255,255,255,255,255,255,255,255,255,255,255,255,255,255,255,255,255,255,255,255,255,255,255,255,255,255,255,255,255,255,255,255,255,255,255,255,
255,255,255,255,255,255,255,255,255,255,255,255,255,255,255,255,255,255,255,255,255,255,255,255,255,255,255,255,255,255,255,255,255,255,255,255,255,255,255,255,255,255,255,255,255,255,255,255,255,255,255,255,255,255,255,255,255,255,255,255,
255,255,255,255,255,255,255,255,255,255,255,255,255,255,255,255,255,255,255,255,255,255,255,255,255,255,255,255,255,255,255,255,255,255,255,255,255,255,255,255,255,255,255,255,255,255,255,255,255,255,255,254,255,255,255,255,255,255,255,255,
255,255,255,255,255,255,255,255,255,255,255,255,255,255,255,255,255,255,255,255,255,255,255,255,255,255,255,255,255,255,255,255,255,255,255,255,255,255,255,255,255,255,255,255,255,255,255,255,255,255,255,255,255,255,255,255,255,255,255,255,
255,255,255,255,255,255,255,255,255,255,255,255,255,255,255,255,255,255,255,255,255,255,255,255,255,255,255,255,255,255,255,255,255,255,255,255,255,255,255,255,255,255,255,255,255,255,255,255,255,255,255,255,255,255,255,255,255,255,255,255,
255,255,255,255,255,255,255,255,255,255,255,255,255,255,255,254,244,222,240,214,250,255,255,255,255,255,255,255,255,255,255,255,255,255,255,255,255,255,255,255,255,255,255,255,255,255,255,255,255,255,255,255,255,255,255,255,255,255,255,255,
255,255,255,255,255,255,255,255,255,255,255,255,255,255,255,255,114,13,4,0,29,199,254,255,255,255,255,255,255,255,255,255,255,255,255,255,255,255,255,255,255,255,255,255,255,255,255,255,255,255,255,255,255,255,255,255,255,255,255,255,
255,255,255,255,255,255,255,255,255,255,255,255,255,255,255,237,12,0,0,0,0,14,193,255,255,255,255,255,255,255,255,255,255,255,255,255,255,255,255,255,255,255,255,255,255,255,255,255,255,255,255,255,255,255,255,255,255,255,255,255,
255,255,255,255,255,255,255,255,255,255,255,255,255,255,255,203,0,0,0,0,0,0,67,254,255,255,255,255,255,255,255,255,255,255,255,255,255,255,255,255,255,255,255,255,255,255,255,255,255,255,255,255,255,255,255,255,255,255,255,255,
255,255,255,255,255,255,255,255,255,255,255,255,255,255,255,235,10,0,0,0,0,0,0,163,255,255,255,255,255,255,255,255,255,255,255,255,255,255,255,255,255,255,255,255,255,255,255,255,255,255,255,255,255,255,255,255,255,255,255,255,
255,255,255,255,255,255,255,255,255,255,255,255,255,255,255,255,63,0,0,0,0,0,0,103,254,255,255,255,255,255,254,255,255,255,255,255,255,255,255,255,255,255,255,255,255,255,255,255,255,255,255,255,255,255,255,255,255,255,255,255,
255,255,255,255,255,255,255,255,255,255,255,255,255,255,255,255,62,0,0,0,0,1,0,135,254,255,255,255,255,255,255,255,255,255,255,255,255,254,255,255,255,255,255,255,255,255,255,255,255,255,255,255,255,255,255,255,255,255,255,255,
255,255,255,255,255,255,255,255,255,255,255,255,255,255,255,255,196,112,0,0,14,60,78,225,255,254,255,255,255,255,255,255,255,255,255,255,255,254,255,255,255,255,255,255,255,255,255,255,255,255,255,255,255,255,255,255,255,255,255,255,
255,255,255,255,255,255,255,255,255,255,255,255,255,255,255,255,252,27,0,0,22,242,253,254,255,255,254,254,255,255,255,255,255,255,255,255,255,255,255,255,255,255,255,255,255,255,255,255,255,255,255,255,255,255,255,255,255,255,255,255,
255,255,255,255,255,255,255,255,255,255,255,255,255,255,255,255,217,30,0,0,0,203,255,255,255,255,255,255,255,255,255,255,255,255,255,255,255,255,255,254,254,241,255,255,255,255,255,255,255,255,255,255,255,255,255,255,255,255,255,255,
255,255,255,255,255,255,255,255,255,255,255,255,255,255,255,227,26,0,0,0,0,104,254,255,255,255,255,255,255,255,255,255,255,255,255,255,255,255,227,119,37,0,152,255,255,255,255,255,255,255,255,255,255,255,255,255,255,255,255,255,
255,255,255,255,255,255,255,255,255,255,255,255,255,255,254,86,0,0,0,0,0,50,254,255,255,255,255,254,255,255,255,255,255,255,255,255,255,231,13,0,0,0,120,254,254,255,255,255,255,255,255,255,255,255,255,255,255,255,255,255,
255,255,255,255,255,255,255,255,255,255,255,255,255,255,240,3,0,0,0,0,0,109,254,255,255,255,255,255,255,255,255,255,255,255,255,255,255,240,50,0,0,0,0,10,27,88,215,254,255,255,255,255,255,255,255,255,255,255,255,255,
255,255,255,255,255,255,255,255,255,255,255,255,255,255,254,65,0,0,0,0,0,92,254,255,255,255,255,255,255,255,255,255,255,255,255,255,254,166,28,0,0,0,0,0,0,0,22,236,255,255,255,255,255,255,255,255,255,255,255,255,
255,255,255,255,255,255,255,255,255,255,255,255,255,255,255,249,10,0,0,0,0,129,255,255,255,255,255,255,255,255,254,254,255,255,255,254,103,0,0,0,0,0,0,0,0,0,0,177,255,255,255,255,255,255,255,255,255,255,255,255,
255,255,255,255,255,255,255,255,255,255,255,255,255,255,255,241,2,0,0,0,0,92,255,255,255,255,255,255,255,255,255,255,255,255,255,187,0,0,0,0,0,0,0,0,0,0,41,244,255,255,255,255,255,255,255,255,255,255,255,255,
255,255,255,255,255,255,255,255,255,255,255,255,255,255,255,185,0,0,0,0,0,66,254,255,255,255,254,255,255,255,255,255,255,255,254,136,0,0,0,0,0,0,0,0,0,74,232,255,255,255,255,255,255,255,255,255,255,255,255,255,
255,255,255,255,255,255,255,255,255,255,255,255,255,255,247,44,0,0,0,0,0,130,255,255,255,254,254,255,255,255,255,255,255,255,255,205,15,0,0,0,0,0,0,0,96,254,255,255,255,255,255,255,255,255,255,255,255,255,255,255,
255,255,255,255,255,255,255,255,255,255,255,255,255,255,223,0,0,0,0,0,21,242,255,255,255,255,255,255,255,255,255,255,252,246,255,255,237,170,141,71,0,0,0,0,125,255,255,255,255,255,255,254,255,254,255,255,255,255,255,255,
255,255,255,255,255,255,255,254,255,255,255,255,255,255,154,0,0,0,0,0,67,254,255,255,255,255,255,255,255,255,252,198,167,123,213,254,254,234,177,65,0,0,0,0,12,144,241,254,255,250,182,205,225,242,254,255,255,255,255,255,
255,255,255,255,255,255,255,255,255,255,255,255,255,247,53,0,0,0,0,0,1,203,255,255,255,255,255,255,255,253,178,109,43,11,27,136,94,23,0,10,1,0,0,0,0,0,60,188,223,110,27,87,102,179,238,255,255,255,255,255,
255,255,255,255,254,255,255,255,255,255,255,255,255,169,4,0,0,0,0,0,0,141,255,255,255,255,255,255,255,255,190,70,1,0,0,1,0,43,159,245,18,0,0,0,7,48,0,33,36,0,0,0,7,94,223,254,254,254,255,255,
255,255,255,255,255,255,255,255,255,255,255,255,255,209,6,0,0,0,0,0,0,53,254,254,255,255,255,254,255,255,218,75,54,0,0,1,109,250,254,254,77,0,0,0,0,203,49,0,0,0,0,12,50,85,248,255,255,255,255,255,
255,255,255,255,255,255,255,255,255,255,255,255,255,228,0,0,0,0,0,0,0,1,229,255,255,255,255,255,255,255,255,252,254,192,187,214,254,255,255,255,183,0,0,0,0,182,237,121,108,147,184,215,235,250,254,255,255,255,255,255,
255,255,255,255,255,255,255,255,255,255,255,255,255,198,0,0,0,0,0,0,0,0,159,254,255,255,255,255,255,255,255,255,255,255,255,255,255,255,255,255,250,9,0,0,0,145,255,254,255,255,255,255,255,255,255,255,255,255,255,255,
255,255,255,255,255,255,255,255,255,255,255,255,255,167,0,0,0,0,0,0,0,0,87,254,255,255,255,255,255,255,255,255,255,255,255,255,255,255,255,255,221,0,0,0,0,72,254,255,255,255,255,255,255,255,255,255,255,255,255,255,
255,254,255,255,255,255,255,255,255,255,255,255,255,137,0,0,0,0,0,0,0,0,26,254,255,255,255,255,255,255,255,255,255,255,255,255,255,255,255,255,209,0,0,0,0,60,254,255,255,255,255,255,255,255,255,255,255,255,255,255,
255,255,255,255,255,255,255,255,255,255,255,255,255,107,0,0,0,0,0,0,0,0,0,220,254,255,255,255,255,255,255,255,255,255,255,255,255,255,255,255,106,0,0,0,0,17,251,255,255,255,255,255,255,255,255,255,255,255,255,255,
255,255,255,255,255,255,255,255,255,255,255,255,254,75,0,0,0,0,0,0,0,0,0,182,255,255,255,255,255,255,255,255,255,255,255,255,255,255,255,253,24,0,0,0,0,0,213,255,255,255,255,255,255,255,255,255,255,255,255,255,
255,255,255,255,255,255,255,255,255,255,255,255,254,38,0,0,0,0,0,0,0,0,0,148,255,255,254,255,255,255,255,255,255,255,255,255,255,255,255,211,0,0,0,0,0,0,170,255,255,255,255,255,255,255,255,255,255,255,255,255,
255,255,255,255,255,255,255,255,255,255,255,255,252,5,0,0,0,0,0,0,0,0,0,113,255,255,255,255,255,255,255,255,255,255,255,255,255,255,255,154,0,0,0,0,0,0,124,255,255,255,254,255,255,255,255,255,255,255,255,255,
255,255,255,255,255,255,255,255,255,255,255,255,231,0,0,0,0,0,0,0,0,0,0,80,255,255,255,255,255,255,255,255,255,255,255,255,255,255,255,102,0,0,0,0,0,0,86,255,255,255,255,255,255,255,255,255,255,255,255,255,
255,255,255,255,255,255,255,255,255,255,255,255,218,0,0,0,0,0,0,0,0,0,0,42,254,255,255,255,255,255,255,255,255,255,255,255,255,255,254,38,0,0,0,0,0,0,48,254,255,255,255,255,255,255,255,255,255,255,255,255,
255,255,255,255,255,255,255,255,255,255,255,255,202,0,0,0,0,0,0,0,0,0,0,6,249,255,255,255,255,255,255,255,255,255,255,255,255,255,223,0,0,0,0,0,0,0,5,243,255,255,255,255,255,255,255,255,254,255,255,255,
255,255,255,255,255,255,255,255,255,255,255,255,191,0,0,0,0,0,0,0,0,0,0,0,210,255,255,255,254,255,255,255,255,255,255,255,255,255,145,0,0,0,0,0,0,0,0,158,255,255,255,255,255,255,255,255,255,255,255,255,
255,255,255,255,255,255,255,255,255,255,255,255,169,0,0,0,0,0,0,0,0,0,0,0,165,255,255,255,255,255,255,255,255,255,255,255,255,255,235,135,76,18,0,0,0,37,111,200,255,255,255,255,255,255,255,255,255,255,255,255,
255,255,255,255,255,255,255,255,255,255,255,255,141,0,0,0,0,0,0,0,0,0,0,0,116,255,255,255,255,255,255,255,255,255,255,255,255,255,255,255,255,127,0,0,0,167,255,254,255,255,255,255,255,255,255,255,255,255,255,255,
