255,255,255,255,255,255,255,255,255,255,255,255,255,255,255,255,255,255,255,255,255,255,255,255,255,255,255,255,255,255,255,255,255,255,255,255,255,255,255,255,255,255,255,255,255,255,255,255,255,255,255,255,255,255,255,255,255,255,255,255,
255,255,255,255,255,255,255,255,255,255,255,255,255,255,255,255,255,255,255,255,255,255,255,255,255,255,255,255,255,255,255,255,255,255,255,255,255,255,255,255,255,255,255,255,255,255,255,255,255,255,255,255,255,255,255,255,255,255,255,255,
255,255,255,255,255,255,255,255,255,255,255,255,255,255,255,255,255,255,255,255,255,255,255,255,255,255,255,255,255,255,255,255,255,255,255,255,255,255,255,255,255,255,255,255,255,255,255,255,255,255,255,255,255,255,255,255,255,255,255,255,
255,255,255,255,255,255,255,255,255,255,255,255,255,255,255,255,255,255,255,255,255,255,255,255,255,255,255,255,255,255,255,255,255,255,255,255,255,255,255,255,255,255,255,255,255,255,255,255,255,255,255,255,255,255,255,255,255,255,255,255,
255,255,255,255,255,255,255,255,255,255,255,255,255,255,255,255,255,255,255,255,255,255,255,255,255,255,255,255,255,255,255,255,255,255,255,255,255,255,255,255,255,255,255,255,255,255,255,255,255,255,255,255,255,255,255,255,255,255,255,255,
255,255,255,255,255,255,255,255,255,255,255,255,255,255,255,255,255,255,255,255,255,255,255,255,255,255,255,255,255,255,255,255,255,255,255,255,255,255,255,255,255,255,255,255,255,255,255,255,255,255,255,254,255,255,255,255,255,255,255,255,
255,255,255,255,255,255,255,255,255,255,255,255,255,255,255,255,255,255,255,255,255,255,255,255,255,255,255,255,255,255,255,255,255,255,255,255,255,255,255,255,255,255,255,255,255,255,255,255,255,255,255,255,255,255,255,255,255,255,255,255,
255,255,255,255,255,255,255,255,255,255,255,255,255,255,255,255,255,255,255,255,255,255,255,255,255,255,255,255,255,255,255,255,255,255,255,255,255,255,255,255,255,255,255,255,255,255,255,255,255,255,255,255,255,255,255,255,255,255,255,255,
255,255,255,255,255,255,255,255,255,255,255,255,255,255,255,254,244,225,236,254,254,255,255,255,255,255,255,255,255,255,255,255,255,255,255,255,255,255,255,255,255,255,255,255,255,255,255,255,255,255,255,255,255,255,255,255,255,255,255,255,
255,255,255,255,255,255,255,255,255,255,255,255,255,255,255,254,123,11,3,28,128,253,254,255,255,255,255,255,255,255,255,255,255,255,255,255,255,255,255,255,255,255,255,255,255,255,255,255,255,255,255,255,255,255,255,255,255,255,255,255,
255,255,255,255,255,255,255,255,255,255,255,255,255,255,255,239,6,0,0,0,0,132,254,255,255,255,255,255,255,255,255,255,255,255,255,255,255,255,255,255,255,255,255,255,255,255,255,255,255,255,255,255,255,255,255,255,255,255,255,255,
255,255,255,255,255,255,255,255,255,255,255,255,255,255,255,198,0,0,0,0,0,0,196,255,255,255,255,255,255,255,255,255,255,255,255,255,255,255,255,255,255,255,255,255,255,255,255,255,255,255,255,255,255,255,255,255,255,255,255,255,
255,255,255,255,255,255,255,255,255,255,255,255,255,255,254,69,0,0,0,0,0,0,158,255,255,255,255,255,255,255,255,255,255,255,255,255,255,255,255,255,255,255,255,255,255,255,255,255,255,255,255,255,255,255,255,255,255,255,255,255,
255,255,255,255,255,255,255,255,255,255,255,255,255,255,190,0,0,0,0,0,0,0,80,254,254,255,255,255,255,255,254,255,255,255,255,255,255,255,255,255,255,255,255,255,255,255,255,255,255,255,255,255,255,255,255,255,255,255,255,255,
255,255,255,255,255,255,255,255,255,255,255,255,255,255,228,66,0,0,0,0,0,0,19,254,255,255,255,255,255,255,255,255,255,255,255,255,255,254,255,255,255,255,255,255,255,255,255,255,255,255,255,255,255,255,255,255,255,255,255,255,
255,255,255,255,255,255,255,255,255,255,255,255,255,255,255,252,151,17,0,4,18,2,75,254,255,254,255,255,255,255,255,255,255,255,255,255,255,254,255,255,255,255,255,255,255,255,255,255,255,255,255,255,255,255,255,255,255,255,255,255,
255,255,255,255,255,255,255,255,255,255,255,255,255,255,255,254,88,5,0,5,178,161,228,255,255,255,254,254,255,255,255,255,255,255,255,255,255,255,255,255,255,255,255,255,254,255,255,255,255,255,255,255,255,255,255,255,255,255,255,255,
255,255,255,255,255,255,255,255,255,255,255,255,255,255,255,236,46,0,0,0,134,255,255,255,255,255,255,255,255,255,255,255,255,255,255,255,255,255,255,255,255,255,255,196,47,85,222,254,255,255,255,255,255,255,255,255,255,255,255,255,
255,255,255,255,255,255,255,255,255,255,255,255,255,255,244,47,0,0,0,0,48,254,255,255,255,255,255,255,255,255,255,255,255,255,255,255,255,255,255,255,255,255,186,14,0,0,11,179,254,255,255,255,255,255,255,255,255,255,255,255,
255,255,255,255,255,255,255,255,255,255,255,255,255,254,130,0,0,0,0,0,0,236,255,255,255,255,255,254,255,255,255,255,255,255,255,255,255,255,225,109,145,151,8,0,0,0,0,79,255,255,255,255,255,255,255,255,255,255,255,255,
255,255,255,255,255,255,255,255,255,255,255,255,255,225,2,0,0,0,0,0,37,253,255,255,255,255,255,255,255,255,255,255,255,255,255,255,255,255,194,14,0,0,0,0,0,0,0,149,255,255,255,255,255,255,255,255,255,255,255,255,
255,255,255,255,255,255,255,255,255,255,255,255,255,242,40,0,0,0,0,0,26,254,255,255,255,255,255,255,255,255,255,255,255,255,255,255,255,255,254,221,40,0,0,0,0,0,3,232,255,255,255,255,255,255,255,255,255,255,255,255,
255,255,255,255,255,255,255,255,255,255,255,255,255,255,250,0,0,0,0,0,61,254,255,255,255,255,255,255,255,255,254,254,255,255,255,255,255,255,255,254,82,0,0,0,0,0,64,254,255,255,255,255,255,255,255,255,255,255,255,255,
255,255,255,255,255,255,255,255,255,255,255,255,255,255,243,0,0,0,0,0,24,254,255,255,255,255,255,255,255,255,255,255,255,255,255,255,255,255,255,255,163,0,0,0,0,0,14,205,255,255,255,255,255,255,255,255,255,255,255,255,
255,255,255,255,255,255,255,255,255,255,255,255,255,255,189,0,0,0,0,0,1,250,255,255,255,255,254,255,255,255,255,255,255,255,255,255,255,255,255,255,159,0,0,0,0,27,0,24,245,255,255,255,255,255,255,255,255,255,255,255,
255,255,255,255,255,255,255,255,255,255,255,255,255,247,50,0,0,0,0,0,45,254,255,255,255,254,254,255,255,255,255,255,255,255,255,255,255,255,255,255,246,13,0,0,0,232,188,107,251,255,255,255,255,255,255,255,255,255,255,255,
255,255,255,255,255,255,255,255,255,255,255,255,255,239,4,0,0,0,0,0,128,255,255,255,255,255,255,255,255,255,255,255,255,255,255,255,255,255,255,237,79,0,0,0,36,254,255,255,255,255,255,255,255,255,255,255,255,255,255,255,
255,255,255,255,255,255,255,254,255,255,255,255,255,167,0,0,0,0,0,0,193,255,255,255,255,255,255,255,255,255,255,255,255,255,255,255,255,255,254,97,0,0,0,0,10,246,255,255,255,255,255,255,255,255,255,255,255,255,255,255,
255,255,255,255,255,255,255,255,255,255,255,255,255,121,0,0,0,0,0,0,154,255,255,255,255,255,255,255,255,255,255,255,255,255,255,255,255,255,198,1,0,0,0,0,0,166,255,255,255,255,255,255,255,255,255,255,255,255,255,255,
255,255,255,255,254,255,255,255,255,255,255,255,255,79,0,0,0,0,0,0,114,255,255,255,255,255,255,255,255,255,255,255,255,255,255,255,255,252,56,16,0,0,0,0,10,60,254,255,255,255,255,255,255,255,255,254,254,254,255,255,
255,255,255,255,255,255,255,255,255,255,255,255,254,21,0,0,0,0,0,0,31,254,254,255,255,255,255,254,255,255,255,255,255,255,255,255,255,179,0,60,0,0,0,1,107,0,206,255,255,255,255,255,255,255,255,255,255,255,255,255,
255,255,255,255,255,255,255,255,255,255,255,255,229,0,0,0,0,0,0,0,0,212,255,255,255,255,255,255,255,255,255,255,255,255,255,255,255,178,0,0,0,0,0,8,13,0,155,255,255,255,255,255,255,255,255,255,255,255,255,255,
255,255,255,255,255,255,255,255,255,255,255,255,194,0,0,0,0,0,0,0,0,143,254,255,255,255,255,255,255,255,255,255,255,255,255,255,255,248,18,0,0,0,0,0,0,0,218,255,255,255,255,255,255,255,255,255,255,255,255,255,
255,255,255,255,255,255,255,255,255,255,255,255,158,0,0,0,0,0,0,0,0,78,254,255,255,255,255,255,255,255,255,255,255,255,255,255,255,255,93,0,0,0,0,0,0,28,254,255,255,255,255,255,255,255,255,255,255,255,255,255,
255,254,255,255,255,255,255,255,255,255,255,255,125,0,0,0,0,0,0,0,0,22,254,255,255,255,255,255,255,255,255,255,255,255,255,255,255,255,217,44,0,0,0,0,0,92,254,255,255,255,255,255,255,255,255,255,255,255,255,255,
255,255,255,255,255,255,255,255,255,255,255,254,94,0,0,0,0,0,0,0,0,0,221,255,255,255,255,255,255,255,255,255,255,255,255,255,255,255,254,61,0,0,0,0,11,245,255,255,255,255,255,255,255,255,255,255,255,255,255,255,
255,255,255,255,255,255,255,255,255,255,255,254,60,0,0,0,0,0,0,0,0,0,195,255,255,255,255,255,255,255,255,255,255,255,255,255,255,255,253,16,0,0,0,0,1,240,255,255,255,255,255,255,255,255,255,255,255,255,255,255,
255,255,255,255,255,255,255,255,255,255,255,254,23,0,0,0,0,0,0,0,0,0,171,255,255,255,254,255,255,255,255,255,255,255,255,255,255,255,221,0,0,0,0,0,0,197,255,255,255,255,255,255,255,255,255,255,255,255,255,255,
255,255,255,255,255,255,255,255,255,255,255,247,1,0,0,0,0,0,0,0,0,0,147,255,255,255,255,255,255,255,255,255,255,255,255,255,255,255,181,0,0,0,0,0,0,150,255,255,255,255,254,255,255,255,255,255,255,255,255,255,
255,255,255,255,255,255,255,255,255,255,255,227,0,0,0,0,0,0,0,0,0,0,122,255,255,255,255,255,255,255,255,255,255,255,255,255,255,255,143,0,0,0,0,0,0,90,255,255,255,255,255,255,255,255,255,255,255,255,255,255,
255,255,255,255,255,255,255,255,255,255,255,205,0,0,0,0,0,0,0,0,0,0,87,255,255,255,255,255,255,255,255,255,255,255,255,255,255,254,54,0,0,0,0,0,0,26,253,255,255,255,255,255,255,255,255,255,255,255,255,255,
255,255,255,255,255,255,255,255,255,255,255,182,0,0,0,0,0,0,0,0,0,0,52,254,255,255,255,255,255,255,255,255,255,255,255,255,255,246,61,0,0,0,0,0,0,0,201,255,255,255,255,255,255,255,255,255,254,255,255,255,
255,255,255,255,255,255,255,255,255,255,255,159,0,0,0,0,0,0,0,0,0,0,16,254,255,255,255,255,254,255,255,255,255,255,255,255,255,255,254,92,0,18,5,0,0,1,172,255,255,255,255,255,255,255,255,255,255,255,255,255,
255,255,255,255,255,255,255,255,255,255,255,135,0,0,0,0,0,0,0,0,0,0,0,228,255,255,255,255,255,255,255,255,255,255,255,255,255,255,255,119,0,156,121,0,71,236,255,255,255,255,255,255,255,255,255,255,255,255,255,255,
255,255,255,255,255,255,255,255,255,255,255,107,0,0,0,0,0,0,0,0,0,0,0,190,255,255,255,255,255,255,255,255,255,255,255,255,255,255,255,115,0,209,181,0,90,255,255,255,255,255,255,255,255,255,255,255,255,255,255,255,
