255,255,255,255,255,255,255,255,255,255,255,255,255,255,255,255,255,255,255,255,255,255,255,255,255,255,255,255,255,255,255,255,255,255,255,255,255,255,255,255,255,255,255,255,255,255,255,255,255,255,255,255,255,255,255,255,255,255,255,255,
255,255,255,255,255,255,255,255,255,255,255,255,255,255,255,255,255,255,255,255,255,255,255,255,255,255,255,255,255,255,255,255,255,255,255,255,255,255,255,255,255,255,255,255,255,255,255,255,255,255,255,255,255,255,255,255,255,255,255,255,
255,255,255,255,255,255,255,255,255,255,255,255,255,255,255,255,255,255,255,255,255,255,255,255,255,255,255,255,255,255,255,255,255,255,255,255,255,255,255,255,255,255,255,255,255,255,255,255,255,255,255,255,255,255,255,255,255,255,255,255,
255,255,255,255,255,255,255,255,255,255,255,255,255,255,255,255,255,255,255,255,255,255,255,255,255,255,255,255,255,255,255,255,255,255,255,255,255,255,255,255,255,255,255,255,255,255,255,255,255,255,255,255,255,255,255,255,255,255,255,255,
255,255,255,255,255,255,255,255,255,255,255,255,255,255,255,255,255,255,255,255,255,255,255,255,255,255,255,255,255,255,255,255,255,255,255,255,255,255,255,255,255,255,255,255,255,255,255,255,255,255,255,255,255,255,255,255,255,255,255,255,
255,255,255,255,255,255,255,255,255,255,255,255,255,255,255,255,255,255,255,255,255,255,255,255,255,255,255,255,255,255,255,255,255,255,255,255,255,255,255,255,255,255,255,255,255,255,255,255,255,255,255,254,255,255,255,255,255,255,255,255,
255,255,255,255,255,255,255,255,255,255,255,255,255,255,255,255,255,255,255,255,255,255,255,255,255,255,255,255,255,255,255,255,255,255,255,255,255,255,255,255,255,255,255,255,255,255,255,255,255,255,255,255,255,255,255,255,255,255,255,255,
255,255,255,255,255,255,255,255,255,255,255,255,255,255,255,255,255,255,255,255,255,255,255,255,255,255,255,255,255,255,255,255,255,255,255,255,255,255,255,255,255,255,255,255,255,255,255,255,255,255,255,255,255,255,255,255,255,255,255,255,
255,255,255,255,255,255,255,255,255,255,255,255,255,255,255,255,238,223,251,254,254,255,255,255,255,255,255,255,255,255,255,255,255,255,255,255,255,255,255,255,255,255,255,255,255,255,255,255,255,255,255,255,255,255,255,255,255,255,255,255,
255,255,255,255,255,255,255,255,255,255,255,255,255,255,255,250,86,3,8,39,160,254,255,255,255,255,255,255,255,255,255,255,255,255,255,255,255,255,255,255,255,255,255,255,255,255,255,255,255,255,255,255,255,255,255,255,255,255,255,255,
255,255,255,255,255,255,255,255,255,255,255,255,255,255,255,184,0,0,0,0,1,176,254,255,255,255,255,255,255,255,255,255,255,255,255,255,255,255,255,255,255,255,255,255,255,255,255,255,255,255,255,255,255,255,255,255,255,255,255,255,
255,255,255,255,255,255,255,255,255,255,255,255,255,255,255,158,0,0,0,0,0,4,231,255,255,255,255,255,255,255,255,255,255,255,255,255,255,255,255,255,255,255,255,255,255,255,255,255,255,255,255,255,255,255,255,255,255,255,255,255,
255,255,255,255,255,255,255,255,255,255,255,255,255,255,252,49,0,0,0,0,0,0,196,255,255,255,255,255,255,255,255,255,255,255,255,255,255,255,255,255,255,255,255,255,255,255,255,255,255,255,255,255,255,255,255,255,255,255,255,255,
255,255,255,255,255,255,255,255,255,255,255,255,255,255,169,0,0,0,0,0,0,0,109,254,254,255,255,255,255,255,254,255,255,255,255,255,255,255,255,255,255,255,255,255,255,255,255,255,255,255,255,255,255,255,255,255,255,255,255,255,
255,255,255,255,255,255,255,255,255,255,255,255,255,255,187,36,0,0,0,0,0,0,47,254,255,255,255,255,255,255,255,255,255,255,255,255,255,254,255,255,255,255,255,255,255,255,255,255,255,255,255,255,255,255,255,255,255,255,255,255,
255,255,255,255,255,255,255,255,255,255,255,255,255,255,254,244,107,2,0,7,19,3,104,254,255,254,255,255,255,255,255,255,255,255,255,255,255,254,255,255,255,255,255,255,255,255,255,255,255,255,255,255,255,255,255,255,255,255,255,255,
255,255,255,255,255,255,255,255,255,255,255,255,255,255,255,249,71,2,0,18,185,166,239,255,255,255,255,255,255,255,255,255,255,255,255,255,255,255,255,255,255,255,255,255,255,255,255,255,255,255,255,255,255,255,255,255,255,255,255,255,
255,255,255,255,255,255,255,255,255,255,255,255,255,255,255,227,23,0,0,0,152,255,255,255,255,255,255,255,255,255,255,255,255,255,255,255,255,255,255,255,255,255,255,254,175,136,237,254,255,255,255,255,255,255,255,255,255,255,255,255,
255,255,255,255,255,255,255,255,255,255,255,255,255,255,230,30,0,0,0,0,33,251,255,255,255,255,255,255,255,255,255,255,255,255,255,255,255,255,255,255,255,255,254,147,2,0,23,177,254,255,255,255,255,255,255,255,255,255,255,255,
255,255,255,255,255,255,255,255,255,255,255,255,255,253,91,0,0,0,0,0,0,207,255,255,255,255,255,254,255,255,255,255,255,255,255,255,255,255,254,161,167,230,114,0,0,0,0,3,209,255,255,255,255,255,255,255,255,255,255,255,
255,255,255,255,255,255,255,255,255,255,255,255,255,187,0,0,0,0,0,0,3,232,255,255,255,255,255,255,255,255,255,255,255,255,255,255,255,255,248,52,0,0,0,0,0,0,0,8,230,255,255,255,255,255,255,255,255,255,255,255,
255,255,255,255,255,255,255,255,255,255,255,255,255,216,18,0,0,0,0,0,0,205,255,255,255,255,255,255,255,255,255,255,255,255,255,255,255,255,255,244,93,0,0,0,0,0,0,85,254,255,255,255,255,255,255,255,255,255,255,255,
255,255,255,255,255,255,255,255,255,255,255,255,255,255,199,0,0,0,0,0,0,189,255,255,255,255,255,255,255,255,254,254,255,255,255,255,255,255,255,255,155,0,0,0,0,0,0,187,255,255,255,255,255,255,255,255,255,255,255,255,
255,255,255,255,255,255,255,255,255,255,255,255,255,255,202,0,0,0,0,0,0,120,255,255,255,255,255,255,255,255,255,255,255,255,255,255,255,255,255,255,218,8,0,0,0,0,1,231,255,255,255,255,255,255,255,255,255,255,255,255,
255,255,255,255,255,255,255,255,255,255,255,255,255,255,154,0,0,0,0,0,0,85,254,255,255,255,254,255,255,255,255,255,255,255,255,255,255,255,255,255,206,0,0,0,0,0,0,70,253,255,255,255,255,255,255,255,255,255,255,255,
255,255,255,255,255,255,255,255,255,255,255,255,255,239,26,0,0,0,0,0,0,157,255,255,255,254,255,255,255,255,255,255,255,255,255,255,255,255,255,255,249,49,0,0,0,128,90,1,201,255,255,255,255,255,255,255,255,255,255,255,
255,255,255,255,255,255,255,255,255,255,255,255,255,208,0,0,0,0,0,0,11,241,255,255,255,255,255,255,255,255,255,255,255,255,255,255,255,255,255,254,179,14,0,0,2,227,254,215,252,255,255,255,255,255,255,255,255,255,255,255,
255,255,255,255,255,255,255,254,255,255,255,255,255,132,0,0,0,0,0,0,73,255,255,255,255,255,255,255,255,255,255,255,255,255,255,255,255,255,255,198,0,0,0,0,2,211,255,255,255,255,255,255,255,255,255,255,255,255,255,255,
255,255,255,255,255,255,255,255,255,255,255,255,254,62,0,0,0,0,0,0,119,255,255,255,255,255,255,255,255,255,255,255,255,255,255,255,255,255,252,62,0,0,0,0,0,118,254,255,255,255,255,255,255,255,255,255,255,255,255,255,
255,255,255,255,254,255,255,255,255,255,255,255,249,12,0,0,0,0,0,0,143,255,255,255,255,255,255,255,255,255,255,255,255,255,255,255,255,255,149,0,0,0,0,0,10,24,247,255,255,255,255,255,255,255,255,255,254,254,255,255,
255,255,255,255,255,255,255,255,255,255,255,255,235,1,0,0,0,0,0,0,64,254,255,255,255,255,255,255,255,255,255,255,255,255,255,255,255,232,10,36,13,0,0,0,114,0,162,255,255,255,255,255,255,255,255,255,255,255,255,255,
255,255,255,255,255,255,255,255,255,255,255,255,185,0,0,0,0,0,0,0,7,242,255,255,255,255,255,255,255,255,255,255,255,255,255,255,255,224,1,0,0,0,0,3,104,0,69,254,255,255,255,255,255,255,255,255,255,255,255,255,
255,255,255,255,255,255,255,255,255,255,255,255,144,0,0,0,0,0,0,0,0,179,254,255,255,255,255,255,255,255,255,255,255,255,255,255,255,254,52,0,0,0,0,0,0,0,111,254,255,255,255,255,255,255,255,255,255,255,255,255,
255,255,255,255,255,255,255,255,255,255,255,255,110,0,0,0,0,0,0,0,0,116,254,255,255,255,255,255,255,255,255,255,255,255,255,255,255,255,122,0,0,0,0,0,0,7,230,255,255,255,255,255,255,255,255,255,255,255,255,255,
255,254,255,255,255,255,255,255,255,255,255,254,77,0,0,0,0,0,0,0,0,60,254,255,255,255,255,255,255,255,255,255,255,255,255,255,255,255,230,43,0,0,0,0,0,92,254,255,255,255,255,255,255,255,255,255,255,255,255,255,
255,255,255,255,255,255,255,255,255,255,255,254,40,0,0,0,0,0,0,0,0,14,254,255,255,255,255,255,255,255,255,255,255,255,255,255,255,255,254,113,0,0,0,0,30,236,255,255,255,255,255,255,255,255,255,255,255,255,255,255,
255,255,255,255,255,255,255,255,255,255,255,251,7,0,0,0,0,0,0,0,0,0,239,255,255,255,255,255,255,255,255,255,255,255,255,255,255,255,254,75,0,0,0,0,52,254,255,255,255,255,255,255,255,255,255,255,255,255,255,255,
255,255,255,255,255,255,255,255,255,255,255,226,0,0,0,0,0,0,0,0,0,0,215,255,255,255,254,255,255,255,255,255,255,255,255,255,255,255,254,38,0,0,0,0,10,253,255,255,255,255,255,255,255,255,255,255,255,255,255,255,
255,255,255,255,255,255,255,255,255,255,255,193,0,0,0,0,0,0,0,0,0,0,196,255,255,255,255,255,255,255,255,255,255,255,255,255,255,255,254,8,0,0,0,0,0,220,255,255,255,255,255,255,255,255,255,255,255,255,255,255,
255,255,255,255,255,255,255,255,255,255,255,164,0,0,0,0,0,0,0,0,0,0,173,255,255,255,255,255,255,255,255,255,255,255,255,255,255,255,238,0,0,0,0,0,0,170,255,255,255,255,255,255,255,255,255,255,255,255,255,255,
255,255,255,255,255,255,255,255,255,255,255,142,0,0,0,0,0,0,0,0,0,0,145,255,255,255,255,255,255,255,255,255,255,255,255,255,255,255,194,0,0,0,0,0,0,105,255,255,255,255,255,255,255,255,255,255,255,255,255,255,
255,255,255,255,255,255,255,255,255,255,255,120,0,0,0,0,0,0,0,0,0,0,110,255,255,255,255,255,255,255,255,255,255,255,255,255,255,255,173,0,0,0,0,0,0,33,254,255,255,255,255,255,255,255,255,255,255,255,255,255,
255,255,255,255,255,255,255,255,255,255,255,100,0,0,0,0,0,0,0,0,0,0,74,254,255,255,255,255,254,255,255,255,255,255,255,255,255,255,254,117,0,0,0,0,0,1,230,255,255,255,255,255,255,255,255,255,255,255,255,255,
255,255,255,255,255,255,255,255,255,255,254,71,0,0,0,0,0,0,0,0,0,0,41,254,255,255,255,255,255,255,255,255,255,255,255,255,255,255,255,167,0,85,46,0,79,202,254,255,255,255,255,255,255,255,255,255,255,255,255,255,
255,255,255,255,255,255,255,255,255,255,254,42,0,0,0,0,0,0,0,0,0,0,6,249,255,255,255,255,255,255,255,255,255,255,255,255,255,255,255,174,0,144,113,0,144,255,255,255,255,255,255,255,255,255,255,255,255,255,255,255,
