255,255,255,255,255,255,255,255,255,255,255,255,255,255,255,255,255,255,255,255,255,255,255,255,255,255,255,255,255,255,255,255,255,255,255,255,255,255,255,255,255,255,255,255,255,255,255,255,255,255,255,255,255,255,255,255,255,255,255,255,
255,255,255,255,255,255,255,255,255,255,255,255,255,255,255,255,255,255,255,255,255,255,255,255,255,255,255,255,255,255,255,255,255,255,255,255,255,255,255,255,255,255,255,255,255,255,255,255,255,255,255,255,255,255,255,255,255,255,255,255,
255,255,255,255,255,255,255,255,255,255,255,255,255,255,255,255,255,255,255,255,255,255,255,255,255,255,255,255,255,255,255,255,255,255,255,255,255,255,255,255,255,255,255,255,255,255,255,255,255,255,255,255,255,255,255,255,255,255,255,255,
255,255,255,255,255,255,255,255,255,255,255,255,255,255,255,255,255,255,255,255,255,255,255,255,255,255,255,255,255,255,255,255,255,255,255,255,255,255,255,255,255,255,255,255,255,255,255,255,255,255,255,255,255,255,255,255,255,255,255,255,
255,255,255,255,255,255,255,255,255,255,255,255,255,255,255,255,255,255,255,255,255,255,255,255,255,255,255,255,255,255,255,255,255,255,255,255,255,255,255,255,255,255,255,255,255,255,255,255,255,255,255,255,255,255,255,255,255,255,255,255,
255,255,255,255,255,255,255,255,255,255,255,255,255,255,255,255,255,255,255,255,255,255,255,255,255,255,255,255,255,255,255,255,255,255,255,255,255,255,255,255,255,255,255,255,255,255,255,255,255,255,255,254,255,255,255,255,255,255,255,255,
255,255,255,255,255,255,255,255,255,255,255,255,255,255,255,255,255,255,255,255,255,255,255,255,255,255,255,255,255,255,255,255,255,255,255,255,255,255,255,255,255,255,255,255,255,255,255,255,255,255,255,255,255,255,255,255,255,255,255,255,
255,255,255,255,255,255,255,255,255,255,255,255,255,255,255,255,255,255,255,255,255,255,255,255,255,255,255,255,255,255,255,255,255,255,255,255,255,255,255,255,255,255,255,255,255,255,255,255,255,255,255,255,255,255,255,255,255,255,255,255,
255,255,255,255,255,255,255,255,255,255,255,255,255,255,255,255,235,218,245,254,254,255,255,255,255,255,255,255,255,255,255,255,255,255,255,255,255,255,255,255,255,255,255,255,255,255,255,255,255,255,255,255,255,255,255,255,255,255,255,255,
255,255,255,255,255,255,255,255,255,255,255,255,255,255,255,251,81,1,3,25,132,253,255,255,255,255,255,255,255,255,255,255,255,255,255,255,255,255,255,255,255,255,255,255,255,255,255,255,255,255,255,255,255,255,255,255,255,255,255,255,
255,255,255,255,255,255,255,255,255,255,255,255,255,255,255,171,0,0,0,0,0,131,254,255,255,255,255,255,255,255,255,255,255,255,255,255,255,255,255,255,255,255,255,255,255,255,255,255,255,255,255,255,255,255,255,255,255,255,255,255,
255,255,255,255,255,255,255,255,255,255,255,255,255,255,255,155,0,0,0,0,0,0,192,255,255,255,255,255,255,255,255,255,255,255,255,255,255,255,255,255,255,255,255,255,255,255,255,255,255,255,255,255,255,255,255,255,255,255,255,255,
255,255,255,255,255,255,255,255,255,255,255,255,255,255,253,58,0,0,0,0,0,0,144,255,255,255,255,255,255,255,255,255,255,255,255,255,255,255,255,255,255,255,255,255,255,255,255,255,255,255,255,255,255,255,255,255,255,255,255,255,
255,255,255,255,255,255,255,255,255,255,255,255,255,255,149,0,0,0,0,0,0,0,63,254,254,255,255,255,255,255,254,255,255,255,255,255,255,255,255,255,255,255,255,255,255,255,255,255,255,255,255,255,255,255,255,255,255,255,255,255,
255,255,255,255,255,255,255,255,255,255,255,255,255,254,140,12,0,0,0,0,0,0,12,254,255,255,255,255,255,255,255,255,255,255,255,255,255,254,255,255,255,255,255,255,255,255,255,255,255,255,255,255,255,255,255,255,255,255,255,255,
255,255,255,255,255,255,255,255,255,255,255,255,255,255,245,211,43,11,0,0,2,0,69,254,255,254,255,255,255,255,255,255,255,255,255,255,255,254,255,255,255,255,255,255,255,255,255,255,255,255,255,255,255,255,255,255,255,255,255,255,
255,255,255,255,255,255,255,255,255,255,255,255,255,255,255,252,124,10,0,4,133,128,228,255,255,255,255,255,255,255,255,255,255,255,255,255,255,255,255,255,255,255,255,255,255,254,255,255,255,255,255,255,255,255,255,255,255,255,255,255,
255,255,255,255,255,255,255,255,255,255,255,255,255,255,255,251,39,0,0,0,122,254,255,255,255,255,255,255,255,255,255,255,255,255,255,255,255,255,255,255,255,255,255,254,131,113,226,254,255,255,255,255,255,255,255,255,255,255,255,255,
255,255,255,255,255,255,255,255,255,255,255,255,255,255,250,76,0,0,0,0,9,217,255,255,255,255,255,255,255,255,255,255,255,255,255,255,255,255,255,255,255,255,252,112,0,0,13,160,254,255,255,255,255,255,255,255,255,255,255,255,
255,255,255,255,255,255,255,255,255,255,255,255,255,254,145,0,0,0,0,0,0,115,255,255,255,255,255,254,255,255,255,255,255,255,255,255,255,255,250,134,159,216,85,0,0,0,0,1,215,255,255,255,255,255,255,255,255,255,255,255,
255,255,255,255,255,255,255,255,255,255,255,255,255,211,5,0,0,0,0,0,0,113,254,255,255,255,255,255,255,255,255,255,255,255,255,255,255,255,240,64,0,0,0,0,0,0,0,16,241,255,255,255,255,255,255,255,255,255,255,255,
255,255,255,255,255,255,255,255,255,255,255,255,255,184,0,0,0,0,0,0,0,42,254,255,255,255,255,255,255,255,255,255,255,255,255,255,255,255,255,251,121,0,0,0,0,0,0,102,255,255,255,255,255,255,255,255,255,255,255,255,
255,255,255,255,255,255,255,255,255,255,255,255,255,253,142,0,0,0,0,0,0,14,242,255,255,255,255,255,255,255,254,254,255,255,255,255,255,255,255,255,144,0,0,0,0,0,0,204,255,255,255,255,255,255,255,255,255,255,255,255,
255,255,255,255,255,255,255,255,255,255,255,255,255,255,215,0,0,0,0,4,0,0,159,255,255,255,255,255,255,255,255,255,255,255,255,255,255,255,255,255,211,3,0,0,0,0,1,225,255,255,255,255,255,255,255,255,255,255,255,255,
255,255,255,255,255,255,255,255,255,255,255,255,255,255,190,0,0,0,0,5,17,0,92,255,255,255,254,255,255,255,255,255,255,255,255,255,255,255,255,255,194,0,0,0,0,1,0,58,249,255,255,255,255,255,255,255,255,255,255,255,
255,255,255,255,255,255,255,255,255,255,255,255,255,254,88,0,0,0,0,2,0,0,157,255,255,254,255,255,255,255,255,255,255,255,255,255,255,255,255,255,248,47,0,0,0,159,134,11,193,255,255,255,255,255,255,255,255,255,255,255,
255,255,255,255,255,255,255,255,255,255,255,255,255,217,2,0,0,0,0,13,0,26,247,255,255,255,255,255,255,255,255,255,255,255,255,255,255,255,255,252,172,18,0,0,0,238,255,232,253,255,255,255,255,255,255,255,255,255,255,255,
255,255,255,255,255,255,255,254,255,255,255,255,255,178,0,0,0,0,0,0,0,121,255,255,255,255,255,255,255,255,255,255,255,255,255,255,255,255,255,177,0,0,0,0,0,213,255,255,255,255,255,255,255,255,255,255,255,255,255,255,
255,255,255,255,255,255,255,255,255,255,255,255,254,87,0,0,0,0,0,0,0,193,255,255,255,255,255,255,255,255,255,255,255,255,255,255,255,255,250,50,0,0,0,0,0,124,255,255,255,255,255,255,255,255,255,255,255,255,255,255,
255,255,255,255,254,255,255,255,255,255,255,255,244,16,0,0,0,0,0,0,47,248,255,255,255,255,255,255,255,255,255,255,255,255,255,255,255,255,141,0,1,0,0,0,8,28,251,255,255,255,255,255,255,255,255,254,254,254,255,255,
255,255,255,255,255,255,255,255,255,255,255,255,241,0,0,0,0,0,0,0,70,254,255,255,255,255,255,255,255,255,255,255,255,255,255,255,255,229,9,45,5,0,0,0,109,0,171,255,255,255,255,255,255,255,255,255,255,255,255,255,
255,255,255,255,255,255,255,255,255,255,255,255,189,0,0,0,0,0,0,0,9,246,255,255,255,255,255,255,255,255,255,255,255,255,255,255,255,211,0,0,0,0,0,2,103,0,74,254,255,255,255,255,255,255,255,255,255,255,255,255,
255,255,255,255,255,255,255,255,255,255,255,255,132,0,0,0,0,0,0,0,0,186,254,255,255,255,255,255,255,255,255,255,255,255,255,255,255,254,33,0,0,0,0,0,0,0,113,254,255,255,255,255,255,255,255,255,255,255,255,255,
255,255,255,255,255,255,255,255,255,255,255,255,89,0,0,0,0,0,0,0,0,127,254,255,255,255,255,255,255,255,255,255,255,255,255,255,255,255,103,0,0,0,0,0,0,4,227,255,255,255,255,255,255,255,255,255,255,255,255,255,
255,254,255,255,255,255,255,255,255,255,255,254,43,0,0,0,0,0,0,0,0,69,254,255,255,255,255,255,255,255,255,255,255,255,255,255,255,255,213,30,0,0,0,0,0,81,254,255,255,255,255,255,255,255,255,255,255,255,255,255,
255,255,255,255,255,255,255,255,255,255,255,248,5,0,0,0,0,0,0,0,0,21,254,255,255,255,255,255,255,255,255,255,255,255,255,255,255,255,254,97,0,0,0,0,20,224,255,255,255,255,255,255,255,255,255,255,255,255,255,255,
255,255,255,255,255,255,255,255,255,255,255,210,0,0,0,0,0,0,0,0,0,0,241,255,255,255,255,255,255,255,255,255,255,255,255,255,255,255,254,65,0,0,0,0,48,254,255,255,255,255,255,255,255,255,255,255,255,255,255,255,
255,255,255,255,255,255,255,255,255,255,255,161,0,0,0,0,0,0,0,0,0,0,217,255,255,255,254,255,255,255,255,255,255,255,255,255,255,255,254,38,0,0,0,0,5,249,255,255,255,255,255,255,255,255,255,255,255,255,255,255,
255,255,255,255,255,255,255,255,255,255,255,116,0,0,0,0,0,0,0,0,0,0,204,255,255,255,255,255,255,255,255,255,255,255,255,255,255,255,254,14,0,0,0,0,0,207,255,255,255,255,255,255,255,255,255,255,255,255,255,255,
255,255,255,255,255,255,255,255,255,255,254,76,0,0,0,0,0,0,0,0,0,0,191,255,255,255,255,255,255,255,255,255,255,255,255,255,255,255,250,2,0,0,0,0,0,149,255,255,255,255,255,255,255,255,255,255,255,255,255,255,
255,255,255,255,255,255,255,255,255,255,254,40,0,0,0,0,0,0,0,0,0,0,176,255,255,255,255,255,255,255,255,255,255,255,255,255,255,255,216,0,0,0,0,0,0,84,254,255,255,255,255,255,255,255,255,255,255,255,255,255,
255,255,255,255,255,255,255,255,255,255,253,7,0,0,0,0,0,0,0,0,0,0,154,255,255,255,255,255,255,255,255,255,255,255,255,255,255,255,184,0,0,0,0,0,0,18,248,255,255,255,255,255,255,255,255,255,255,255,255,255,
255,255,255,255,255,255,255,255,255,255,232,0,0,0,0,0,0,0,0,0,0,0,126,255,255,255,255,255,254,255,255,255,255,255,255,255,255,255,254,95,0,0,0,0,0,0,208,255,255,255,255,255,255,255,255,255,255,255,255,255,
255,255,255,255,255,255,255,255,255,255,201,0,0,0,0,0,0,0,0,0,0,0,96,254,255,255,255,255,255,255,255,255,255,255,255,255,255,255,255,147,0,83,39,0,58,165,253,255,255,255,255,255,255,255,255,255,255,255,255,255,
255,255,255,255,255,255,255,255,255,255,165,0,0,0,0,0,0,0,0,0,0,0,65,255,255,255,255,255,255,255,255,255,255,255,255,255,255,255,255,157,0,154,109,0,139,254,255,255,255,255,255,255,255,255,255,255,255,255,255,255,
