255,255,255,255,255,255,255,255,255,255,255,255,255,255,255,255,255,255,255,255,255,255,255,255,255,255,255,255,255,255,255,255,255,255,255,255,255,255,255,255,255,255,255,255,255,255,255,255,255,255,255,255,255,255,255,255,255,255,255,255,
255,255,255,255,255,255,255,255,255,255,255,255,255,255,255,255,255,255,255,255,255,255,255,255,255,255,255,255,255,255,255,255,255,255,255,255,255,255,255,255,255,255,255,255,255,255,255,255,255,255,255,255,255,255,255,255,255,255,255,255,
255,255,255,255,255,255,255,255,255,255,255,255,255,255,255,255,255,255,255,255,255,255,255,255,255,255,255,255,255,255,255,255,255,255,255,255,255,255,255,255,255,255,255,255,255,255,255,255,255,255,255,255,255,255,255,255,255,255,255,255,
255,255,255,255,255,255,255,255,255,255,255,255,255,255,255,255,255,242,240,255,255,255,255,255,255,255,255,255,255,255,255,255,255,255,255,255,255,255,255,255,255,255,255,255,255,255,255,255,255,255,255,255,255,255,255,255,255,255,255,255,
255,255,255,255,255,255,255,255,255,255,255,255,255,255,255,253,164,20,30,125,88,93,158,248,255,255,255,255,255,255,255,255,255,255,255,255,255,255,255,255,255,255,255,255,255,255,255,255,255,255,255,255,255,255,255,255,255,255,255,255,
255,255,255,255,255,255,255,255,255,255,255,255,255,255,255,201,23,0,0,0,0,0,0,49,201,255,255,255,255,255,255,255,255,255,255,255,255,255,255,255,255,255,255,255,255,255,255,255,255,255,255,254,255,255,255,255,255,255,255,255,
255,255,255,255,255,255,255,255,255,255,255,255,255,255,254,131,0,0,0,0,0,0,0,0,0,95,254,255,255,255,255,255,255,255,255,255,255,255,255,255,255,255,255,255,255,255,255,255,255,255,255,255,255,255,255,255,255,255,255,255,
255,255,255,255,255,255,255,255,255,255,255,255,255,255,240,16,0,0,0,0,0,0,0,0,0,0,206,255,255,255,255,255,255,255,255,255,255,255,255,255,255,255,255,255,255,255,255,255,255,255,255,255,255,255,255,255,255,255,255,255,
255,255,255,255,255,255,255,255,255,255,255,255,255,255,246,19,0,0,0,0,0,0,0,0,0,0,115,254,255,255,255,255,255,255,255,255,255,255,255,255,255,255,255,255,255,255,255,255,255,255,255,255,255,255,255,255,255,255,255,255,
255,255,255,255,255,255,255,255,255,255,255,255,255,255,254,57,0,0,0,0,0,0,0,0,0,0,1,199,255,255,255,255,255,255,255,255,255,255,255,255,255,255,255,255,255,255,255,255,255,255,255,255,255,255,255,255,255,255,255,255,
255,255,255,255,255,255,255,255,255,255,255,255,255,255,254,102,0,0,0,0,0,0,0,0,0,0,0,81,255,255,255,255,255,255,255,255,255,255,255,255,255,255,255,255,255,255,255,255,255,255,255,255,255,255,255,255,255,255,255,255,
255,255,255,255,255,255,255,255,255,255,255,255,255,255,255,100,0,0,0,0,0,0,0,0,0,0,0,5,227,255,255,255,255,255,255,255,255,255,255,255,255,255,255,255,255,255,255,255,255,255,255,255,255,255,255,255,255,255,255,255,
255,255,255,255,255,255,255,255,255,255,255,255,255,255,246,16,0,0,0,0,0,0,0,0,0,0,0,0,176,255,255,255,255,255,255,255,255,254,180,164,216,244,255,255,255,255,255,255,255,255,255,255,255,255,255,255,255,255,255,255,
255,255,255,255,255,255,255,255,255,255,255,255,255,255,173,0,0,0,0,0,0,0,0,0,0,0,0,1,226,255,254,255,255,255,255,255,255,147,0,0,0,5,74,136,239,255,255,255,255,255,255,255,255,255,255,255,255,255,255,255,
255,255,255,255,255,255,255,255,255,255,255,255,255,255,110,14,0,0,0,0,0,0,0,0,0,0,0,88,254,255,255,255,255,255,255,255,255,124,0,0,0,0,0,0,63,254,255,255,255,255,255,255,255,255,255,255,255,255,255,255,
255,255,255,255,255,255,255,255,255,255,255,255,255,255,220,123,64,0,0,0,0,0,0,1,15,41,66,216,255,255,255,255,255,255,255,255,255,134,0,0,0,0,0,0,20,254,255,255,255,255,255,255,255,255,255,255,255,255,255,255,
255,255,255,255,255,255,255,255,255,255,255,255,255,255,254,248,247,90,3,0,0,0,0,14,209,231,253,254,254,255,255,255,255,255,254,254,246,21,0,0,0,0,0,6,192,254,255,255,255,255,255,255,255,255,255,255,255,255,255,255,
255,255,255,255,255,255,255,255,255,255,255,255,255,255,255,255,254,59,0,0,0,0,0,18,173,244,255,255,255,255,255,254,193,126,84,63,41,0,0,0,0,0,0,2,245,255,255,255,255,255,255,255,255,255,255,255,255,255,255,255,
255,255,255,255,255,255,255,255,255,255,255,255,255,255,254,255,254,151,0,0,0,0,0,0,0,19,174,254,255,255,252,83,0,0,0,0,0,0,0,0,0,0,0,0,172,252,254,255,255,255,255,255,255,255,255,255,255,255,255,255,
255,255,255,255,255,255,255,255,255,255,255,255,255,255,255,254,151,9,0,0,0,0,0,0,0,0,5,214,255,255,175,0,0,0,0,0,0,0,0,0,0,0,0,0,0,33,149,250,255,255,255,255,255,255,255,255,255,255,255,255,
255,255,255,255,255,255,255,255,255,255,255,255,255,255,255,159,1,0,0,0,0,0,0,0,0,0,0,147,255,255,165,0,0,0,0,0,0,0,0,0,0,0,0,0,0,0,0,54,232,255,255,255,255,255,255,255,255,255,255,255,
255,255,255,255,255,255,255,255,255,255,255,255,255,255,234,9,0,0,0,0,0,0,0,0,0,0,0,71,214,255,254,135,6,0,0,0,0,0,0,0,0,0,0,0,0,0,0,0,65,254,255,255,255,255,255,255,255,255,255,255,
255,255,255,255,255,255,255,255,255,255,255,255,255,253,90,0,0,0,0,0,0,0,0,0,0,0,0,0,169,255,254,254,218,102,10,0,0,0,0,0,0,0,0,0,0,0,0,0,2,247,255,255,255,255,255,255,255,255,255,255,
255,255,255,255,255,255,255,255,255,255,255,255,255,156,0,0,0,0,0,0,0,0,0,0,0,0,0,0,102,254,255,255,255,255,239,55,0,0,0,0,0,0,0,0,0,0,0,0,22,249,255,255,255,255,255,255,255,255,255,255,
255,255,255,255,255,255,255,255,255,255,255,255,255,100,0,0,0,0,0,0,0,0,0,0,0,0,0,0,0,168,255,255,255,255,252,27,0,0,0,0,0,0,11,44,47,45,76,125,225,255,255,255,255,255,255,255,255,255,255,255,
255,255,255,255,255,255,255,255,255,255,255,255,255,150,0,0,0,0,0,0,0,0,0,8,12,0,0,0,0,23,245,255,255,255,255,35,0,0,0,0,0,0,27,233,254,254,255,255,255,255,255,255,255,255,255,255,255,255,255,255,
255,255,255,255,255,255,255,255,255,255,255,255,255,253,163,27,0,0,0,0,0,0,0,215,220,152,0,0,0,0,178,255,255,255,255,59,0,0,0,0,0,0,23,229,255,255,255,255,255,255,255,255,255,255,255,255,255,255,255,255,
255,255,255,255,255,255,255,255,255,255,255,255,255,255,254,89,0,0,0,0,0,0,47,254,255,198,0,0,0,0,172,255,255,255,255,170,0,0,0,0,0,0,11,241,255,255,255,255,255,255,255,255,255,255,255,255,255,255,255,255,
255,255,255,255,255,255,255,255,255,255,255,255,255,255,254,80,0,0,0,0,0,0,127,254,255,96,0,0,0,21,244,255,255,255,254,50,0,0,0,0,0,0,0,194,255,255,255,255,255,255,255,255,255,255,255,255,255,255,255,255,
255,255,255,255,254,255,255,255,255,255,255,255,255,255,255,56,0,0,0,0,0,0,200,255,234,8,0,0,0,138,255,255,255,255,196,0,0,0,0,0,0,0,5,232,255,255,255,255,255,255,255,255,255,255,255,255,255,254,255,255,
255,255,255,255,255,255,255,255,255,255,255,255,255,255,249,16,0,0,0,0,0,14,251,255,129,0,0,0,17,243,255,255,255,254,97,0,0,0,0,0,0,0,0,145,254,255,255,255,255,255,255,255,255,255,255,255,255,255,255,255,
255,255,255,255,255,255,255,255,255,255,255,255,255,255,136,0,0,0,0,0,0,58,255,235,18,0,0,0,122,254,255,255,255,233,8,0,0,0,0,0,0,0,0,60,254,255,255,255,255,255,255,255,255,255,255,255,255,255,255,255,
255,255,255,255,255,255,255,255,255,255,255,255,255,225,16,0,0,0,0,0,0,14,237,105,0,0,0,2,222,255,255,255,255,135,0,11,44,0,0,0,0,0,0,9,226,255,255,255,255,255,255,255,255,255,255,255,255,255,255,255,
255,255,255,255,255,255,255,255,255,255,255,255,254,117,0,0,0,0,0,0,0,0,122,4,0,0,0,61,254,255,255,255,251,31,0,95,169,0,0,0,0,0,0,0,49,185,251,254,255,255,255,255,255,255,255,255,255,255,255,255,
255,254,255,255,255,255,255,255,255,255,255,255,255,138,0,0,0,0,0,0,0,0,47,0,0,0,0,134,255,255,255,255,172,0,0,156,249,18,0,0,0,0,0,0,0,5,77,199,251,255,255,255,255,255,255,255,255,255,255,255,
255,255,255,255,255,255,255,255,255,255,255,255,254,54,0,0,0,0,0,0,0,0,0,0,0,0,0,206,255,255,255,255,68,0,0,163,254,88,0,0,0,0,0,0,0,0,0,9,97,253,255,255,255,255,255,255,255,255,255,255,
255,255,255,255,255,255,255,255,255,255,255,255,212,1,0,0,0,0,0,0,0,0,0,0,0,0,151,254,255,255,255,255,18,0,0,56,253,77,0,0,0,0,0,0,0,0,0,0,78,254,255,255,255,255,255,255,255,255,255,255,
255,255,255,255,255,255,255,255,255,255,255,255,133,0,0,0,0,0,0,0,0,0,0,0,0,35,246,255,255,255,255,238,0,0,0,1,177,3,0,0,0,0,0,22,22,0,0,0,42,244,255,255,255,255,255,255,255,255,255,255,
255,255,255,255,255,255,255,255,255,255,255,254,119,0,0,0,0,0,0,0,0,0,0,0,15,231,255,255,255,255,255,194,0,0,0,0,37,0,0,0,0,0,0,20,212,23,2,5,1,208,254,255,255,255,255,255,255,255,255,255,
255,255,255,255,255,255,255,255,255,255,255,225,2,0,0,0,0,0,0,0,0,0,0,0,56,254,255,255,255,255,255,145,0,0,0,0,1,0,0,0,0,0,0,42,254,221,172,61,0,215,255,255,255,255,255,255,255,255,255,255,
255,255,255,255,255,255,255,255,255,255,255,142,0,0,0,0,0,0,0,0,0,0,0,0,1,230,255,255,255,255,255,125,0,0,0,0,0,0,0,0,0,0,0,0,212,255,210,8,71,254,255,255,255,255,255,255,255,255,255,255,
255,255,255,255,255,255,255,255,255,255,255,136,0,0,0,0,0,0,0,0,0,0,0,0,0,159,255,255,255,255,255,205,18,0,0,0,0,0,0,0,0,0,0,0,137,254,254,245,254,255,255,255,255,255,255,255,254,255,255,255,
255,255,255,255,255,255,255,255,255,255,255,177,0,0,0,0,0,0,0,0,0,0,0,0,0,90,255,255,255,255,255,255,126,0,64,2,0,0,0,0,0,0,0,0,72,254,255,255,255,255,255,255,255,255,255,255,255,255,255,255,
255,255,255,255,255,255,255,255,255,255,255,129,0,0,0,0,0,0,0,0,0,0,0,0,0,25,254,255,255,255,255,255,200,4,34,19,0,0,0,0,0,0,0,0,9,245,255,255,255,255,255,255,255,255,255,255,255,255,255,255,
255,255,255,255,255,255,255,255,255,255,254,86,0,0,0,0,0,0,0,0,0,0,0,0,0,0,217,255,255,255,255,255,254,182,53,0,0,0,0,0,0,0,0,0,0,177,255,255,255,255,255,255,255,255,255,255,255,255,255,255,
