255,255,255,255,255,255,255,255,255,255,255,254,194,59,0,0,0,0,0,0,0,0,0,0,0,0,0,0,0,0,0,0,0,0,0,0,0,0,0,0,0,0,0,0,0,0,0,0,0,0,0,0,0,0,0,0,0,0,0,0,
255,255,255,255,255,255,255,255,255,255,216,79,0,0,0,0,0,0,0,0,0,0,0,0,0,0,0,0,0,0,0,0,0,0,0,0,0,0,0,0,0,0,0,0,0,0,0,0,0,0,0,0,0,0,0,0,0,0,0,0,
255,255,255,255,255,255,255,255,240,115,6,0,0,0,0,0,0,0,0,0,0,0,0,0,0,0,0,0,0,0,0,0,0,0,0,0,0,0,0,0,0,0,0,0,0,0,0,0,0,0,0,0,0,0,0,0,0,0,0,0,
255,255,255,255,255,255,254,172,28,0,0,0,0,0,0,0,0,0,0,0,0,0,0,0,0,0,0,0,0,0,0,0,0,0,0,0,0,0,0,0,0,0,0,0,0,0,0,0,0,0,0,0,0,0,0,0,0,0,0,0,
255,255,255,255,255,231,81,0,0,0,0,0,0,0,0,0,0,0,0,0,0,0,0,0,0,0,0,0,0,0,0,0,0,0,0,0,0,0,0,0,0,0,0,0,0,0,0,0,0,0,0,0,0,0,0,0,0,0,0,0,
255,255,255,254,166,20,0,0,0,0,0,0,0,0,0,0,0,0,0,0,0,0,0,0,0,0,0,0,0,0,0,0,0,0,0,0,0,0,0,0,0,0,0,0,0,0,0,0,0,0,0,0,0,0,0,0,0,0,0,0,
255,255,238,89,0,0,0,0,0,0,0,0,0,0,0,0,0,0,0,0,0,0,0,0,0,0,0,0,0,0,0,0,0,0,0,0,0,0,0,0,0,0,0,0,0,0,0,0,0,0,0,0,0,0,0,0,0,0,0,0,
254,196,30,0,0,0,0,0,0,0,0,0,0,0,0,0,0,0,0,0,0,0,0,0,0,0,0,0,0,0,0,0,0,0,0,0,0,0,0,0,0,0,0,0,0,0,0,0,0,0,0,0,0,0,0,0,0,0,0,0,
133,4,0,0,0,0,0,0,0,0,0,0,0,0,0,0,0,0,0,0,0,0,0,0,0,0,0,0,0,0,0,0,0,0,0,0,0,0,0,0,0,0,0,0,0,0,0,0,0,0,0,0,0,0,0,0,0,0,0,0,
0,0,0,0,0,0,0,0,0,0,0,0,0,0,0,0,0,0,0,0,0,0,0,0,0,0,0,0,0,0,0,0,0,0,0,0,0,0,0,0,0,0,0,0,0,0,0,0,0,0,0,0,0,0,0,0,0,0,0,0,
0,0,0,0,0,0,0,0,0,0,0,0,0,0,0,0,0,0,0,0,0,0,0,0,0,0,0,0,0,18,26,1,0,0,0,0,0,0,0,0,0,0,0,0,0,0,0,0,0,0,0,0,0,0,0,0,0,0,0,0,
0,0,0,0,0,0,0,0,0,0,0,0,0,0,0,0,0,0,0,0,0,0,0,0,0,0,36,93,184,253,233,176,95,29,2,0,0,0,0,0,0,0,0,0,0,0,0,0,0,0,0,0,0,0,0,0,0,0,0,0,
0,0,0,0,0,0,0,0,0,0,0,0,0,0,0,0,0,0,0,0,0,0,0,32,127,216,254,254,255,255,255,255,254,251,215,161,58,0,0,0,0,0,0,0,0,0,0,0,0,0,0,0,0,0,0,0,0,0,0,0,
0,0,0,0,0,0,0,0,0,0,0,0,0,0,0,0,0,0,0,0,0,0,48,246,254,255,255,255,255,255,255,255,255,255,255,255,222,46,0,0,0,0,0,0,0,0,0,0,0,0,0,0,0,0,0,0,0,0,0,0,
0,0,0,0,0,0,0,0,0,0,0,0,0,0,0,0,0,0,0,0,1,71,176,255,255,255,255,255,255,255,255,255,255,255,255,255,255,206,27,0,0,0,0,0,0,0,0,0,0,0,0,0,0,0,0,0,0,0,0,0,
0,0,0,0,0,0,0,0,0,0,0,0,0,0,0,0,0,0,0,0,102,44,243,255,255,255,255,255,255,255,255,255,255,255,255,255,255,254,198,20,0,0,0,0,0,0,0,0,0,0,0,0,0,0,0,0,0,0,0,0,
0,0,0,0,0,0,0,0,0,0,0,0,0,0,0,0,0,0,0,6,100,196,255,255,255,255,255,255,255,255,255,255,255,255,255,255,255,255,255,205,26,0,0,0,0,0,0,0,0,0,0,0,0,0,0,0,0,0,0,21,
0,0,0,0,0,0,0,0,0,0,0,0,0,0,0,0,0,0,0,46,207,255,255,255,255,255,255,255,255,255,255,255,255,255,255,255,255,255,255,255,187,2,0,0,0,0,0,0,0,0,0,0,0,0,0,0,0,0,0,92,
0,0,0,0,0,0,0,0,0,0,0,0,0,0,0,0,0,0,0,101,254,255,255,255,255,255,255,255,255,255,255,255,255,255,255,255,255,255,255,255,213,6,0,0,0,0,0,0,0,0,0,0,0,0,0,0,0,0,0,176,
0,0,0,0,0,0,0,0,0,0,0,0,0,0,0,0,0,0,0,64,253,255,255,255,255,255,255,255,255,255,255,255,255,255,255,255,255,255,255,255,232,11,0,0,0,0,0,0,0,0,0,0,0,0,0,0,0,0,26,249,
0,0,0,0,0,0,0,0,0,0,0,0,0,0,0,0,1,67,105,137,221,255,255,255,255,255,255,255,255,255,255,255,255,255,255,255,255,255,255,255,252,28,0,0,0,0,0,0,0,0,0,0,0,0,0,0,0,0,127,255,
0,0,0,0,0,0,0,0,0,0,0,0,2,8,15,10,171,253,253,243,245,255,255,255,255,255,255,255,255,255,255,255,255,255,255,255,255,255,255,255,254,77,0,0,0,0,0,0,0,0,0,0,0,0,0,0,0,10,232,255,
0,0,0,0,0,0,0,0,0,0,2,26,35,43,57,176,254,255,255,255,255,255,255,255,255,255,255,255,255,255,255,255,255,255,255,255,255,255,255,255,255,142,0,0,0,0,0,0,0,0,0,0,0,0,0,0,0,123,255,255,
0,0,0,0,0,0,0,0,0,3,33,59,60,60,63,238,255,255,255,255,255,255,255,255,255,255,255,255,255,255,255,255,255,255,255,255,255,255,255,255,255,204,0,0,0,0,0,0,0,0,0,0,0,0,0,0,26,242,255,255,
0,0,0,0,0,0,0,0,0,13,53,60,60,59,155,255,255,255,255,255,255,255,255,255,255,255,255,255,255,255,255,255,255,255,255,255,255,255,255,255,253,85,0,0,0,0,0,0,0,0,0,0,0,0,0,0,172,255,255,255,
0,0,0,0,0,0,0,0,0,43,59,60,60,59,195,255,255,255,255,255,255,255,255,255,255,255,255,255,255,255,255,255,255,255,255,255,255,255,255,255,147,0,0,0,0,0,0,0,0,0,0,0,0,0,0,86,254,255,255,255,
0,0,0,0,0,0,0,0,17,59,60,60,60,59,221,255,255,255,255,255,255,255,255,255,255,255,255,255,255,255,255,255,255,255,255,255,255,255,255,241,17,0,0,0,0,0,0,0,0,0,0,0,0,0,29,236,255,255,255,255,
0,0,0,0,0,0,0,0,21,59,60,60,60,59,212,255,255,255,255,255,255,255,255,255,255,255,255,255,255,255,255,255,255,255,255,255,255,255,255,150,0,0,0,0,0,0,0,0,0,0,0,0,0,5,194,254,255,255,255,255,
0,0,0,0,0,0,0,0,21,59,60,60,60,60,73,213,255,255,255,255,255,255,255,196,243,255,255,255,255,255,255,255,255,255,255,255,255,255,254,102,0,0,0,0,0,0,0,0,0,0,0,0,0,147,255,255,255,255,255,255,
0,0,0,0,0,0,0,0,17,58,60,60,60,60,60,101,247,255,255,255,255,255,238,100,129,255,255,255,255,255,255,255,255,255,255,255,254,216,149,12,0,0,0,0,0,0,0,0,0,0,0,0,102,254,255,255,255,255,255,255,
0,0,0,0,0,0,0,0,12,59,60,60,60,60,60,59,75,217,255,255,255,254,100,20,75,179,222,207,213,250,254,255,255,255,234,141,48,0,0,0,0,0,0,0,0,0,0,0,0,0,0,73,250,255,255,255,255,255,255,255,
0,0,0,0,0,0,0,0,4,58,60,60,60,60,60,60,60,71,219,231,213,129,11,0,0,0,2,81,95,83,124,220,254,232,43,0,0,0,0,0,0,0,0,0,0,0,0,0,0,0,55,245,255,255,255,255,255,255,255,255,
0,0,0,0,0,0,0,0,1,46,59,60,60,60,60,60,60,60,58,59,60,59,26,0,0,0,0,0,0,24,54,58,69,16,0,0,0,0,0,0,0,0,0,0,0,0,0,0,0,55,239,255,255,255,255,255,255,255,255,255,
0,0,0,0,0,0,0,0,0,9,57,60,60,60,60,60,60,60,60,60,60,59,14,0,0,0,0,0,0,0,0,0,0,0,0,0,0,0,0,0,0,0,0,0,0,0,0,0,61,239,255,255,255,255,255,255,255,255,255,255,
0,0,0,0,0,0,0,0,0,0,29,59,60,60,60,60,60,60,60,60,60,39,0,0,0,0,0,0,0,0,0,0,0,0,0,0,0,0,0,0,0,0,0,0,0,0,0,78,245,255,255,255,255,255,255,255,255,255,255,255,
0,0,0,0,0,0,0,0,0,0,1,42,60,60,60,60,60,60,60,60,59,14,0,0,0,0,0,0,0,0,0,0,0,0,0,0,0,0,0,0,0,0,0,0,0,0,111,251,255,255,255,255,255,255,255,255,255,255,255,255,
0,0,0,0,0,0,0,0,0,0,0,8,57,60,60,60,60,60,60,59,56,8,0,0,0,0,0,0,0,0,0,0,0,0,0,0,0,0,0,0,0,0,0,0,9,160,254,255,255,255,255,255,255,255,255,255,255,255,255,255,
0,0,0,0,0,0,0,0,0,0,0,0,15,35,50,59,60,59,53,31,16,0,0,0,0,0,0,0,0,0,0,0,0,0,0,0,0,0,0,0,0,0,0,40,208,254,255,255,255,255,255,255,255,255,255,255,255,255,255,255,
0,0,0,0,0,0,0,0,0,0,0,0,0,0,0,13,44,44,7,0,0,0,0,0,0,0,0,0,0,0,0,0,0,0,0,0,0,0,0,0,0,0,99,244,254,255,255,255,255,255,255,255,255,255,255,255,255,255,255,255,
0,0,0,0,0,0,0,0,0,0,0,0,0,0,0,0,0,0,0,0,0,0,0,0,0,0,0,0,0,0,0,0,0,0,0,0,0,0,0,0,26,177,254,255,255,255,255,255,255,255,255,255,255,255,255,255,255,255,255,255,
0,0,0,0,0,0,0,0,0,0,0,0,0,0,0,0,0,0,0,0,0,0,0,0,0,0,0,0,0,0,0,0,0,0,0,0,0,0,2,95,236,254,255,255,255,255,255,255,255,255,255,255,255,255,255,255,255,255,255,255,
0,0,0,0,0,0,0,0,0,0,0,0,0,0,0,0,0,0,0,0,0,0,0,0,0,0,0,0,0,0,0,0,0,0,0,0,0,41,188,254,255,255,255,255,255,255,255,255,255,255,255,255,255,255,255,255,255,255,255,255,
0,0,0,0,0,0,0,0,0,0,0,0,0,0,0,0,0,0,0,0,0,0,0,0,0,0,0,0,0,0,0,0,0,0,0,14,135,245,255,255,255,255,255,255,255,255,255,255,255,255,255,255,255,255,255,255,255,255,255,255,
0,0,0,0,0,0,0,0,0,0,0,0,0,0,0,0,0,0,0,0,0,0,0,0,0,0,0,0,0,0,0,0,0,6,95,224,254,255,255,255,255,255,255,255,255,255,255,255,255,255,255,255,255,255,255,255,255,255,255,255,
0,0,0,0,0,0,0,0,0,0,0,0,0,0,0,0,0,0,0,0,0,0,0,0,0,0,0,0,0,0,0,3,70,198,254,255,255,255,255,255,255,255,255,255,255,255,255,255,255,255,255,255,255,255,255,255,255,255,255,255,
