0,0,0,0,0,0,0,0,0,0,0,0,0,0,0,0,0,0,0,0,0,0,0,0,0,0,0,0,0,0,0,0,0,0,0,0,0,0,0,0,0,0,0,0,75,208,255,255,255,236,205,223,221,255,217,15,0,0,0,0,
0,0,0,0,0,0,0,0,0,0,0,0,0,0,0,0,0,0,0,0,0,0,33,93,130,158,179,180,178,147,104,49,2,0,0,0,0,0,0,0,0,0,30,179,254,255,255,255,255,255,255,254,252,208,203,14,0,0,0,0,
0,0,0,0,0,0,0,0,0,0,0,0,0,0,0,0,0,0,0,0,68,202,254,254,255,255,255,255,255,255,255,254,239,172,92,12,0,0,0,0,0,96,240,255,255,255,255,255,255,255,255,255,255,243,120,0,0,0,0,0,
0,0,0,0,0,0,0,0,0,0,0,0,0,0,0,0,0,0,0,0,196,220,251,255,255,255,255,255,255,255,255,255,255,255,255,244,157,68,36,75,189,254,255,255,255,255,255,255,255,255,255,255,255,255,242,28,0,0,0,0,
0,0,0,0,0,0,0,0,0,0,0,0,0,0,0,0,0,0,0,10,249,28,68,210,255,255,255,255,255,255,255,255,255,255,255,255,255,254,254,254,255,255,255,255,255,255,255,255,255,255,255,255,255,255,255,170,0,0,0,0,
0,0,0,0,0,0,0,0,0,0,0,0,0,0,0,0,0,0,0,47,229,38,0,162,254,255,255,255,255,255,255,255,255,255,255,255,255,255,255,255,255,255,255,255,255,255,255,255,255,255,255,255,255,255,255,254,56,0,0,0,
0,0,0,0,0,0,0,0,0,0,0,0,0,0,0,0,0,0,0,52,153,97,57,204,212,254,254,255,255,255,255,255,255,255,255,255,255,255,255,255,255,255,255,255,255,255,255,255,255,255,255,255,255,255,255,255,146,0,0,0,
0,0,0,0,0,0,0,0,0,0,0,0,0,0,0,0,0,0,0,26,188,194,228,209,237,121,175,238,254,255,255,255,255,255,255,255,255,255,255,255,255,255,255,255,255,255,255,255,255,255,255,255,255,255,255,255,180,0,0,0,
0,0,0,0,0,0,0,0,0,0,0,0,0,0,0,0,0,0,0,0,123,206,159,68,115,51,122,86,153,254,255,255,255,255,255,255,255,255,255,255,255,255,255,255,255,255,255,255,255,255,255,255,255,255,255,255,153,0,0,0,
0,0,0,0,0,0,0,0,0,0,0,0,0,0,0,0,0,0,0,0,0,0,0,0,4,159,115,123,0,133,255,255,255,255,255,255,255,255,255,255,255,255,255,255,255,255,255,255,255,255,255,255,255,255,255,255,115,0,0,0,
0,0,0,0,0,0,0,0,0,0,0,0,0,0,0,0,0,0,0,0,0,0,0,0,0,19,189,200,0,1,178,255,255,255,255,255,255,255,255,255,255,255,255,255,255,255,255,255,255,255,255,255,255,255,255,254,67,0,0,0,
0,0,0,0,0,0,0,0,0,0,0,0,0,0,0,0,0,0,0,0,0,0,0,0,0,0,17,205,152,160,235,255,255,255,255,255,255,255,255,255,255,255,255,255,255,255,255,255,255,255,255,255,255,255,255,252,16,0,0,0,
0,0,0,0,0,0,0,0,0,0,0,0,0,0,0,0,0,0,0,0,0,0,0,0,0,0,0,146,247,225,255,255,255,255,255,255,255,255,255,255,255,255,255,255,255,255,255,255,255,255,255,255,255,255,255,209,0,0,0,0,
0,0,0,0,0,0,0,0,0,0,0,0,0,0,0,0,0,0,0,0,0,0,0,0,0,0,129,208,215,254,255,255,255,255,255,255,255,255,255,255,255,255,255,255,255,255,255,255,255,255,255,255,255,255,255,156,0,0,0,0,
0,0,0,0,0,0,0,0,0,0,0,0,0,0,0,0,0,0,0,0,0,0,0,0,0,46,177,254,254,255,255,255,255,255,255,255,255,255,255,255,255,255,255,255,255,255,255,255,255,255,255,255,255,255,255,144,0,0,0,0,
0,0,0,0,0,0,0,0,0,0,0,0,0,0,0,0,0,0,0,0,0,0,0,0,0,0,35,181,254,255,255,255,255,255,255,255,255,255,255,255,255,255,255,255,255,255,255,255,255,255,255,255,255,255,255,199,0,0,0,0,
0,0,0,0,0,0,0,0,0,0,0,0,0,0,0,0,0,0,0,0,0,0,0,0,0,0,0,4,113,248,255,255,255,255,255,255,255,255,255,255,255,255,255,255,255,255,255,255,255,255,255,255,255,255,255,254,126,0,0,0,
0,0,0,0,0,0,0,0,0,0,0,0,0,0,0,0,0,0,0,0,0,0,0,0,0,0,1,1,0,134,254,255,255,255,255,255,255,255,255,255,255,255,255,255,255,255,255,255,255,255,255,255,255,255,255,255,254,115,0,0,
0,0,0,0,0,0,0,0,0,0,0,0,0,0,0,0,0,0,0,0,0,0,0,1,88,182,242,106,0,0,196,255,255,255,255,255,255,255,255,255,255,237,159,251,255,255,255,255,255,255,255,255,255,255,255,255,255,253,100,0,
0,0,0,0,0,0,0,0,0,0,0,0,0,0,0,0,0,0,0,0,0,0,0,142,254,254,254,81,0,0,143,255,255,255,255,255,255,255,255,255,255,254,75,155,248,254,255,255,255,255,255,255,255,255,255,255,255,255,249,65,
0,0,0,0,0,0,0,0,0,0,0,0,0,0,0,0,0,0,0,0,0,0,0,141,255,255,254,23,0,0,51,254,255,255,255,255,255,255,255,255,255,255,165,87,228,95,238,255,255,255,255,255,255,255,255,255,255,255,255,231,
0,0,0,0,0,0,0,0,0,0,0,0,0,0,0,0,0,0,0,0,0,0,0,87,255,255,226,0,0,0,43,253,254,254,255,255,255,255,255,255,255,255,116,27,198,114,39,222,255,255,255,255,255,255,255,255,255,255,255,255,
0,0,0,0,0,0,0,0,0,0,0,0,0,0,0,0,0,0,0,0,0,0,0,36,254,255,170,0,0,0,44,253,67,193,255,255,255,255,255,255,255,255,143,131,189,231,97,102,239,255,255,255,255,255,255,255,255,255,255,255,
0,0,0,0,0,0,0,0,0,0,0,0,0,0,0,0,0,0,0,0,0,0,0,0,235,255,119,0,0,0,46,254,160,212,255,255,255,255,255,255,255,255,122,0,13,192,168,46,77,212,254,255,255,255,255,255,255,255,255,255,
0,0,0,0,0,0,0,0,0,0,0,0,0,0,0,0,0,0,0,0,0,0,0,0,183,254,63,0,0,0,46,254,253,254,255,255,255,255,255,255,255,255,146,0,0,50,229,88,0,97,75,157,244,255,255,255,255,255,255,255,
0,0,0,0,0,0,0,0,0,0,0,0,0,0,0,0,0,0,0,0,0,0,0,0,127,253,13,0,0,0,54,254,255,255,255,255,255,255,255,255,255,255,169,0,0,0,78,232,77,105,1,0,19,146,251,255,255,255,255,255,
0,0,0,0,0,0,0,0,0,0,0,0,0,0,0,0,0,0,0,0,0,0,0,0,76,246,29,0,0,0,100,254,255,255,255,255,255,255,255,255,255,255,194,0,0,0,0,70,229,177,50,0,0,0,63,232,255,255,255,255,
0,0,0,0,0,0,0,0,0,0,0,0,0,0,0,0,0,0,0,0,0,0,0,0,133,248,115,1,0,10,213,254,255,255,255,255,255,255,255,255,255,255,217,0,0,0,0,0,35,186,206,55,0,0,0,32,221,255,255,255,
0,0,0,0,0,0,0,0,0,0,0,0,0,0,0,0,0,0,0,0,0,0,0,41,245,238,222,29,1,167,255,255,255,255,255,255,255,255,255,255,255,255,238,0,0,0,0,0,0,1,82,207,184,103,124,191,220,249,255,255,
0,0,0,0,0,0,0,0,0,0,0,0,0,0,0,0,0,0,0,0,0,0,16,213,255,251,240,48,120,254,255,255,255,255,255,255,255,255,255,255,255,255,254,11,0,0,0,0,0,0,0,1,57,130,177,185,185,167,236,245,
0,0,0,0,0,0,0,0,0,0,0,0,0,0,0,0,0,0,0,0,0,0,119,254,255,255,254,54,243,255,255,255,255,255,255,255,255,255,255,255,255,255,255,44,0,0,0,0,0,0,0,0,0,0,0,0,0,6,199,219,
0,0,0,0,0,0,0,0,0,0,0,0,0,0,0,0,0,0,0,0,0,0,84,255,255,255,240,42,254,255,255,255,255,255,255,255,255,255,255,255,255,255,255,77,0,0,0,0,0,0,0,0,0,0,0,0,0,0,198,207,
0,0,0,0,0,0,0,0,0,0,0,0,0,0,0,0,0,0,0,0,0,0,10,238,255,255,208,74,218,255,255,255,255,255,255,255,255,255,255,255,255,255,255,110,0,0,0,0,0,0,0,0,0,0,0,0,0,0,165,161,
0,0,0,0,0,0,0,0,0,0,0,0,0,0,0,0,0,0,0,0,0,0,0,130,255,255,255,246,240,255,255,255,255,255,255,255,255,255,255,255,255,255,255,145,0,0,0,0,0,0,0,0,0,0,0,0,0,0,48,175,
0,0,0,0,0,0,0,0,0,0,0,0,0,0,0,0,0,0,0,0,0,0,0,11,213,255,255,255,255,255,255,255,255,255,255,255,255,255,255,255,255,255,255,206,0,0,0,0,0,0,0,0,0,0,0,0,0,0,0,40,
0,0,0,0,0,0,0,0,0,0,0,0,0,0,0,0,0,0,0,0,0,0,0,0,8,114,237,255,255,255,255,255,255,255,255,255,255,255,255,255,255,255,255,253,40,0,0,0,0,0,0,0,0,0,0,0,0,0,0,0,
0,0,0,0,0,0,0,0,0,0,0,0,0,0,0,0,0,0,0,0,0,0,0,0,0,110,215,250,254,255,255,255,255,255,255,255,255,255,255,255,255,255,255,255,154,0,0,0,0,0,0,0,0,0,0,0,0,0,0,0,
0,0,0,0,0,0,0,0,0,0,0,0,0,0,0,0,0,0,0,0,0,0,0,0,81,253,255,253,159,254,255,255,255,255,255,255,255,255,255,255,255,255,255,255,249,32,0,0,0,0,0,0,0,0,0,0,0,0,0,0,
0,0,0,0,0,0,0,0,0,0,0,0,0,0,0,0,0,0,0,0,0,0,0,17,236,255,255,137,142,255,255,255,255,255,255,255,255,255,255,255,255,255,255,255,254,151,0,0,0,0,0,0,0,0,0,0,0,0,0,0,
0,0,0,0,0,0,0,0,0,0,0,0,0,0,0,0,0,0,0,0,0,0,0,102,255,255,181,4,195,255,255,255,255,255,255,255,255,255,255,255,255,255,255,255,255,245,24,0,0,0,0,0,0,0,0,0,0,0,0,0,
0,0,0,0,0,0,0,0,0,0,0,0,0,0,0,0,0,0,0,0,0,0,0,67,241,149,8,2,243,255,255,255,255,255,255,255,255,255,255,255,255,255,255,255,255,255,140,0,0,0,0,0,0,0,0,0,0,0,0,0,
0,0,0,0,0,0,0,0,0,0,0,0,0,0,0,0,0,0,0,0,0,0,0,0,0,0,0,33,254,255,255,255,255,255,255,255,255,255,255,255,255,255,255,255,255,250,230,2,0,0,0,0,0,0,0,0,0,0,0,0,
0,0,0,0,0,0,0,0,0,0,0,0,0,0,0,0,0,0,0,0,0,0,0,0,0,0,0,74,254,255,255,255,255,255,255,255,255,255,255,255,255,255,255,255,255,234,245,63,0,0,0,0,0,0,0,0,0,0,0,0,
0,0,0,0,0,0,0,0,0,0,0,0,0,0,0,0,0,0,0,0,0,0,0,0,0,0,0,119,255,255,255,255,255,255,255,255,255,255,255,255,255,255,255,255,255,250,173,135,0,0,0,0,0,0,0,0,0,0,0,0,
0,0,0,0,0,0,0,0,0,0,0,0,0,0,0,0,0,0,0,0,0,0,0,0,0,0,0,152,255,255,255,255,255,255,255,255,255,255,255,255,255,255,255,255,255,254,76,172,0,0,0,0,0,0,0,0,0,0,0,0,
