0,0,0,0,0,0,0,0,0,0,0,0,0,0,0,0,0,0,0,150,42,68,228,255,255,255,255,255,255,255,255,255,255,255,255,255,255,255,228,120,15,34,137,246,255,255,255,255,255,255,255,255,255,255,255,255,255,238,70,0,
0,0,0,0,0,0,0,0,0,0,0,0,0,0,0,0,0,0,0,138,59,0,132,255,255,255,255,255,255,255,255,255,255,255,255,255,255,255,255,255,248,254,255,255,255,255,255,255,255,255,255,255,255,255,255,255,255,255,213,8,
0,0,0,0,0,0,0,0,0,0,0,0,0,0,0,0,0,0,0,98,111,1,225,255,255,255,255,255,255,255,255,255,255,255,255,255,255,255,255,255,255,255,255,255,255,255,255,255,255,255,255,255,255,255,255,255,255,255,254,94,
0,0,0,0,0,0,0,0,0,0,0,0,0,0,0,0,0,0,0,46,226,108,215,129,241,255,255,255,255,255,255,255,255,255,255,255,255,255,255,255,255,255,255,255,255,255,255,255,255,255,255,255,255,255,255,255,255,255,255,178,
0,0,0,0,0,0,0,0,0,0,0,0,0,0,0,0,0,0,0,1,199,217,102,53,191,179,253,255,255,255,255,255,255,255,255,255,255,255,255,255,255,255,255,255,255,255,255,255,255,255,255,255,255,255,255,255,255,255,255,246,
0,0,0,0,0,0,0,0,0,0,0,0,0,0,0,0,0,0,0,0,40,215,206,240,103,0,65,231,255,255,255,255,255,255,255,255,255,255,255,255,255,255,255,255,255,255,255,255,255,255,255,255,255,255,255,255,255,255,255,255,
0,0,0,0,0,0,0,0,0,0,0,0,0,0,0,0,0,0,0,0,0,9,54,146,33,0,0,35,234,255,255,255,255,255,255,255,255,255,255,255,255,255,255,255,255,255,255,255,255,255,255,255,255,255,255,255,255,255,255,255,
0,0,0,0,0,0,0,0,0,0,0,0,0,0,0,0,0,0,0,0,0,0,0,10,162,22,0,0,157,255,255,255,255,255,255,255,255,255,255,255,255,255,255,255,255,255,255,255,255,255,255,255,255,255,255,255,255,255,255,255,
0,0,0,0,0,0,0,0,0,0,0,0,0,0,0,0,0,0,0,0,0,0,0,0,20,166,84,3,116,255,255,255,255,255,255,255,255,255,255,255,255,255,255,255,255,255,255,255,255,255,255,255,255,255,255,255,255,255,255,229,
0,0,0,0,0,0,0,0,0,0,0,0,0,0,0,0,0,0,0,0,0,0,0,0,0,3,94,166,170,248,254,255,255,255,255,255,255,255,255,255,255,255,255,255,255,255,255,255,255,255,255,255,255,255,255,255,255,255,255,172,
0,0,0,0,0,0,0,0,0,0,0,0,0,0,0,0,0,0,0,0,0,0,0,0,0,0,92,155,144,212,254,255,255,255,255,255,255,255,255,255,255,255,255,255,255,255,255,255,255,255,255,255,255,255,255,255,255,255,254,106,
0,0,0,0,0,0,0,0,0,0,0,0,0,0,0,0,0,0,0,0,0,0,0,0,0,105,146,140,101,141,254,255,255,255,255,255,255,255,255,255,255,255,255,255,255,255,255,255,255,255,255,255,255,255,255,255,255,255,254,44,
0,0,0,0,0,0,0,0,0,0,0,0,0,0,0,0,0,0,0,0,0,0,0,0,44,208,245,166,236,255,255,255,255,255,255,255,255,255,255,255,255,255,255,255,255,255,255,255,255,255,255,255,255,255,255,255,255,255,232,1,
0,0,0,0,0,0,0,0,0,0,0,0,0,0,0,0,0,0,0,0,0,0,0,0,22,36,254,255,255,255,255,255,255,255,255,255,255,255,255,255,255,255,255,255,255,255,255,255,255,255,255,255,255,255,255,255,255,255,194,0,
0,0,0,0,0,0,0,0,0,0,0,0,0,0,0,0,0,0,0,0,0,0,0,0,0,2,114,254,255,255,255,255,255,255,255,255,255,255,255,255,255,255,255,255,255,255,255,255,255,255,255,255,255,255,255,255,255,255,249,77,
0,0,0,0,0,0,0,0,0,0,0,0,0,0,0,0,0,0,0,0,0,0,0,0,0,0,15,124,255,255,255,255,255,255,255,255,255,255,255,255,255,255,255,255,255,255,255,255,255,255,255,255,255,255,255,255,255,255,255,247,
0,0,0,0,0,0,0,0,0,0,0,0,0,0,0,0,0,0,0,0,0,0,0,0,0,0,0,10,202,251,255,255,255,255,255,255,255,255,255,255,255,255,255,255,255,255,255,255,255,255,255,255,255,255,255,255,255,255,255,255,
0,0,0,0,0,0,0,0,0,0,0,0,0,0,0,0,0,0,0,0,0,0,0,0,0,0,0,0,0,112,255,255,255,255,255,255,255,255,255,255,255,255,255,255,255,255,255,255,255,255,255,255,255,255,255,255,255,255,255,255,
0,0,0,0,0,0,0,0,0,0,0,0,0,0,0,0,0,0,0,0,0,0,0,0,0,0,0,0,0,40,254,255,255,255,255,255,255,255,255,255,255,255,254,191,254,255,255,255,255,255,255,255,255,255,255,255,255,255,255,255,
0,0,0,0,0,0,0,0,0,0,0,0,0,0,0,0,0,0,0,0,0,0,0,0,0,0,0,0,0,12,237,255,255,255,255,255,255,255,255,255,255,255,255,68,71,232,255,255,255,255,255,255,255,255,255,255,255,255,255,255,
0,0,0,0,0,0,0,0,0,0,0,0,0,0,0,0,0,0,0,0,0,0,0,0,0,0,0,0,0,0,227,254,255,255,255,255,255,255,255,255,255,255,254,84,0,26,203,254,255,255,255,255,255,255,255,255,255,255,255,255,
0,0,0,0,0,0,0,0,0,0,0,0,0,0,0,0,0,5,31,55,65,52,30,11,0,0,0,0,0,0,252,158,247,255,255,255,255,255,255,255,255,255,254,90,0,0,12,191,255,255,255,255,255,255,255,255,255,255,255,255,
0,0,0,0,0,0,0,0,0,0,0,0,0,0,0,5,136,223,244,251,254,248,234,201,145,65,11,0,0,5,254,86,183,255,255,255,255,255,255,255,255,255,255,187,111,116,130,145,238,255,255,255,255,255,255,255,255,255,255,255,
0,0,0,0,0,0,0,0,0,0,0,0,0,0,0,94,254,255,255,255,255,255,255,255,254,246,188,87,13,26,254,112,223,255,255,255,255,255,255,255,255,255,254,122,16,13,0,0,13,206,254,255,255,255,255,255,255,255,255,255,
0,0,0,0,0,0,0,0,0,0,0,0,0,0,0,3,200,255,255,255,255,255,255,255,255,255,254,248,176,83,254,248,254,255,255,255,255,255,255,255,255,255,255,135,0,0,0,0,0,70,249,220,251,255,255,255,255,255,255,255,
0,0,0,0,0,0,0,0,0,0,0,0,0,0,0,0,41,246,255,255,255,255,255,255,255,255,255,255,254,235,254,255,255,255,255,255,255,255,255,255,255,255,255,150,0,0,0,0,0,34,196,192,31,146,249,255,255,255,255,255,
0,0,0,0,0,0,0,0,0,0,0,0,0,0,0,0,0,111,254,255,255,255,255,255,255,255,255,255,255,255,255,255,255,255,255,255,255,255,255,255,255,255,255,163,0,0,0,0,0,1,133,203,113,0,44,207,254,255,255,255,
0,0,0,0,0,0,0,0,0,0,0,0,0,0,0,0,0,2,192,255,255,255,255,255,255,255,255,255,255,255,255,255,255,255,255,255,255,255,255,255,255,255,255,181,0,0,0,0,0,0,102,79,228,87,0,10,169,255,255,255,
0,0,0,0,0,0,0,0,0,0,0,0,0,0,0,0,0,0,37,244,255,255,255,255,255,255,255,255,255,255,255,255,255,255,255,255,255,255,255,255,255,255,255,194,0,0,0,0,0,0,2,140,84,229,109,1,1,146,255,255,
0,0,0,0,0,0,0,0,0,0,0,0,0,0,0,0,0,0,0,111,254,255,255,255,255,255,255,255,255,255,255,255,255,255,255,255,255,255,255,255,255,255,255,205,0,0,0,0,0,0,0,4,123,165,243,198,146,165,241,254,
0,0,0,0,0,0,0,0,0,0,0,0,0,0,0,0,0,0,0,1,191,255,255,255,255,255,255,255,255,255,255,255,255,255,255,255,255,255,255,255,255,255,255,221,0,0,0,0,0,0,0,0,0,16,67,105,203,243,214,254,
0,0,0,0,0,0,0,0,0,0,0,0,0,0,0,0,0,0,0,0,31,241,255,255,255,255,255,255,255,255,255,255,255,255,255,255,255,255,255,255,255,255,255,239,0,0,0,0,0,0,0,0,0,0,0,0,0,27,56,116,
0,0,0,0,0,0,0,0,0,0,0,0,0,0,0,0,0,0,0,0,0,103,255,255,255,255,255,255,255,255,255,255,255,255,255,255,255,255,255,255,255,255,255,253,13,0,0,0,0,0,0,0,0,0,0,0,0,0,0,42,
0,0,0,0,0,0,0,0,0,0,0,0,0,0,0,0,0,0,0,0,0,79,254,255,255,255,255,255,255,255,255,255,255,255,255,255,255,255,255,255,255,255,255,254,44,0,0,0,0,0,0,0,0,0,0,0,0,0,0,0,
0,0,0,0,0,0,0,0,0,0,0,0,0,0,0,0,0,0,0,0,17,221,255,255,255,255,255,255,255,255,255,255,255,255,255,255,255,255,255,255,255,255,255,255,72,0,0,0,0,0,0,0,0,0,0,0,0,0,0,0,
0,0,0,0,0,0,0,0,0,0,0,0,0,0,0,0,0,0,0,0,85,254,255,255,255,254,153,255,255,255,255,255,255,255,255,255,255,255,255,255,255,255,255,255,112,0,0,0,0,0,0,0,0,0,0,0,0,0,0,0,
0,0,0,0,0,0,0,0,0,0,0,0,0,0,0,0,0,0,0,0,32,253,255,255,255,255,251,255,255,255,255,255,255,255,255,255,255,255,255,255,255,255,255,255,181,0,0,0,0,0,0,0,0,0,0,0,0,0,0,0,
0,0,0,0,0,0,0,0,0,0,0,0,0,0,0,0,0,0,0,0,0,175,255,255,255,255,255,255,255,255,255,255,255,255,255,255,255,255,255,255,255,255,255,255,245,10,0,0,0,0,0,0,0,0,0,0,0,0,0,0,
0,0,0,0,0,0,0,0,0,0,0,0,0,0,0,0,0,0,0,0,0,44,251,255,255,255,255,255,255,255,255,255,255,255,255,255,255,255,255,255,255,255,255,255,255,81,0,0,0,0,0,0,0,0,0,0,0,0,0,0,
0,0,0,0,0,0,0,0,0,0,0,0,0,0,0,0,0,0,0,0,0,0,160,255,255,255,255,255,255,255,255,255,255,255,255,255,255,255,255,255,255,255,255,255,255,187,0,0,0,0,0,0,0,0,0,0,0,0,0,0,
0,0,0,0,0,0,0,0,0,0,0,0,0,0,0,0,0,0,0,0,0,12,226,255,255,255,255,255,255,255,255,255,255,255,255,255,255,255,255,255,255,255,255,255,255,253,47,0,0,0,0,0,0,0,0,0,0,0,0,0,
0,0,0,0,0,0,0,0,0,0,0,0,0,0,0,0,0,0,0,0,0,94,254,254,174,118,164,254,255,255,255,255,255,255,255,255,255,255,255,255,255,255,255,255,255,255,159,0,0,0,0,0,0,0,0,0,0,0,0,0,
0,0,0,0,0,0,0,0,0,0,0,0,0,0,0,0,0,0,0,0,0,45,213,137,3,0,42,254,255,255,255,255,255,255,255,255,255,255,255,255,255,255,255,255,255,254,246,25,0,0,0,0,0,0,0,0,0,0,0,0,
0,0,0,0,0,0,0,0,0,0,0,0,0,0,0,0,0,0,0,0,0,0,0,0,0,0,85,254,255,255,255,255,255,255,255,255,255,255,255,255,255,255,255,255,255,249,238,132,0,0,0,0,0,0,0,0,0,0,0,0,
0,0,0,0,0,0,0,0,0,0,0,0,0,0,0,0,0,0,0,0,0,0,0,0,0,0,126,255,255,255,255,255,255,255,255,255,255,255,255,255,255,255,255,255,255,254,204,224,2,0,0,0,0,0,0,0,0,0,0,0,
