0,0,0,0,0,0,0,0,0,0,0,0,0,0,0,0,0,0,0,0,8,244,248,179,252,255,255,255,255,255,255,255,255,255,255,255,255,255,255,255,255,255,255,255,255,255,255,255,255,255,255,255,255,255,255,255,255,255,255,255,
0,0,0,0,0,0,0,0,0,0,0,0,0,0,0,0,0,0,0,0,0,215,220,90,56,214,255,255,255,255,255,255,255,255,255,255,255,255,255,255,255,255,255,255,255,255,255,255,255,255,255,255,255,255,255,255,255,255,255,255,
0,0,0,0,0,0,0,0,0,0,0,0,0,0,0,0,0,0,0,0,0,70,40,242,174,178,251,254,255,255,255,255,255,255,255,255,255,255,255,255,255,255,255,255,255,255,255,255,255,255,255,255,255,255,255,255,255,255,255,255,
0,0,0,0,0,0,0,0,0,0,0,0,0,0,0,0,0,0,0,0,0,0,0,163,61,68,20,157,255,255,255,255,255,255,255,255,255,255,255,255,255,255,255,255,255,255,255,255,255,255,255,255,255,255,255,255,255,255,255,255,
0,0,0,0,0,0,0,0,0,0,0,0,0,0,0,0,0,0,0,0,0,0,0,72,105,0,0,8,217,255,255,255,255,255,255,255,255,255,255,255,255,255,255,255,255,255,255,255,255,255,255,255,255,255,255,255,255,255,255,255,
0,0,0,0,0,0,0,0,0,0,0,0,0,0,0,0,0,0,0,0,0,0,0,0,151,42,0,0,93,255,255,255,255,255,255,255,255,255,255,255,255,255,255,255,255,255,255,255,255,255,255,255,255,255,255,255,255,255,255,255,
0,0,0,0,0,0,0,0,0,0,0,0,0,0,0,0,0,0,0,0,0,0,0,0,10,168,53,0,37,248,255,255,255,255,255,255,255,255,255,255,255,255,255,255,255,255,255,255,255,255,255,255,255,255,255,255,255,255,255,255,
0,0,0,0,0,0,0,0,0,0,0,0,0,0,0,0,0,0,0,0,0,0,0,0,0,8,111,127,102,149,205,255,255,255,255,255,255,255,255,255,255,255,255,255,255,255,255,255,255,255,255,255,255,255,255,255,255,255,255,255,
0,0,0,0,0,0,0,0,0,0,0,0,0,0,0,0,0,0,0,0,0,0,0,0,0,0,0,0,0,146,245,255,255,255,255,255,255,255,255,255,255,255,255,255,255,255,255,255,255,255,255,255,255,255,255,255,255,255,255,255,
0,0,0,0,0,0,0,0,0,0,0,0,0,0,0,0,0,0,0,0,0,0,0,0,0,0,0,0,81,254,255,255,255,255,255,255,255,255,255,255,255,255,255,255,255,255,255,255,255,255,255,255,255,255,255,255,255,255,255,255,
0,0,0,0,0,0,0,0,0,0,0,0,0,0,0,0,0,0,0,0,0,0,0,0,0,0,0,33,212,255,255,255,255,255,255,255,255,255,255,255,255,255,255,255,255,255,255,255,255,255,255,255,255,255,255,255,255,255,255,250,
0,0,0,0,0,0,0,0,0,0,0,0,0,0,0,0,0,0,0,0,0,0,0,0,8,118,155,132,254,255,255,255,255,255,255,255,255,255,255,255,255,255,255,255,255,255,255,255,255,255,255,255,255,255,255,255,255,255,255,233,
0,0,0,0,0,0,0,0,0,0,0,0,0,0,0,0,0,0,0,0,0,0,0,9,133,39,105,147,254,255,255,255,255,255,255,255,255,255,255,255,255,255,255,255,255,255,255,255,255,255,255,255,255,255,255,255,255,255,255,255,
0,0,0,0,0,0,0,0,0,0,0,0,0,0,0,0,0,0,0,0,0,28,71,155,130,195,161,167,255,255,255,255,255,255,255,255,255,255,255,255,255,255,255,255,255,255,255,255,255,255,255,255,255,255,255,255,255,255,255,255,
0,0,0,0,0,0,0,0,0,0,0,0,0,0,0,0,0,0,23,129,216,253,254,255,255,254,255,255,255,255,255,255,255,255,255,255,255,255,255,255,255,255,255,255,255,255,255,255,255,255,255,255,255,255,255,255,255,255,255,255,
0,0,0,0,0,0,0,0,0,0,0,0,0,0,0,0,29,141,249,254,255,255,255,255,255,255,255,255,255,255,255,255,255,255,255,255,255,255,255,255,255,255,255,255,255,255,255,255,255,255,255,255,255,255,255,255,255,255,255,255,
0,0,0,0,0,0,0,0,0,0,0,0,0,0,0,79,224,255,255,255,255,255,255,255,255,255,255,255,255,255,255,255,255,255,255,255,255,255,255,255,255,233,255,255,255,255,255,255,255,255,255,255,255,255,255,255,255,255,255,255,
0,0,0,0,0,0,0,0,0,0,0,0,0,0,111,247,255,255,255,255,255,255,255,255,255,255,255,255,255,255,255,255,255,255,255,255,255,255,255,255,255,252,102,181,255,255,255,255,255,255,255,255,255,255,255,255,255,255,255,255,
0,0,0,0,0,0,0,0,0,0,0,0,0,121,252,255,255,255,255,255,255,255,255,255,255,255,255,255,255,255,255,255,255,255,255,255,255,255,255,255,255,209,0,1,124,253,255,255,255,255,255,255,255,255,255,255,255,255,255,255,
0,0,0,0,0,0,0,0,0,0,0,0,34,250,255,255,255,255,255,255,255,255,255,255,255,255,255,250,218,254,255,255,255,255,255,255,255,255,255,255,255,251,12,0,0,105,253,255,255,255,255,255,255,255,255,255,255,255,255,255,
0,0,0,0,0,0,0,0,0,0,0,0,9,156,254,255,255,255,255,255,255,255,255,255,255,255,252,188,84,246,255,255,255,255,255,255,255,255,255,255,255,254,99,3,0,0,109,254,255,255,255,255,255,255,255,255,255,255,255,255,
0,0,0,0,0,0,0,0,0,0,0,0,0,0,83,236,255,255,255,255,255,255,255,255,255,252,188,80,7,231,255,255,255,255,255,255,255,255,255,255,255,255,168,137,137,133,135,225,254,255,255,255,255,255,255,255,255,255,255,255,
0,0,0,0,0,0,0,0,0,0,0,0,0,0,0,30,190,255,255,255,255,255,255,255,252,191,74,5,0,207,255,255,255,255,255,255,255,255,255,255,255,254,150,0,0,0,0,20,177,248,254,255,255,255,255,255,255,255,255,255,
0,0,0,0,0,0,0,0,0,0,0,0,0,0,0,0,2,120,248,255,255,255,255,253,190,72,4,0,0,189,255,255,255,255,255,255,255,255,255,255,255,255,187,0,0,0,0,0,104,17,95,197,255,255,255,255,255,255,255,255,
0,0,0,0,0,0,0,0,0,0,0,0,0,0,0,0,0,0,54,215,255,255,255,242,66,2,0,0,0,170,255,255,255,255,255,255,255,255,255,255,255,255,220,0,0,0,0,0,71,47,0,0,64,208,255,255,255,255,255,255,
0,0,0,0,0,0,0,0,0,0,0,0,0,0,0,0,0,0,0,31,254,255,255,255,90,0,0,0,0,151,255,255,255,255,255,255,255,255,255,255,255,255,246,3,0,0,0,0,7,132,0,0,0,5,139,254,255,255,255,255,
0,0,0,0,0,0,0,0,0,0,0,0,0,0,0,0,0,0,0,110,254,255,255,255,154,0,0,0,0,130,255,255,255,255,255,255,255,255,255,255,255,255,254,52,0,0,0,0,0,88,68,0,0,0,0,92,249,255,255,255,
0,0,0,0,0,0,0,0,0,0,0,0,0,0,0,0,0,0,0,180,255,255,255,254,146,0,0,0,0,110,255,255,255,255,255,255,255,255,255,255,255,255,254,109,0,0,0,0,0,0,111,98,3,0,0,0,74,246,255,255,
0,0,0,0,0,0,0,0,0,0,0,0,0,0,0,0,0,0,0,80,253,255,255,255,183,0,0,0,8,209,255,255,255,255,255,255,255,255,255,255,255,255,255,172,0,0,0,0,0,0,0,65,152,142,140,139,135,203,254,254,
0,0,0,0,0,0,0,0,0,0,0,0,0,0,0,0,0,0,0,0,103,247,255,255,253,48,0,1,162,255,255,255,255,255,255,255,255,255,255,255,255,255,255,225,0,0,0,0,0,0,0,0,0,0,0,0,0,5,128,159,
0,0,0,0,0,0,0,0,0,0,0,0,0,0,0,0,0,0,0,0,0,90,254,255,255,183,0,139,254,255,255,255,255,255,255,255,255,255,255,255,255,255,255,254,28,0,0,0,0,0,0,0,0,0,0,0,0,0,63,85,
0,0,0,0,0,0,0,0,0,0,0,0,0,0,0,0,0,0,0,0,0,0,202,255,255,254,148,253,255,255,255,255,255,255,255,255,255,255,255,255,255,255,255,255,81,0,0,0,0,0,0,0,0,0,0,0,0,0,10,152,
0,0,0,0,0,0,0,0,0,0,0,0,0,0,0,0,0,0,0,0,0,0,85,254,255,255,255,255,255,255,255,255,255,255,255,255,255,255,255,255,255,255,255,255,135,0,0,0,0,0,0,0,0,0,0,0,0,0,0,123,
0,0,0,0,0,0,0,0,0,0,0,0,0,0,0,0,0,0,0,0,0,0,3,221,255,255,255,255,255,255,255,255,255,255,255,255,255,255,255,255,255,255,255,255,190,0,0,0,0,0,0,0,0,0,0,0,0,0,0,4,
0,0,0,0,0,0,0,0,0,0,0,0,0,0,0,0,0,0,0,0,0,0,0,114,255,255,255,255,255,255,255,255,255,255,255,255,255,255,255,255,255,255,255,255,236,2,0,0,0,0,0,0,0,0,0,0,0,0,0,0,
0,0,0,0,0,0,0,0,0,0,0,0,0,0,0,0,0,0,0,0,0,0,0,18,244,255,255,255,255,255,255,255,255,255,255,255,255,255,255,255,255,255,255,255,255,65,0,0,0,0,0,0,0,0,0,0,0,0,0,0,
0,0,0,0,0,0,0,0,0,0,0,0,0,0,0,0,0,0,0,0,0,0,0,2,206,255,255,255,255,255,255,255,255,255,255,255,255,255,255,255,255,255,255,255,255,155,0,0,0,0,0,0,0,0,0,0,0,0,0,0,
0,0,0,0,0,0,0,0,0,0,0,0,0,0,0,0,0,0,0,0,0,0,0,139,254,255,255,255,255,255,255,255,255,255,255,255,255,255,255,255,255,255,255,255,255,238,10,0,0,0,0,0,0,0,0,0,0,0,0,0,
0,0,0,0,0,0,0,0,0,0,0,0,0,0,0,0,0,0,0,0,0,0,88,254,255,249,255,255,255,255,255,255,255,255,255,255,255,255,255,255,255,255,255,255,255,255,97,0,0,0,0,0,0,0,0,0,0,0,0,0,
0,0,0,0,0,0,0,0,0,0,0,0,0,0,0,0,0,0,0,0,0,15,237,255,212,33,153,240,255,255,255,255,255,255,255,255,255,255,255,255,255,255,255,255,255,255,203,0,0,0,0,0,0,0,0,0,0,0,0,0,
0,0,0,0,0,0,0,0,0,0,0,0,0,0,0,0,0,0,0,0,0,31,249,213,27,0,0,202,255,255,255,255,255,255,255,255,255,255,255,255,255,255,255,255,255,255,254,54,0,0,0,0,0,0,0,0,0,0,0,0,
0,0,0,0,0,0,0,0,0,0,0,0,0,0,0,0,0,0,0,0,0,0,28,10,0,0,9,250,255,255,255,255,255,255,255,255,255,255,255,255,255,255,255,255,255,255,255,161,0,0,0,0,0,0,0,0,0,0,0,0,
0,0,0,0,0,0,0,0,0,0,0,0,0,0,0,0,0,0,0,0,0,0,0,0,0,0,54,254,255,255,255,255,255,255,255,255,255,255,255,255,255,255,255,255,255,255,255,245,19,0,0,0,0,0,0,0,0,0,0,0,
0,0,0,0,0,0,0,0,0,0,0,0,0,0,0,0,0,0,0,0,0,0,0,0,0,0,101,254,255,255,255,255,255,255,255,255,255,255,255,255,255,255,255,255,255,255,254,228,111,0,0,0,0,0,0,0,0,0,0,0,
0,0,0,0,0,0,0,0,0,0,0,0,0,0,0,0,0,0,0,0,0,0,0,0,0,0,135,255,255,255,255,255,255,255,255,255,255,255,255,255,255,255,255,255,255,255,254,197,165,0,0,0,0,0,0,0,0,0,0,0,
