0,0,0,0,0,0,0,0,0,0,0,0,0,0,0,0,0,0,0,0,0,0,0,0,14,0,77,189,28,26,65,205,254,255,255,255,255,255,255,255,255,255,255,255,255,255,255,255,255,255,255,255,255,255,255,255,255,255,255,255,
0,0,0,0,0,0,0,0,0,0,0,0,0,0,0,0,0,0,0,0,0,0,0,0,0,0,36,182,55,0,0,52,208,254,255,255,255,255,255,255,255,255,255,255,255,255,255,255,255,255,255,255,255,255,255,255,255,255,255,255,
0,0,0,0,0,0,0,0,0,0,0,0,0,0,0,0,0,0,0,0,0,0,0,0,0,0,3,113,176,1,0,1,85,239,255,255,255,255,255,255,255,255,255,255,255,255,255,255,255,255,255,255,255,255,255,255,255,255,255,255,
0,0,0,0,0,0,0,0,0,0,0,0,0,0,0,0,0,0,0,0,0,0,0,0,0,0,0,31,170,134,0,0,12,173,254,255,255,255,255,255,255,255,255,255,255,255,255,255,255,255,255,255,255,255,255,255,255,255,255,255,
0,0,0,0,0,0,0,0,0,0,0,0,0,0,0,0,0,0,0,0,0,0,0,0,0,0,0,0,46,180,172,63,63,172,253,255,255,255,255,255,255,255,255,255,255,255,255,255,255,255,255,255,255,255,255,255,255,255,255,255,
0,0,0,0,0,0,0,0,0,0,0,0,0,0,0,0,0,0,0,0,0,0,0,0,0,0,0,0,0,18,86,115,83,51,169,177,243,254,255,255,255,255,255,255,255,255,255,255,255,255,255,255,255,255,255,255,255,255,255,255,
0,0,0,0,0,0,0,0,0,0,0,0,0,0,0,0,0,0,0,0,0,0,0,0,0,0,0,0,0,0,0,0,0,9,124,65,51,205,255,255,255,255,255,255,255,255,255,255,255,255,255,255,255,255,255,255,255,255,255,255,
0,0,0,0,0,0,0,0,0,0,0,0,0,0,0,0,0,0,0,0,0,0,0,0,0,0,0,0,0,0,0,0,0,0,82,138,84,246,255,255,255,255,255,255,255,255,255,255,255,255,255,255,255,255,255,255,255,255,255,255,
0,0,0,0,0,0,0,0,0,0,0,0,0,0,0,0,0,0,0,0,0,0,0,0,0,0,0,0,0,0,0,0,0,10,122,224,245,255,255,255,255,255,255,255,255,255,255,255,255,255,255,255,255,255,255,255,255,255,255,255,
0,0,0,0,0,0,0,0,0,0,0,0,0,0,0,0,0,0,0,0,0,0,0,0,0,0,0,0,0,0,0,2,100,181,178,192,249,255,255,255,255,255,255,255,255,255,255,255,255,255,255,255,255,255,255,255,255,255,255,255,
0,0,0,0,0,0,0,0,0,0,0,0,0,0,0,0,0,0,0,0,0,0,0,0,0,0,0,0,0,0,2,125,194,211,143,141,252,255,255,255,255,255,255,255,255,255,255,255,255,255,255,255,255,255,255,255,255,255,255,255,
0,0,0,0,0,0,0,0,0,0,0,0,0,0,0,0,0,0,0,0,0,0,0,0,0,0,0,0,0,0,45,216,189,245,255,254,255,255,255,255,255,255,255,255,255,255,255,255,255,255,255,255,255,255,255,255,255,255,255,255,
0,0,0,0,0,0,0,0,0,0,0,0,0,0,0,0,0,0,0,0,0,0,0,0,0,0,0,0,0,0,16,16,158,254,255,255,255,255,255,255,255,255,255,255,255,255,255,255,255,255,255,255,255,255,255,255,255,255,255,255,
0,0,0,98,157,2,0,0,0,0,0,0,0,0,0,0,0,0,0,0,0,0,0,0,0,0,0,0,0,0,0,9,163,254,255,255,255,255,255,255,255,255,255,255,255,255,255,255,255,255,255,255,255,255,255,255,255,255,255,255,
0,2,139,254,254,125,0,0,0,0,0,0,0,0,0,0,0,0,0,0,0,0,0,0,0,0,0,0,0,0,0,3,165,254,255,255,255,255,255,255,255,255,255,255,255,255,255,255,255,255,255,255,255,255,255,255,255,255,255,255,
0,48,237,255,255,252,73,0,0,0,0,0,0,0,0,0,0,0,0,0,0,0,0,0,0,0,0,0,0,0,0,17,158,254,255,255,255,255,255,255,255,255,255,255,255,255,255,255,254,255,253,232,254,255,255,255,255,255,255,255,
8,211,255,255,255,255,235,32,0,0,0,0,0,0,0,0,0,0,0,0,0,0,0,0,0,0,0,0,0,0,0,0,60,235,254,255,255,255,255,255,255,255,255,255,255,255,255,255,255,255,254,105,197,253,255,255,255,255,255,255,
97,253,255,255,255,255,255,202,7,0,0,0,0,0,0,0,0,0,0,0,0,0,0,0,0,0,0,0,0,0,0,0,13,105,214,254,255,255,255,255,255,255,255,255,255,255,255,255,255,255,255,112,30,169,251,255,255,255,255,255,
216,255,255,255,255,255,255,254,152,0,0,0,0,0,0,0,0,0,0,0,0,0,0,0,0,0,0,0,0,0,0,0,0,0,20,127,233,255,255,255,255,255,255,255,255,255,255,255,255,255,255,170,16,28,155,250,255,255,255,255,
253,255,255,255,255,255,255,255,254,93,0,0,0,0,0,0,0,0,0,0,0,0,0,0,0,0,0,0,0,0,0,0,0,0,0,5,164,255,255,255,255,255,255,255,255,255,255,255,255,255,255,237,131,129,148,202,251,255,255,255,
255,255,255,255,255,255,255,255,255,245,47,0,0,0,0,0,0,0,0,0,0,0,0,0,0,0,0,0,0,0,0,0,0,0,0,4,159,254,255,255,255,255,255,255,255,255,255,255,255,255,255,244,1,0,0,31,154,169,208,249,
255,255,255,255,255,255,255,255,255,255,217,15,0,0,0,0,0,0,0,0,0,0,0,0,0,0,0,0,0,0,0,0,0,0,0,3,156,255,255,255,255,255,255,255,255,255,255,255,255,255,255,254,23,0,0,15,95,91,1,35,
255,255,255,255,255,255,255,255,255,255,255,174,0,0,0,0,0,0,0,0,0,0,0,0,0,0,0,0,0,0,0,0,0,0,24,150,245,255,255,255,255,255,255,255,255,255,255,255,255,255,255,254,52,0,0,0,76,150,0,0,
255,255,255,255,255,255,255,255,255,255,255,254,117,0,0,3,16,0,0,0,0,0,0,0,0,0,0,0,0,5,88,111,33,10,113,204,254,255,255,255,255,255,255,255,255,255,255,255,255,255,255,255,74,0,0,0,34,145,87,0,
255,255,255,255,255,255,255,255,255,255,255,255,251,112,127,216,234,198,172,160,160,165,189,204,218,233,248,248,233,196,223,254,253,199,169,209,254,255,255,255,255,255,255,255,255,255,255,255,255,255,255,255,95,0,0,0,0,63,182,74,
255,255,255,255,255,255,255,255,255,255,255,255,255,255,254,255,255,255,255,255,255,255,255,255,255,255,255,255,255,255,255,255,255,255,255,255,255,255,255,255,255,255,255,255,255,255,255,255,255,255,255,255,120,0,0,0,0,1,58,187,
255,255,255,255,255,255,255,255,255,255,255,255,255,255,255,255,255,255,255,255,255,255,255,255,255,255,255,255,255,255,255,255,255,255,255,255,255,255,255,255,255,255,255,255,255,255,255,255,255,255,255,255,147,0,0,0,0,0,0,13,
255,255,255,255,255,255,255,255,255,255,255,255,255,255,255,255,255,255,248,241,241,246,254,254,254,255,255,255,255,254,255,255,255,255,255,255,255,255,255,255,255,255,255,255,255,255,255,255,255,255,255,255,191,0,0,0,0,0,0,0,
255,255,255,255,255,255,255,255,255,255,255,255,255,255,255,255,254,151,9,0,0,0,6,23,37,57,66,66,54,108,198,185,179,203,243,254,255,255,255,255,255,255,255,255,255,255,255,255,255,255,255,255,234,0,0,0,0,0,0,0,
255,255,255,255,255,255,255,255,255,255,255,255,227,229,254,229,134,0,0,0,0,0,0,0,0,0,0,0,0,0,0,0,0,8,154,249,254,255,255,255,255,255,255,255,255,255,255,255,255,255,255,255,254,32,0,0,0,0,0,0,
255,255,255,255,255,255,255,255,255,255,255,244,48,51,84,22,0,0,0,0,0,0,0,0,0,0,0,0,0,0,0,0,0,0,21,170,252,255,255,255,255,255,255,255,255,255,255,255,255,255,255,255,254,69,0,0,0,0,0,0,
255,255,255,255,255,255,255,255,255,255,254,89,0,0,0,0,0,0,0,0,0,0,0,0,0,0,0,0,0,0,0,0,0,0,83,240,255,255,255,255,255,255,255,255,255,255,255,255,255,255,255,255,255,112,0,0,0,0,0,0,
255,255,255,255,255,255,255,255,255,254,140,0,0,0,0,0,0,0,0,0,0,0,0,0,0,0,0,0,0,0,0,0,0,27,201,255,255,255,255,255,255,255,255,255,255,255,255,255,255,255,255,255,255,155,0,0,0,0,0,0,
255,255,255,255,255,255,255,255,255,186,4,0,0,0,0,0,0,0,0,0,0,0,0,0,0,0,0,0,0,0,0,0,0,102,250,255,255,255,255,255,255,255,255,255,255,255,255,255,255,255,255,255,255,192,0,0,0,0,0,0,
250,255,255,255,255,255,255,255,219,17,0,0,0,0,0,0,0,0,0,0,0,0,0,0,0,0,0,0,0,0,0,0,42,209,255,255,255,255,255,255,255,255,255,255,255,255,255,255,255,255,255,255,255,236,0,0,0,0,0,0,
228,255,255,255,255,255,255,243,44,0,0,0,0,0,0,0,0,0,0,0,0,0,0,0,0,0,0,0,0,0,0,8,160,254,255,255,255,255,255,255,255,255,255,255,255,255,255,255,255,255,255,255,255,254,21,0,0,0,0,0,
89,251,255,255,255,255,254,86,0,0,0,0,0,0,0,0,0,0,0,0,0,0,0,0,0,0,0,0,0,0,0,62,210,254,255,255,255,255,255,255,255,255,255,255,255,255,255,255,255,255,255,255,255,254,56,0,0,0,0,0,
29,216,254,255,255,254,131,0,0,0,0,0,0,0,0,0,0,0,0,0,0,0,0,0,0,0,0,0,0,0,63,230,255,254,158,207,254,255,255,255,255,255,255,255,255,255,255,255,255,255,255,255,255,254,115,0,0,0,0,0,
0,57,248,255,255,180,1,0,0,0,0,0,0,0,0,0,0,0,0,0,0,0,0,0,0,0,0,0,0,27,202,254,254,179,0,89,247,255,255,255,255,255,255,255,255,255,255,255,255,255,255,255,255,255,188,0,0,0,0,0,
0,2,117,247,214,15,0,0,0,0,0,0,0,0,0,0,0,0,0,0,0,0,0,0,0,0,0,0,4,146,253,255,228,22,0,93,248,255,255,255,255,255,255,255,255,255,255,255,255,255,255,255,255,255,249,14,0,0,0,0,
0,0,0,40,28,0,0,0,0,0,0,0,0,0,0,0,0,0,0,0,0,0,0,0,0,0,0,0,60,236,255,250,64,0,0,124,254,255,255,255,255,255,255,255,255,255,255,255,255,255,255,255,255,255,254,86,0,0,0,0,
0,0,0,0,0,0,0,0,0,0,0,0,0,0,0,0,0,0,0,0,0,0,0,0,0,0,0,0,83,249,254,108,0,0,11,177,254,255,255,255,255,255,255,255,255,255,255,255,255,255,255,255,255,255,255,174,0,0,0,0,
0,0,0,0,0,0,0,0,0,0,0,0,0,0,0,0,0,0,0,0,0,0,0,0,0,0,0,0,3,60,68,0,0,0,39,219,255,255,255,255,255,255,255,255,255,255,255,255,255,255,255,255,255,255,255,248,14,0,0,0,
0,0,0,0,0,0,0,0,0,0,0,0,0,0,0,0,0,0,0,0,0,0,0,0,0,0,0,0,0,0,0,0,0,0,72,241,255,255,255,255,255,255,255,255,255,255,255,255,255,255,255,255,255,255,255,255,101,0,0,0,
0,0,0,0,0,0,0,0,0,0,0,0,0,0,0,0,0,0,0,0,0,0,0,0,0,0,0,0,0,0,0,0,0,0,107,252,255,255,255,255,255,255,255,255,255,255,255,255,255,255,255,255,255,255,255,255,186,0,0,0,
