107,62,56,51,47,44,41,39,34,30,27,24,21,19,16,12,10,8,6,3,1,0,0,0,0,0,0,0,0,0,0,0,0,0,0,0,0,0,0,0,0,0,0,0,0,0,0,0,0,0,0,0,0,0,0,0,0,0,0,52,
170,147,144,142,137,134,130,127,125,121,119,118,113,109,105,103,99,98,93,89,83,62,42,18,1,0,0,0,0,0,0,0,0,0,0,0,0,0,0,0,0,0,0,0,0,0,0,0,0,0,0,0,0,0,0,0,0,0,0,53,
222,213,210,207,204,201,199,196,193,190,189,187,183,181,179,176,172,169,167,164,161,154,136,118,52,5,0,0,0,0,0,0,0,0,0,0,0,0,0,0,0,0,0,0,0,0,0,0,0,0,0,0,0,0,0,0,0,0,0,52,
251,252,252,252,251,251,250,249,248,247,245,245,244,243,241,238,236,235,233,232,230,226,214,204,190,108,24,1,0,0,0,0,0,0,0,0,0,0,0,0,0,0,0,0,0,0,0,0,0,0,0,0,0,0,0,0,0,0,0,52,
247,251,255,255,255,255,255,255,255,255,255,255,255,255,255,255,255,255,255,255,255,254,252,248,251,234,139,32,1,0,0,0,0,0,0,0,0,0,0,0,0,0,0,0,0,0,0,0,0,0,0,0,0,0,0,0,0,0,0,53,
245,251,255,255,255,255,255,255,255,255,255,255,255,255,255,255,255,255,255,255,255,255,255,255,254,249,197,90,16,0,0,0,0,0,0,0,0,0,0,0,0,0,0,0,0,0,0,0,0,0,0,0,0,0,0,0,0,0,0,52,
254,254,255,255,255,255,255,255,255,255,254,254,255,255,255,255,255,255,255,255,255,255,255,255,254,251,206,86,12,0,0,0,0,0,0,0,0,0,0,0,0,0,0,0,0,0,0,0,0,0,0,0,0,0,0,0,0,0,0,51,
255,255,255,255,255,255,255,255,255,255,255,255,255,255,255,255,255,255,255,255,255,255,254,255,255,254,226,102,9,0,0,0,0,0,0,0,0,0,0,0,0,0,0,0,0,0,0,0,0,0,0,0,0,0,0,0,0,0,0,52,
255,255,255,255,255,255,255,255,255,255,255,255,255,255,255,255,255,255,255,255,255,255,255,255,255,254,246,170,48,15,7,2,0,0,0,0,0,0,0,0,0,0,0,0,0,0,0,0,0,0,0,0,0,0,0,0,0,0,0,53,
255,255,255,255,255,255,255,255,255,255,255,255,255,255,255,255,255,255,255,255,255,255,255,255,255,255,253,233,161,115,100,92,84,78,75,71,61,43,16,1,0,0,0,0,0,0,0,0,0,0,0,0,0,0,0,0,0,0,0,52,
255,255,255,255,255,255,255,255,255,255,255,255,255,255,255,255,255,255,255,255,255,255,255,255,255,255,254,252,228,196,180,171,164,160,158,156,155,154,151,129,87,40,8,0,0,0,0,0,0,0,0,0,0,0,0,0,0,0,0,53,
255,255,255,255,255,255,255,255,255,255,255,255,255,255,255,255,255,255,255,255,255,255,255,255,255,255,255,255,254,251,246,241,236,232,228,225,223,223,223,222,213,186,145,94,44,9,1,0,0,0,0,0,0,0,0,0,0,0,0,52,
255,255,255,255,255,255,255,255,255,255,255,255,255,255,255,255,255,255,255,255,255,255,255,255,255,255,255,255,255,255,255,255,255,255,254,254,254,254,254,254,244,216,176,134,90,44,21,36,62,77,70,22,0,0,0,0,0,7,24,74,
255,255,255,255,255,255,255,255,255,255,255,255,255,255,255,255,255,255,255,255,255,255,255,255,255,255,255,255,255,255,255,255,255,255,255,255,255,255,255,253,246,219,180,139,96,53,26,40,79,120,134,61,3,0,0,0,11,77,140,165,
255,255,255,255,255,255,255,255,255,255,255,255,255,255,255,255,255,255,255,255,255,255,255,255,255,255,255,255,254,254,255,255,255,255,255,255,255,255,255,255,247,221,183,143,101,57,26,28,69,115,143,89,9,0,0,1,45,150,219,230,
255,255,255,255,255,255,255,255,255,255,255,255,255,255,255,255,255,255,255,255,255,255,255,255,255,255,255,253,175,234,255,255,255,255,255,255,255,255,255,255,248,224,187,147,107,63,25,3,1,9,33,43,10,0,0,13,72,167,238,253,
255,255,255,255,255,255,255,255,255,255,254,255,255,255,255,255,255,255,255,255,255,255,255,255,255,255,255,250,120,228,254,254,241,191,155,169,232,255,255,255,248,226,189,150,110,69,30,4,0,0,0,0,1,5,31,66,101,149,213,247,
255,255,255,255,255,255,255,255,255,255,255,255,255,255,255,255,255,255,255,255,255,255,255,255,255,255,255,253,126,194,174,73,15,0,0,0,7,145,254,254,248,227,193,154,114,74,35,5,0,0,0,5,30,66,97,119,135,152,177,211,
255,255,255,255,255,255,255,255,255,255,255,255,255,255,255,255,255,255,255,255,255,255,255,255,255,255,255,253,136,20,2,0,0,0,0,0,0,0,162,254,249,230,198,160,120,80,41,8,0,0,0,10,38,72,109,145,173,188,199,218,
255,255,255,255,255,255,255,255,255,255,255,255,255,255,255,255,255,255,255,255,255,255,255,255,255,254,201,58,0,0,0,0,0,0,0,0,0,0,16,234,252,236,204,168,127,87,46,12,0,0,0,1,16,46,80,123,169,210,235,244,
255,255,255,255,255,255,255,255,255,255,255,255,255,255,255,255,255,255,255,255,255,255,255,255,254,136,3,0,0,0,0,0,0,0,0,0,0,0,0,126,253,241,214,177,137,96,55,18,1,0,0,0,3,23,52,85,126,176,225,249,
255,255,255,255,255,255,255,255,255,255,255,255,255,255,255,255,255,255,255,255,255,255,255,254,126,0,0,0,0,0,0,0,0,0,0,0,0,0,0,29,252,246,222,188,149,109,67,27,2,0,0,0,0,5,27,55,87,126,176,226,
255,255,255,255,255,255,255,255,255,255,255,255,255,255,255,255,255,255,255,255,255,255,255,204,2,0,0,0,0,0,0,0,0,0,0,0,0,0,0,0,199,250,232,200,162,123,82,41,8,0,0,0,0,0,8,30,56,87,126,181,
255,255,255,255,255,255,255,255,255,255,255,255,255,255,255,255,255,255,255,255,255,255,255,123,0,0,0,0,0,0,0,0,0,0,0,0,0,0,0,0,134,253,242,216,180,142,100,59,19,1,0,0,0,0,0,10,32,57,88,143,
255,255,255,255,255,255,255,255,255,255,255,255,255,255,255,255,255,255,255,255,255,255,255,117,0,0,0,0,0,0,0,0,0,0,0,0,0,0,0,0,87,254,251,233,202,166,126,82,38,7,0,0,0,0,0,1,12,33,58,115,
255,255,255,255,255,255,255,255,255,255,255,255,255,255,255,255,255,255,255,255,255,255,255,159,0,0,0,0,0,0,0,0,0,0,0,0,0,0,0,0,55,255,254,247,225,193,156,113,67,24,1,0,0,0,3,5,7,20,40,95,
255,255,255,255,255,255,255,255,255,255,255,255,255,255,255,255,255,255,255,255,255,255,255,232,4,0,0,0,0,0,0,0,0,0,0,0,0,0,0,0,47,254,255,253,243,218,185,149,106,59,19,2,1,4,15,21,26,33,49,103,
255,255,255,255,255,255,255,255,255,254,255,255,255,255,255,255,255,255,255,255,255,255,255,254,86,0,0,0,0,0,0,0,0,0,0,0,0,0,0,0,57,254,255,255,252,238,212,181,145,102,62,30,15,16,28,41,46,47,54,105,
255,255,255,255,255,255,255,255,255,255,255,255,255,255,255,255,255,255,255,255,255,255,255,255,207,3,0,0,0,0,0,0,0,0,0,0,0,0,0,0,96,255,255,255,254,250,231,203,174,142,104,74,43,28,34,52,70,75,74,107,
255,255,255,255,255,255,255,255,255,255,255,255,255,255,255,255,255,255,255,255,255,255,255,255,254,115,0,0,0,0,0,0,0,0,0,0,0,0,0,0,179,255,255,255,255,252,240,217,192,165,136,112,86,53,39,50,73,91,99,129,
255,255,255,255,255,255,255,255,255,255,255,255,255,255,255,255,255,255,255,255,255,255,255,255,255,243,45,0,0,0,0,0,0,0,0,0,0,0,4,114,254,255,255,255,255,253,246,225,205,188,161,137,120,95,66,57,69,89,109,146,
255,255,255,255,255,255,255,255,255,255,255,255,255,255,255,255,255,255,255,255,255,255,255,255,255,254,228,34,0,0,0,0,0,0,0,0,0,57,214,254,255,255,255,255,255,255,249,231,212,202,180,156,142,127,101,82,82,91,108,151,
255,255,255,255,255,255,255,255,255,255,255,255,255,255,255,255,255,255,255,255,255,255,255,255,255,255,255,233,67,0,0,0,0,0,0,6,99,239,255,255,255,255,255,255,255,255,249,232,214,205,189,165,151,142,127,106,99,103,109,148,
255,255,255,255,255,255,255,255,255,255,255,255,255,255,255,255,255,255,255,255,255,255,255,255,255,255,255,255,252,155,35,0,10,90,156,218,254,255,255,255,255,255,255,255,255,255,248,231,214,206,195,172,154,145,136,122,111,115,118,148,
255,255,255,255,255,255,255,255,255,255,255,255,255,255,255,255,255,255,255,255,255,255,255,255,255,255,255,255,255,254,254,227,241,254,254,254,255,255,255,255,255,255,255,255,255,255,248,231,217,214,206,185,164,152,144,134,125,127,130,154,
255,255,255,255,255,255,255,255,255,255,255,255,255,255,255,255,255,255,255,255,255,255,255,255,255,255,255,255,255,255,255,255,255,255,255,255,255,255,255,255,255,255,255,255,255,255,249,237,231,230,224,205,185,174,168,159,154,154,154,171,
255,255,255,255,255,255,255,255,255,255,255,255,255,255,255,255,255,255,255,255,255,255,255,255,255,255,255,255,255,255,255,255,255,255,255,255,255,255,255,255,255,255,255,255,255,255,254,254,254,254,251,237,221,214,206,195,189,192,190,201,
255,255,255,255,255,255,255,255,255,255,255,255,255,255,255,255,255,255,255,255,255,255,255,255,255,255,255,255,255,255,255,255,255,255,255,255,255,255,255,255,255,255,255,255,255,255,255,255,255,255,254,253,253,253,253,248,243,244,242,239,
255,255,255,255,255,255,255,255,255,255,255,255,255,255,255,255,255,255,255,255,255,255,255,255,255,255,255,255,255,255,255,255,255,255,255,255,255,255,255,255,255,255,255,255,255,255,255,255,255,255,255,255,255,255,255,255,255,255,255,254,
255,255,255,255,255,255,254,255,255,255,255,255,255,255,255,255,255,255,255,255,255,255,255,255,255,255,255,255,255,255,255,255,255,255,255,255,255,255,255,255,255,255,255,255,255,255,255,255,255,255,255,255,255,255,255,255,255,255,255,255,
255,255,255,255,255,255,255,255,255,255,255,255,255,255,255,255,255,255,255,255,255,255,255,255,255,255,255,255,255,255,255,255,255,255,255,255,255,255,255,255,255,255,255,255,255,255,255,255,255,255,255,255,255,255,255,255,255,255,255,255,
255,255,255,255,255,255,255,255,255,255,255,255,255,255,255,255,255,255,255,255,255,255,255,255,255,255,255,255,255,255,255,255,255,255,255,255,255,255,255,255,255,255,255,255,255,255,255,255,255,255,255,255,255,255,255,255,255,255,255,255,
255,255,255,255,255,255,255,255,255,255,255,255,255,255,255,255,255,255,255,255,255,255,255,255,255,255,255,255,255,255,255,255,255,255,255,255,255,255,255,255,255,255,255,255,255,255,255,255,255,255,255,255,255,255,255,255,255,255,255,255,
255,255,255,255,255,255,255,255,255,255,255,255,255,255,255,255,255,255,255,255,255,255,255,255,255,255,255,255,255,255,255,255,255,255,255,255,255,255,255,255,255,255,255,255,255,255,255,255,255,255,255,255,255,255,255,255,255,255,255,255,
255,255,255,255,255,255,255,255,255,255,255,255,255,255,255,255,255,255,255,255,255,255,255,255,255,255,255,255,255,255,255,255,255,255,255,255,255,255,255,255,255,255,255,255,255,255,255,255,255,255,255,255,255,255,255,255,255,255,255,255,
