0,0,0,0,0,0,0,0,0,0,0,0,0,0,0,0,0,0,0,0,0,0,0,0,0,0,0,0,0,0,0,0,0,0,0,0,0,0,0,0,0,0,0,0,0,0,0,0,0,0,0,0,0,0,0,0,0,0,0,0,
0,0,0,0,0,0,0,0,0,0,0,0,0,0,0,0,0,0,0,0,0,0,0,0,0,0,0,0,0,0,0,0,0,0,0,0,0,0,0,0,0,0,0,0,0,0,0,0,0,0,0,0,0,0,0,0,0,0,0,0,
0,0,0,0,0,0,0,0,0,0,0,0,0,0,0,0,0,0,0,0,0,0,0,0,0,0,0,0,0,0,0,0,0,0,0,0,0,0,0,0,0,0,0,0,0,0,0,0,0,0,0,0,0,0,0,0,0,0,0,0,
0,0,0,0,0,0,0,0,0,0,0,0,0,0,0,0,0,0,0,0,0,0,0,0,0,0,0,0,0,0,0,0,0,0,0,0,0,0,0,0,0,0,0,0,0,0,0,0,0,0,0,0,0,0,0,0,0,0,3,20,
0,0,0,0,0,0,0,0,0,0,0,0,0,0,0,0,0,0,0,0,0,0,0,0,0,0,0,0,0,0,0,0,0,0,0,0,0,0,0,0,0,0,1,4,6,6,7,4,3,3,2,2,1,0,0,0,24,115,208,194,
0,0,0,0,0,0,0,0,0,0,0,0,0,0,0,0,0,0,0,0,0,0,0,0,0,0,0,0,0,0,0,0,0,0,0,0,0,0,0,1,6,12,15,17,18,20,22,22,18,12,7,5,4,3,5,60,190,247,251,199,
0,0,0,0,0,0,0,0,0,0,0,0,0,0,0,0,0,0,0,0,0,0,0,0,0,0,0,0,0,0,0,0,0,0,0,0,0,0,2,10,14,16,18,19,21,23,24,25,25,21,12,8,6,5,50,186,248,252,251,199,
0,0,0,0,0,0,0,0,0,0,0,0,0,0,0,0,0,0,0,0,0,0,0,0,0,0,0,0,0,0,0,0,0,0,0,0,0,1,8,13,16,18,19,22,23,24,25,27,27,25,20,12,9,23,137,241,252,253,251,199,
0,0,0,0,0,0,0,0,0,0,0,0,0,0,0,0,0,0,0,0,0,0,0,0,0,0,0,0,0,0,0,0,0,0,0,0,0,6,12,15,17,19,21,22,24,25,26,27,27,27,25,23,25,89,210,251,254,255,251,199,
0,0,0,0,0,0,0,0,0,0,0,0,0,0,0,0,0,0,0,0,0,0,0,0,0,0,0,0,0,0,0,0,0,0,0,2,7,12,15,17,19,21,23,24,25,25,26,27,27,27,29,79,163,208,246,253,254,255,251,198,
0,0,0,0,0,0,0,0,0,0,0,0,0,0,0,0,0,0,0,0,0,0,0,0,0,0,0,0,0,0,0,0,0,0,1,3,4,12,16,18,20,21,23,24,25,26,27,27,27,27,53,114,73,156,245,254,255,255,251,198,
0,0,0,0,0,0,0,0,0,0,0,0,0,0,0,0,0,0,0,0,0,0,0,0,0,0,0,0,0,0,0,0,0,0,3,3,5,14,16,18,21,22,23,24,25,26,27,27,27,27,53,146,127,182,249,254,255,255,251,198,
0,0,0,0,0,0,0,0,0,0,0,0,0,0,0,0,0,0,0,0,0,0,0,0,0,0,0,0,0,0,0,0,0,0,1,7,11,15,17,19,21,22,24,25,26,26,27,27,27,27,30,93,202,236,252,255,255,255,251,198,
0,0,0,0,0,0,0,0,0,0,0,0,0,0,0,0,0,0,0,0,0,0,0,0,0,0,0,0,0,0,0,0,0,0,0,2,10,15,16,18,20,21,23,24,25,26,27,27,27,27,27,30,95,220,253,255,255,255,251,198,
0,0,0,0,0,0,0,0,0,0,0,0,0,0,0,0,0,0,0,0,0,0,0,0,0,0,0,0,0,0,0,0,0,0,0,3,11,15,17,19,20,22,23,25,26,27,27,27,27,27,41,98,196,249,253,255,255,255,251,198,
0,0,0,0,0,0,0,0,0,0,0,0,0,0,0,0,0,0,0,0,0,0,0,0,0,0,0,0,0,0,0,0,0,0,6,13,16,17,19,21,22,24,25,26,27,27,27,27,27,28,82,213,252,254,254,255,255,255,251,198,
0,0,0,0,0,0,0,0,0,0,0,0,0,0,0,0,0,0,0,0,0,0,0,0,0,0,0,0,0,0,0,0,0,1,7,13,16,18,19,22,23,24,25,26,27,27,27,27,27,31,111,229,253,255,255,255,255,255,251,198,
0,0,0,0,0,0,0,0,0,0,0,0,0,0,0,0,0,0,0,0,0,0,0,0,0,0,0,0,0,0,0,0,0,0,2,8,13,15,17,19,21,22,23,25,26,26,26,27,27,27,32,84,187,224,234,251,255,255,251,198,
0,0,0,0,0,0,0,0,0,0,0,0,0,0,0,0,0,0,0,0,0,0,0,0,0,0,0,0,0,0,0,0,0,0,0,0,1,5,13,16,17,18,20,22,24,25,26,27,27,27,26,23,15,30,151,244,254,255,251,198,
0,0,0,0,0,0,0,0,0,0,0,0,0,0,0,0,0,0,0,0,0,0,0,0,0,0,0,0,0,0,0,0,0,0,0,0,0,4,12,16,17,19,20,22,24,25,26,27,27,27,26,23,14,28,153,244,254,255,252,198,
0,0,0,0,0,0,0,0,0,0,0,0,0,0,0,0,0,0,0,0,0,0,0,0,0,0,0,0,0,0,0,0,0,0,0,0,0,5,13,16,17,19,20,22,24,25,26,27,27,27,26,24,15,30,158,245,254,255,252,198,
0,0,0,0,0,0,0,0,0,0,0,0,0,0,0,0,0,0,0,0,0,0,0,0,0,0,0,0,0,0,0,0,0,0,0,0,0,5,13,16,17,19,20,22,24,25,26,27,27,27,26,24,16,31,161,247,254,255,252,198,
0,0,0,0,0,0,0,0,0,0,0,0,0,0,0,0,0,0,0,0,0,0,0,0,0,0,0,0,0,0,0,0,0,0,0,0,0,5,13,16,17,19,20,22,24,25,26,27,27,27,27,25,17,34,164,248,254,255,252,198,
0,0,0,0,0,0,0,0,0,0,0,0,0,0,0,0,0,0,0,0,0,0,0,0,0,0,0,0,0,0,0,0,0,0,0,0,0,5,13,16,17,19,20,22,24,25,26,27,27,27,27,25,18,35,166,248,254,255,252,198,
0,0,0,0,0,0,0,0,0,0,0,0,0,0,0,0,0,0,0,0,0,0,0,0,0,0,0,0,0,0,0,0,0,0,0,0,0,6,13,16,17,19,20,22,24,25,26,27,27,27,27,25,19,37,171,248,255,255,252,199,
0,0,0,0,0,0,0,0,0,0,0,0,0,0,0,0,0,0,0,0,0,0,0,0,0,0,0,0,0,0,0,0,0,0,0,2,10,14,16,18,20,21,23,24,25,26,27,27,27,27,26,35,113,219,252,254,255,255,252,198,
0,0,0,0,0,0,0,0,0,0,0,0,0,0,0,0,0,0,0,0,0,0,0,0,0,0,0,0,0,0,0,0,0,0,4,11,15,17,18,20,22,24,25,26,27,27,27,27,27,27,52,153,237,253,255,255,255,255,252,198,
0,0,0,0,0,0,0,0,0,0,0,0,0,0,0,0,0,0,0,0,0,0,0,0,0,0,0,0,0,0,0,0,0,3,11,15,17,18,20,22,23,25,26,26,27,27,27,27,26,48,165,246,254,255,255,255,255,255,252,198,
0,0,0,0,0,0,0,0,0,0,0,0,0,0,0,0,0,0,0,0,0,0,0,0,0,0,0,0,0,0,1,2,0,7,14,17,18,20,22,23,24,25,26,27,27,27,48,63,37,90,217,253,255,255,255,255,255,255,252,198,
0,0,0,0,0,0,0,0,0,0,0,0,0,0,0,0,0,0,0,0,0,0,0,0,0,0,0,0,0,0,7,12,15,17,20,21,22,23,25,25,25,26,26,27,27,31,114,225,226,231,250,254,255,255,255,255,255,255,252,198,
0,0,0,0,0,0,0,0,0,0,0,0,0,0,0,0,0,0,0,0,0,0,0,0,0,0,0,0,0,0,8,13,16,17,19,22,23,23,25,26,27,27,27,27,27,35,136,240,253,255,255,255,255,255,255,255,255,255,252,198,
0,0,0,0,0,0,0,0,0,0,0,0,0,0,0,0,0,0,0,0,0,0,0,0,0,0,0,0,0,0,7,12,16,17,19,22,23,23,25,26,27,27,27,27,27,36,134,234,250,255,255,255,255,255,255,255,255,255,252,198,
0,0,0,0,0,0,0,0,0,0,0,0,0,0,0,0,0,0,0,0,0,0,0,0,0,0,0,0,0,1,9,13,17,18,19,21,19,21,24,26,26,26,26,26,26,44,158,244,254,255,255,254,254,255,254,254,255,255,252,198,
0,0,0,0,0,0,0,0,0,0,0,0,0,0,0,0,0,0,0,0,0,0,0,0,0,0,0,0,0,1,9,13,17,18,19,19,15,19,24,25,25,25,25,25,25,45,163,246,255,255,255,252,227,192,232,252,255,255,252,198,
0,0,0,0,0,0,0,0,0,0,0,0,0,0,0,0,0,0,0,0,0,0,0,0,0,0,0,0,0,2,11,15,17,18,16,9,13,21,23,24,24,24,24,24,25,75,206,252,255,255,249,218,184,207,247,253,255,255,252,198,
0,0,0,0,0,0,0,0,0,0,0,0,0,0,0,0,0,0,0,0,0,0,0,0,0,0,0,0,0,2,10,14,16,14,9,6,13,20,22,22,22,22,23,24,25,56,182,250,254,249,226,177,153,216,250,253,255,255,252,198,
0,0,0,0,0,0,0,0,0,0,0,0,0,0,0,0,0,0,0,0,0,0,0,0,0,0,0,0,0,0,6,13,16,12,6,5,12,19,22,22,22,22,23,24,25,33,126,236,253,239,161,109,129,215,251,255,255,255,252,198,
0,0,0,0,0,0,0,0,0,0,0,0,0,0,0,0,0,0,0,0,0,0,0,0,0,0,0,0,0,0,2,11,15,14,7,4,9,18,21,22,22,22,22,23,25,27,69,199,251,248,187,111,121,207,251,255,255,255,252,198,
0,0,0,0,0,0,0,0,0,0,0,0,0,0,0,0,0,0,0,0,0,0,0,0,0,0,0,0,0,0,0,6,13,15,9,3,7,16,20,22,22,22,22,23,24,26,37,138,240,250,212,122,104,175,245,255,255,255,252,198,
0,0,0,0,0,0,0,0,0,0,0,0,0,0,0,0,0,0,0,0,0,0,0,0,0,0,0,0,0,0,0,2,11,14,10,4,6,16,20,22,22,23,23,23,24,26,27,76,206,250,231,143,100,161,241,254,255,255,252,199,
0,0,0,0,0,0,0,0,0,0,0,0,0,0,0,0,0,0,0,0,0,0,0,0,0,0,0,0,0,0,0,0,8,13,12,5,6,16,20,22,22,23,24,24,24,26,27,40,149,243,244,171,101,154,238,254,255,255,252,198,
0,0,0,0,0,0,0,0,0,0,0,0,0,0,0,0,0,0,0,0,0,0,0,0,0,0,0,0,0,0,0,0,4,12,13,8,7,16,20,22,23,24,24,24,24,26,27,29,88,216,249,203,114,158,239,254,255,255,252,198,
0,0,0,0,0,0,0,0,0,0,0,0,0,0,0,0,0,0,0,0,0,0,0,0,0,0,0,0,0,0,0,0,0,9,13,14,15,18,20,23,23,25,25,25,25,26,27,27,47,165,246,231,144,163,241,255,255,255,252,199,
0,0,0,0,0,0,0,0,0,0,0,0,0,0,0,0,0,0,0,0,0,0,0,0,0,0,0,0,0,0,0,0,0,5,13,16,17,19,21,22,24,25,26,27,27,27,27,27,30,104,226,252,249,246,252,255,255,255,252,198,
0,0,0,0,0,0,0,0,0,0,0,0,0,0,0,0,0,0,0,0,0,0,0,0,0,0,0,0,0,0,0,0,0,2,10,14,17,18,20,22,23,24,26,27,27,27,27,27,27,55,181,250,254,255,255,255,255,255,252,199,
