0,0,0,0,0,0,0,0,0,0,0,0,0,0,0,0,0,0,0,0,0,0,0,0,0,0,0,0,0,0,0,0,0,0,0,0,0,0,0,0,0,0,0,0,0,0,0,0,0,0,0,0,0,0,0,0,0,0,0,0,
0,0,0,0,0,0,0,0,0,0,0,0,0,0,0,0,0,0,0,0,0,0,0,0,0,0,0,0,0,0,0,0,0,0,0,0,0,0,0,0,0,0,0,0,0,0,0,0,0,0,0,0,0,0,0,0,0,0,0,0,
0,0,0,0,0,0,0,0,0,0,0,0,0,0,0,0,0,0,0,0,0,0,0,0,0,0,0,0,0,0,0,0,0,0,0,0,0,0,0,0,0,0,0,0,0,0,0,0,0,0,0,0,0,0,0,0,0,0,0,0,
0,0,0,0,0,0,0,0,0,0,0,0,0,0,0,0,0,0,0,0,0,0,0,0,0,0,0,0,0,0,0,0,0,0,0,0,0,0,0,0,0,0,0,0,0,0,0,0,0,0,0,0,0,0,0,0,0,0,0,0,
142,137,96,78,66,52,37,24,13,4,0,0,0,0,0,0,0,0,0,0,0,0,0,0,0,0,0,0,0,0,0,0,0,0,0,0,0,0,0,0,0,0,0,0,0,0,0,0,0,0,0,0,0,0,0,0,0,0,0,0,
198,249,234,203,178,154,130,106,81,55,32,15,10,11,12,14,15,16,12,7,4,3,1,0,0,0,0,0,0,0,0,0,0,0,0,0,0,0,0,0,0,0,0,0,0,0,0,0,0,0,0,0,0,0,0,0,0,0,0,0,
198,252,252,238,207,181,158,135,112,92,75,58,36,22,19,21,24,25,25,23,15,9,5,3,2,0,0,0,0,0,0,0,0,0,0,0,0,0,0,0,0,0,0,0,0,0,0,0,0,0,0,0,0,0,0,0,0,0,0,0,
198,252,254,252,237,203,178,156,136,121,105,83,61,39,26,24,25,26,27,26,24,15,9,6,4,2,0,0,0,0,0,0,0,0,0,0,0,0,0,0,0,0,0,0,0,0,0,0,0,0,0,0,0,0,0,0,0,0,0,0,
198,253,255,254,249,228,196,173,157,142,122,100,79,58,37,26,26,27,27,27,26,22,14,8,5,4,2,0,0,0,0,0,0,0,0,0,0,0,0,0,0,0,0,0,0,0,0,0,0,0,0,0,0,0,0,0,0,0,0,0,
198,253,255,255,254,250,241,223,200,181,160,138,115,93,70,49,33,27,27,27,26,26,22,15,8,6,4,2,0,0,0,0,0,0,0,0,0,0,0,0,0,0,0,0,0,0,0,0,0,0,0,0,0,0,0,0,0,0,0,0,
198,253,255,255,254,249,230,224,209,181,163,143,121,101,79,56,42,31,27,27,27,26,23,18,14,9,5,3,1,0,0,0,0,0,0,0,0,0,0,0,0,0,0,0,0,0,0,0,0,0,0,0,0,0,0,0,0,0,0,0,
198,253,255,255,254,250,237,234,217,190,169,149,129,107,84,61,46,34,27,27,27,26,24,17,15,10,5,4,1,0,0,0,0,0,0,0,0,0,0,0,0,0,0,0,0,0,0,0,0,0,0,0,0,0,0,0,0,0,0,0,
198,253,255,255,255,253,250,237,214,193,174,155,134,112,89,67,46,30,27,27,27,27,25,23,19,10,6,4,2,0,0,0,0,0,0,0,0,0,0,0,0,0,0,0,0,0,0,0,0,0,0,0,0,0,0,0,0,0,0,0,
198,253,255,255,255,253,240,215,197,179,160,140,120,98,77,53,33,27,27,27,27,27,25,22,12,7,5,3,1,0,0,0,0,0,0,0,0,0,0,0,0,0,0,0,0,0,0,0,0,0,0,0,0,0,0,0,0,0,0,0,
198,253,255,255,255,253,243,218,198,179,158,138,118,95,74,49,31,27,27,27,27,27,25,19,10,7,5,3,1,0,0,0,0,0,0,0,0,0,0,0,0,0,0,0,0,0,0,0,0,0,0,0,0,0,0,0,0,0,0,0,
198,253,255,255,255,254,251,239,216,196,176,156,135,113,90,65,43,29,27,27,27,27,26,24,16,8,5,4,2,0,0,0,0,0,0,0,0,0,0,0,0,0,0,0,0,0,0,0,0,0,0,0,0,0,0,0,0,0,0,0,
198,253,255,255,255,255,253,248,230,209,190,170,149,127,103,79,56,34,27,27,27,27,27,26,21,11,7,5,3,1,0,0,0,0,0,0,0,0,0,0,0,0,0,0,0,0,0,0,0,0,0,0,0,0,0,0,0,0,0,0,
198,253,255,255,255,252,245,231,212,192,173,154,132,110,88,64,44,30,27,27,27,27,25,21,16,9,6,4,2,0,0,0,0,0,0,0,0,0,0,0,0,0,0,0,0,0,0,0,0,0,0,0,0,0,0,0,0,0,0,0,
198,253,255,255,254,248,225,199,181,165,147,127,105,84,62,39,27,27,27,27,27,26,24,15,8,5,4,2,0,0,0,0,0,0,0,0,0,0,0,0,0,0,0,0,0,0,0,0,0,0,0,0,0,0,0,0,0,0,0,0,
198,253,255,255,254,249,225,193,177,164,146,126,104,83,62,41,27,27,27,27,27,26,24,16,9,5,4,2,0,0,0,0,0,0,0,0,0,0,0,0,0,0,0,0,0,0,0,0,0,0,0,0,0,0,0,0,0,0,0,0,
198,253,255,255,255,250,229,197,180,167,149,129,108,86,66,44,29,27,27,27,27,27,25,17,10,6,5,3,1,0,0,0,0,0,0,0,0,0,0,0,0,0,0,0,0,0,0,0,0,0,0,0,0,0,0,0,0,0,0,0,
198,253,255,255,255,251,233,199,183,170,151,131,110,89,68,46,29,27,27,27,27,27,25,18,10,6,5,2,1,0,0,0,0,0,0,0,0,0,0,0,0,0,0,0,0,0,0,0,0,0,0,0,0,0,0,0,0,0,0,0,
198,253,255,255,255,252,236,203,185,172,154,133,113,92,71,48,30,27,27,27,27,27,25,19,10,6,5,3,1,0,0,0,0,0,0,0,0,0,0,0,0,0,0,0,0,0,0,0,0,0,0,0,0,0,0,0,0,0,0,0,
198,253,255,255,255,252,238,206,187,174,156,135,115,94,73,49,31,27,27,27,27,27,25,20,11,7,5,3,1,0,0,0,0,0,0,0,0,0,0,0,0,0,0,0,0,0,0,0,0,0,0,0,0,0,0,0,0,0,0,0,
198,253,255,255,255,252,239,208,190,177,158,137,117,95,75,52,33,27,27,27,27,27,25,21,11,7,5,3,1,0,0,0,0,0,0,0,0,0,0,0,0,0,0,0,0,0,0,0,0,0,0,0,0,0,0,0,0,0,0,0,
198,253,255,255,255,253,244,213,193,179,160,140,119,97,77,54,34,27,27,27,27,27,25,21,11,7,5,3,2,0,0,0,0,0,0,0,0,0,0,0,0,0,0,0,0,0,0,0,0,0,0,0,0,0,0,0,0,0,0,0,
198,253,255,255,255,253,248,224,203,184,164,145,124,102,80,55,35,27,27,27,27,27,26,22,12,7,5,3,1,0,0,0,0,0,0,0,0,0,0,0,0,0,0,0,0,0,0,0,0,0,0,0,0,0,0,0,0,0,0,0,
198,253,255,255,255,254,249,228,206,188,169,149,127,105,82,58,36,27,27,27,27,27,26,23,13,8,5,4,1,0,0,0,0,0,0,0,0,0,0,0,0,0,0,0,0,0,0,0,0,0,0,0,0,0,0,0,0,0,0,0,
198,253,255,255,255,254,251,238,217,199,180,160,139,116,93,70,48,30,27,27,27,27,26,25,19,10,6,5,3,1,0,0,0,0,0,0,0,0,0,0,0,0,0,0,0,0,0,0,0,0,0,0,0,0,0,0,0,0,0,0,
198,253,255,255,255,255,254,250,234,214,195,175,153,131,108,84,62,40,28,27,27,27,27,26,24,15,8,6,4,2,0,0,0,0,0,0,0,0,0,0,0,0,0,0,0,0,0,0,0,0,0,0,0,0,0,0,0,0,0,0,
198,253,255,255,255,255,255,253,245,227,206,186,164,142,118,95,73,48,31,27,27,27,27,27,25,19,11,6,5,3,1,0,0,0,0,0,0,0,0,0,0,0,0,0,0,0,0,0,0,0,0,0,0,0,0,0,0,0,0,0,
198,253,255,255,255,255,255,253,249,234,215,193,171,149,126,103,80,56,35,27,27,27,27,27,26,22,12,7,5,3,1,0,0,0,0,0,0,0,0,0,0,0,0,0,0,0,0,0,0,0,0,0,0,0,0,0,0,0,0,0,
198,253,255,255,255,255,255,254,250,237,218,197,175,152,130,106,83,58,36,27,27,27,27,27,26,22,13,8,5,4,2,0,0,0,0,0,0,0,0,0,0,0,0,0,0,0,0,0,0,0,0,0,0,0,0,0,0,0,0,0,
198,253,255,255,255,255,255,254,250,237,216,195,173,150,128,105,81,57,36,27,27,27,27,27,26,22,13,7,5,4,2,0,0,0,0,0,0,0,0,0,0,0,0,0,0,0,0,0,0,0,0,0,0,0,0,0,0,0,0,0,
197,252,255,255,255,255,255,255,250,238,217,196,174,153,132,109,86,63,41,28,27,27,27,27,27,25,16,8,5,4,2,0,0,0,0,0,0,0,0,0,0,0,0,0,0,0,0,0,0,0,0,0,0,0,0,0,0,0,0,0,
198,252,255,255,255,255,255,255,252,242,223,203,181,160,139,116,92,69,45,28,27,27,27,27,26,24,16,9,6,4,2,0,0,0,0,0,0,0,0,0,0,0,0,0,0,0,0,0,0,0,0,0,0,0,0,0,0,0,0,0,
198,252,255,255,255,255,255,255,252,241,218,196,175,154,132,108,84,61,38,27,27,27,27,27,26,21,12,7,5,3,1,0,0,0,0,0,0,0,0,0,0,0,0,0,0,0,0,0,0,0,0,0,0,0,0,0,0,0,0,0,
199,252,254,255,255,255,254,252,249,231,208,188,167,146,125,101,77,54,35,27,27,27,27,27,24,19,12,7,5,3,1,0,0,0,0,0,0,0,0,0,0,0,0,0,0,0,0,0,0,0,0,0,0,0,0,0,0,0,0,0,
199,252,255,255,255,255,254,251,245,235,211,188,168,149,128,107,83,61,43,29,27,27,27,27,25,21,16,8,6,4,1,0,0,0,0,0,0,0,0,0,0,0,0,0,0,0,0,0,0,0,0,0,0,0,0,0,0,0,0,0,
199,252,255,255,255,255,254,252,248,239,217,192,171,150,127,104,79,54,34,27,27,27,27,26,24,16,9,6,4,2,0,0,0,0,0,0,0,0,0,0,0,0,0,0,0,0,0,0,0,0,0,0,0,0,0,0,0,0,0,0,
200,252,255,255,255,255,255,252,240,218,196,173,151,129,107,84,59,37,27,27,27,27,27,26,24,14,8,6,4,2,0,0,0,0,0,0,0,0,0,0,0,0,0,0,0,0,0,0,0,0,0,0,0,0,0,0,0,0,0,0,
200,252,255,255,255,255,254,251,238,215,196,174,152,131,110,87,64,41,28,27,27,27,27,26,24,15,9,6,4,2,0,0,0,0,0,0,0,0,0,0,0,0,0,0,0,0,0,0,0,0,0,0,0,0,0,0,0,0,0,0,
200,253,255,255,255,255,255,252,241,220,200,177,156,136,114,92,69,46,29,27,27,27,27,27,25,18,10,6,5,2,0,0,0,0,0,0,0,0,0,0,0,0,0,0,0,0,0,0,0,0,0,0,0,0,0,0,0,0,0,0,
200,253,255,255,255,255,255,253,244,225,205,183,162,141,119,95,72,49,30,27,27,27,27,27,25,18,9,6,5,3,0,0,0,0,0,0,0,0,0,0,0,0,0,0,0,0,0,0,0,0,0,0,0,0,0,0,0,0,0,0,
200,253,255,255,255,255,255,253,246,228,209,188,166,144,120,96,73,49,31,27,27,27,27,26,25,19,10,6,5,3,0,0,0,0,0,0,0,0,0,0,0,0,0,0,0,0,0,0,0,0,0,0,0,0,0,0,0,0,0,0,
