0,0,0,0,0,0,0,0,0,0,0,0,0,0,0,0,0,0,0,0,0,0,0,0,0,0,0,0,0,0,0,0,0,0,0,0,0,0,0,0,0,0,0,0,0,0,0,0,0,0,0,0,0,0,0,0,0,0,0,0,
0,0,0,0,0,0,0,0,0,0,0,0,0,0,0,0,0,0,0,0,0,0,0,0,0,0,0,0,0,0,0,0,0,0,0,0,0,0,0,0,0,0,0,0,0,0,0,0,0,0,0,0,0,0,0,0,0,0,0,0,
0,0,0,0,0,0,0,0,0,0,0,0,0,0,0,0,0,0,0,0,0,0,0,0,0,0,0,0,0,0,0,0,0,0,0,0,0,0,0,0,0,0,0,0,0,0,0,0,0,0,0,0,0,0,0,0,0,0,0,0,
0,0,0,0,0,0,0,0,0,0,0,0,0,0,0,0,0,0,0,0,0,0,0,0,0,0,0,0,0,0,0,0,0,0,0,0,0,0,0,0,0,0,0,0,0,0,0,0,0,0,0,0,0,0,0,0,0,0,0,0,
0,0,0,0,0,0,0,0,0,0,0,0,0,0,0,0,0,0,0,0,0,0,0,0,0,0,0,0,0,0,0,0,0,0,0,0,0,0,0,0,0,0,0,0,0,0,0,0,0,0,0,0,0,0,0,0,0,0,0,0,
0,0,0,0,0,0,0,0,0,0,0,0,0,0,5,39,32,1,0,0,0,0,0,0,0,0,0,0,0,0,0,0,3,46,100,20,0,0,0,0,0,0,0,0,0,0,0,0,0,0,0,0,0,0,0,0,0,0,0,0,
0,0,0,0,0,0,0,0,0,0,0,0,0,0,13,126,230,81,0,0,0,0,0,0,0,0,0,0,0,0,0,2,25,172,201,21,0,0,0,0,0,0,0,0,0,0,0,0,0,0,0,0,0,0,0,0,0,0,0,0,
0,0,0,0,0,0,0,0,0,0,0,0,0,0,11,109,247,230,70,0,0,0,0,0,0,0,0,0,0,0,1,10,106,241,215,26,0,0,0,0,0,0,0,0,0,0,0,0,0,0,0,0,0,0,0,0,0,0,0,0,
0,0,0,0,0,0,0,0,0,0,0,0,0,0,9,81,242,254,229,86,81,122,150,172,190,203,216,217,216,213,184,128,215,251,227,36,0,0,0,0,0,0,0,0,0,0,0,0,0,0,0,0,0,0,0,0,0,0,0,0,
0,0,0,0,0,0,0,0,0,0,0,3,14,57,97,156,243,255,254,254,254,254,255,255,255,255,255,255,255,255,255,254,254,254,249,130,4,0,0,0,0,0,0,0,0,0,0,0,0,0,0,0,0,0,0,0,0,0,0,0,
0,0,0,0,0,0,0,0,0,0,0,3,29,165,249,254,254,255,255,255,255,255,255,255,255,255,255,255,255,255,255,255,255,255,255,222,41,0,0,0,0,0,0,0,0,0,0,0,0,0,0,0,0,0,0,0,0,0,0,0,
0,0,0,0,0,0,0,0,0,0,0,0,1,17,118,233,254,255,255,255,255,255,255,255,255,255,255,255,255,255,255,255,255,255,255,254,254,218,156,73,3,0,0,0,0,0,0,0,0,0,0,0,0,0,0,0,0,0,0,0,
0,0,0,0,0,0,0,0,0,0,0,0,0,6,41,180,250,254,255,255,255,255,255,255,255,255,255,255,255,255,255,255,255,255,255,255,254,250,173,54,1,0,0,0,0,0,0,0,0,0,0,0,0,0,0,0,0,0,0,0,
0,0,0,0,0,0,0,0,0,0,0,0,6,42,190,252,254,255,255,255,255,255,255,255,255,255,255,255,255,255,255,255,255,255,255,253,207,55,1,0,0,0,0,0,0,0,0,0,0,0,0,0,0,0,0,0,0,0,0,0,
0,0,0,0,0,0,0,0,0,0,0,4,29,168,251,255,255,255,255,255,255,255,255,255,255,255,255,255,255,255,255,255,255,255,255,254,247,111,1,0,0,0,0,0,0,0,0,0,0,0,0,0,0,0,0,0,0,0,0,0,
0,0,0,0,0,0,0,0,0,0,2,18,131,246,252,254,255,255,255,255,255,255,255,255,255,255,255,255,255,255,255,255,254,240,181,122,46,1,0,0,0,0,0,0,0,0,0,0,0,0,0,0,0,0,0,0,0,0,0,0,
0,0,0,0,0,0,0,0,0,0,0,3,30,57,106,162,195,226,248,255,255,255,255,255,255,255,255,255,255,255,255,255,253,138,2,0,0,0,0,0,0,0,0,0,0,0,0,0,0,0,0,0,0,0,0,0,0,0,0,0,
0,0,0,0,0,0,0,0,0,0,0,0,0,0,0,0,4,36,203,254,255,255,255,255,255,255,255,255,255,255,255,255,253,167,4,0,0,0,0,0,0,0,0,0,0,0,0,0,0,0,0,0,0,0,0,0,0,0,0,0,
0,0,0,0,0,0,0,0,0,0,0,0,0,0,0,0,4,32,196,253,255,255,255,255,255,255,255,255,255,255,255,255,253,139,2,0,0,0,0,0,0,0,0,0,0,0,0,0,0,0,0,0,0,0,0,0,0,0,0,0,
0,0,0,0,0,0,0,0,0,0,0,0,0,0,0,0,2,24,177,251,254,255,255,255,255,255,255,255,255,255,255,255,252,126,1,0,0,0,0,0,0,0,0,0,0,0,0,0,0,0,0,0,0,0,0,0,0,0,0,0,
0,0,0,0,0,0,0,0,0,0,0,0,0,0,0,0,1,17,142,249,254,255,255,255,255,255,255,255,255,255,255,255,251,132,1,0,0,0,0,0,0,0,0,0,0,0,0,0,0,0,0,0,0,0,0,0,0,0,0,0,
0,0,0,0,0,0,0,0,0,0,0,0,0,0,0,0,0,11,88,242,255,255,255,255,255,255,255,255,255,255,255,255,252,154,3,0,0,0,0,0,0,0,0,0,0,0,0,0,0,0,0,0,0,0,0,0,0,0,0,0,
0,0,0,0,0,0,0,0,0,0,0,0,0,0,0,0,0,11,69,234,254,255,255,255,255,255,255,255,255,255,255,255,252,170,6,0,0,0,0,0,0,0,0,0,0,0,0,0,0,0,0,0,0,0,0,0,0,0,0,0,
0,0,0,0,0,0,0,0,0,0,0,0,0,0,0,0,0,10,67,232,254,255,255,255,255,255,255,255,255,255,255,255,253,185,10,0,0,0,0,0,0,0,0,0,0,0,0,0,0,0,0,0,0,0,0,0,0,0,0,0,
0,0,0,0,0,0,0,0,0,0,0,0,0,0,0,0,0,10,60,228,253,255,255,255,254,236,226,252,255,255,255,255,254,198,15,0,0,0,0,0,0,0,0,0,0,0,0,0,0,0,0,0,0,0,0,0,0,0,0,0,
0,0,0,0,0,0,0,0,0,0,0,0,0,0,0,0,0,10,57,226,253,255,255,255,255,254,255,255,255,255,255,255,254,206,19,0,0,0,0,0,0,0,0,0,0,0,0,0,0,0,0,0,0,0,0,0,0,0,0,0,
0,0,0,0,0,0,0,0,0,0,0,0,0,0,0,0,0,10,55,225,253,255,255,255,255,255,255,255,255,255,255,255,254,213,23,0,0,0,0,0,0,0,0,0,0,0,0,0,0,0,0,0,0,0,0,0,0,0,0,0,
0,0,0,0,0,0,0,0,0,0,0,0,0,0,0,0,0,10,75,229,254,255,255,255,255,255,255,255,255,255,255,255,251,191,21,0,0,0,0,0,0,0,0,0,0,0,0,0,0,0,0,0,0,0,0,0,0,0,0,0,
0,0,0,0,0,0,0,0,0,0,0,0,0,0,0,8,63,180,249,254,255,255,255,255,255,255,255,255,255,255,255,255,250,146,14,0,0,0,0,0,0,0,0,0,0,0,0,0,0,0,0,0,0,0,0,0,0,0,0,0,
0,0,0,0,0,0,0,0,0,0,0,0,2,25,129,229,253,254,255,255,255,255,255,255,255,255,255,255,255,255,255,255,253,192,49,0,0,0,0,0,0,0,0,0,0,0,0,0,0,0,0,0,0,0,0,0,0,0,0,0,
0,0,0,0,0,0,0,0,0,0,0,7,49,201,252,254,255,255,255,255,255,255,255,255,255,255,255,255,255,255,255,255,255,254,238,89,1,0,0,0,0,0,0,0,0,0,0,0,0,0,0,0,0,0,0,0,0,0,0,0,
0,0,0,0,0,0,0,0,0,0,2,22,153,250,255,255,255,255,255,255,255,255,255,255,255,255,255,255,255,255,255,255,255,255,254,230,53,0,0,0,0,0,0,0,0,0,0,0,0,0,0,0,0,0,0,0,0,0,0,0,
0,0,0,0,0,0,0,0,0,0,7,41,206,254,255,255,255,255,255,255,255,255,255,255,255,255,255,255,255,255,255,255,255,255,255,252,157,5,0,0,0,0,0,0,0,0,0,0,0,0,0,0,0,0,0,0,0,0,0,0,
0,0,0,0,0,0,0,0,0,5,31,173,250,255,255,255,255,255,255,255,255,255,255,255,255,255,255,255,255,255,255,255,255,255,255,254,226,41,0,0,0,0,0,0,0,0,0,0,0,0,0,0,0,0,0,0,0,0,0,0,
0,0,0,0,0,0,0,0,0,12,64,230,254,255,255,255,255,255,255,255,255,255,255,255,255,255,255,255,255,255,255,255,255,255,255,255,249,111,0,0,0,0,0,0,0,0,0,0,0,0,0,0,0,0,0,0,0,0,0,0,
0,0,0,0,0,0,0,0,5,28,168,249,254,255,255,255,255,255,255,255,255,255,255,255,255,255,255,255,255,255,255,255,255,255,255,255,254,166,5,0,0,0,0,0,0,0,0,0,0,0,0,0,0,0,0,0,0,0,0,0,
0,0,0,0,0,0,0,2,17,121,243,254,255,255,255,254,255,253,255,255,255,255,255,255,255,255,255,255,255,255,255,255,255,255,255,255,254,169,5,0,0,0,0,0,0,0,0,0,0,0,0,0,0,0,0,0,0,0,0,0,
0,0,0,0,0,0,0,12,57,220,253,255,255,254,251,191,73,186,253,255,255,255,255,255,255,255,255,255,255,255,255,255,255,255,255,254,244,94,0,0,0,0,0,0,0,0,0,0,0,0,0,0,0,0,0,0,0,0,0,0,
0,0,0,0,0,0,4,21,129,248,254,255,254,210,37,3,40,210,254,255,255,255,255,255,255,255,255,255,255,255,255,255,255,255,255,253,169,8,0,0,0,0,0,0,0,0,0,0,0,0,0,0,0,0,0,0,0,0,0,0,
0,0,0,0,0,0,6,21,128,246,254,255,254,228,47,6,54,226,254,255,255,255,255,255,255,255,255,255,255,255,255,255,255,255,255,252,161,4,0,0,0,0,0,0,0,0,0,0,0,0,0,0,0,0,0,0,0,0,0,0,
0,0,0,0,0,0,2,16,68,227,254,255,254,245,109,10,67,235,254,255,255,255,255,255,255,255,255,255,255,255,255,255,255,255,255,250,110,1,0,0,0,0,0,0,0,0,0,0,0,0,0,0,0,0,0,0,0,0,0,0,
0,0,0,0,0,0,0,11,29,169,250,254,255,252,174,20,81,242,254,255,255,255,255,255,255,255,255,255,255,255,255,255,255,255,255,250,111,0,0,0,0,0,0,0,0,0,0,0,0,0,0,0,0,0,0,0,0,0,0,0,
0,0,0,0,0,0,0,4,17,86,235,254,255,253,221,49,94,244,255,255,255,255,255,255,255,255,255,255,255,255,255,255,255,255,255,250,122,0,0,0,0,0,0,0,0,0,0,0,0,0,0,0,0,0,0,0,0,0,0,0,
0,0,0,0,0,0,0,1,12,34,182,251,254,254,245,103,97,244,255,255,255,255,255,255,255,255,255,255,255,255,255,255,255,255,255,251,148,3,0,0,0,0,0,0,0,0,0,0,0,0,0,0,0,0,0,0,0,0,0,0,
0,0,0,0,0,0,0,0,5,18,95,237,254,255,252,169,96,243,255,255,255,255,255,255,255,255,255,255,255,255,255,255,255,255,255,253,174,7,0,0,0,0,0,0,0,0,0,0,0,0,0,0,0,0,0,0,0,0,0,0,
