255,255,255,255,255,255,255,255,255,255,255,254,255,255,255,255,255,255,255,255,255,255,255,255,255,255,255,255,255,255,255,255,255,255,255,255,255,255,255,255,255,255,255,255,255,255,255,255,255,255,255,255,255,255,255,255,255,255,255,255,
255,255,255,255,255,255,255,255,254,255,255,255,255,255,255,255,255,255,255,255,255,255,255,255,255,255,255,255,254,255,255,255,254,254,254,255,255,255,255,255,255,255,255,255,255,255,255,255,255,255,255,255,255,255,255,255,255,255,255,255,
255,255,255,255,255,255,255,255,255,255,255,255,255,255,255,255,255,255,255,255,255,254,255,255,255,255,255,255,255,255,255,224,29,11,39,125,254,255,255,255,255,255,255,255,255,255,255,255,255,255,255,255,255,255,255,255,255,255,255,255,
255,255,255,255,255,255,255,255,255,255,255,255,255,255,255,255,255,255,255,255,255,255,255,255,255,255,255,255,255,255,237,39,0,0,0,1,212,254,254,255,255,255,255,255,255,255,255,255,255,255,255,255,255,255,255,255,255,255,255,255,
255,255,255,255,255,255,255,255,255,255,255,255,255,255,255,255,255,255,255,255,255,255,255,255,255,255,255,255,255,255,118,0,0,0,0,0,2,39,100,214,254,255,255,255,255,255,255,255,255,255,255,255,255,255,255,255,255,255,255,255,
255,255,255,255,255,255,255,255,255,255,255,255,255,255,255,255,255,255,255,255,255,255,255,255,255,255,255,255,255,255,181,0,0,0,0,0,0,0,0,7,148,254,255,255,255,255,255,255,255,255,255,255,255,255,255,255,255,255,255,255,
255,255,255,255,255,255,255,255,255,255,255,255,255,255,255,255,255,255,255,255,255,255,255,255,255,255,255,255,255,255,225,4,0,0,0,0,0,0,0,0,0,88,243,255,255,255,255,255,255,255,255,255,255,255,255,255,255,255,255,255,
255,255,255,255,255,255,255,255,254,255,255,255,255,255,255,255,255,255,255,255,255,255,255,255,255,255,255,255,255,236,46,0,0,0,0,0,0,0,0,0,0,0,82,254,255,255,255,255,255,255,255,255,255,255,255,255,255,255,255,255,
255,255,255,255,255,255,255,255,255,255,255,255,255,255,255,255,255,255,255,255,255,255,255,255,255,255,255,255,254,72,0,0,0,0,0,0,0,0,0,0,0,0,0,175,255,255,255,255,255,255,255,255,255,255,255,255,255,255,255,255,
255,255,255,255,255,255,255,255,255,255,255,255,255,255,255,255,255,255,255,255,255,255,255,255,255,255,255,255,206,0,0,0,0,0,0,0,0,0,0,0,0,0,0,72,255,255,255,255,255,255,255,255,255,255,255,255,255,255,255,255,
255,255,255,255,254,255,255,255,255,255,255,255,255,255,255,255,255,255,255,255,255,255,255,255,255,255,255,255,137,0,0,0,0,0,0,0,0,0,0,0,0,0,0,10,246,255,255,255,255,255,255,255,255,255,255,255,255,255,255,255,
255,255,255,255,255,255,255,255,255,255,255,255,255,255,255,255,255,255,255,255,255,255,255,255,255,255,255,255,95,0,0,0,0,0,0,0,0,0,0,0,0,0,0,0,189,255,255,255,255,255,255,255,255,255,255,255,255,255,255,255,
255,255,255,255,255,255,255,255,255,255,255,255,255,255,255,255,255,255,255,255,255,255,255,255,255,255,255,255,89,0,0,0,0,0,0,0,0,0,0,0,0,0,0,0,96,254,255,255,255,255,255,255,255,255,255,255,255,255,255,255,
255,255,255,255,255,255,255,255,255,255,255,255,255,255,255,255,255,255,255,255,255,255,255,255,255,255,255,255,144,0,0,0,0,0,0,0,0,0,0,0,0,0,0,0,5,222,255,255,255,255,255,255,255,255,255,255,255,255,255,255,
255,255,255,255,255,255,255,255,255,255,255,255,255,255,255,255,255,255,255,255,255,255,255,255,255,255,255,255,206,50,0,0,0,0,0,0,0,0,0,0,0,0,0,0,0,103,254,255,255,255,255,255,255,255,255,255,255,255,255,255,
255,255,255,255,255,255,255,255,255,255,255,255,255,255,255,255,255,255,255,255,255,255,255,255,255,255,255,255,254,153,13,11,3,0,0,0,0,0,0,0,0,0,0,0,0,16,246,255,255,254,228,255,255,255,255,255,255,255,255,255,
255,255,255,255,255,255,255,255,255,255,255,255,255,255,255,255,255,255,255,255,255,255,255,255,255,255,255,255,255,251,208,149,39,0,0,0,0,0,0,0,0,0,0,0,0,35,241,255,255,229,41,241,255,255,255,255,255,255,255,255,
255,255,255,255,255,255,255,255,255,255,255,255,255,255,255,255,255,255,255,255,255,255,255,255,255,255,255,255,255,255,255,225,11,0,0,0,0,0,0,0,0,0,0,0,29,53,255,255,248,47,0,94,254,255,255,255,255,255,255,255,
255,255,255,255,255,255,255,255,255,255,255,255,255,255,255,255,255,255,255,255,255,255,255,255,255,255,255,255,255,255,255,245,155,7,0,0,0,0,0,0,0,0,0,0,116,164,254,254,128,0,0,0,144,254,255,255,255,255,255,255,
255,255,255,255,255,255,255,255,255,255,255,255,255,255,255,255,255,255,255,255,255,255,255,255,255,255,255,255,255,255,255,255,255,175,4,0,2,0,0,0,0,0,0,37,140,248,254,177,3,0,0,0,1,155,254,255,255,255,255,255,
255,255,255,255,255,255,255,255,255,255,255,255,255,255,255,255,255,254,253,255,255,255,255,255,255,255,255,255,255,255,255,255,255,253,152,96,140,8,0,0,0,20,62,215,221,255,204,12,0,0,0,0,0,2,148,254,255,255,255,255,
255,255,255,255,255,255,255,255,255,255,255,255,255,255,255,255,255,163,32,129,253,255,255,255,255,255,255,255,255,255,255,255,255,255,251,254,149,2,0,0,0,67,95,254,255,225,26,0,0,0,0,0,0,0,0,102,244,255,255,255,
255,255,255,255,255,255,255,255,255,255,255,255,255,255,255,255,254,37,0,0,167,255,255,255,255,255,255,255,255,255,255,255,255,255,254,145,1,0,0,0,0,0,81,254,200,30,0,0,0,0,0,0,0,0,0,0,38,191,254,255,
255,255,255,255,255,255,255,254,255,255,255,255,255,255,255,255,255,169,0,0,34,248,255,255,255,254,255,255,255,255,255,255,255,212,62,1,0,0,0,0,0,0,1,101,5,0,0,0,0,0,0,0,0,0,0,0,0,0,86,216,
255,255,255,255,255,255,255,255,255,255,255,255,255,255,255,255,255,253,54,0,0,144,254,255,242,152,214,255,254,255,254,255,251,77,0,0,0,0,0,0,0,0,0,0,0,0,0,0,0,0,0,0,0,0,0,0,0,0,0,1,
255,255,255,255,255,255,255,255,255,255,255,255,255,255,255,255,255,255,193,0,0,19,239,191,8,0,2,99,96,77,92,120,92,0,0,0,0,0,0,0,0,0,0,0,0,0,0,0,0,0,0,0,0,0,0,0,0,0,0,0,
255,255,255,255,255,255,255,255,255,255,255,255,255,255,255,255,255,255,254,73,0,0,47,7,0,0,0,3,193,248,254,254,45,0,0,0,0,0,0,0,0,0,0,0,0,0,0,0,0,0,0,0,0,0,0,0,0,0,0,0,
255,255,255,255,255,255,255,255,255,255,255,255,255,255,255,255,255,255,254,65,0,0,4,3,0,0,0,0,153,255,255,254,47,0,0,0,0,0,0,0,0,0,0,0,0,0,0,0,0,0,0,0,0,0,0,0,0,0,0,0,
255,255,255,255,255,255,255,255,255,255,255,255,255,255,255,255,255,255,254,137,0,0,0,7,80,0,0,0,73,254,255,250,31,0,0,0,0,0,0,0,0,0,0,0,0,0,0,0,0,0,0,0,0,0,0,0,0,0,0,0,
255,255,255,255,255,255,255,255,255,255,255,255,255,255,255,255,255,255,255,171,0,0,0,0,55,56,0,0,18,251,255,171,0,0,0,0,0,0,0,0,0,0,0,0,0,0,0,0,6,7,0,0,0,0,0,0,0,0,0,0,
255,255,255,255,255,255,255,255,255,255,255,255,255,255,255,255,255,255,255,206,0,0,0,0,0,49,5,0,0,101,254,81,0,0,0,0,0,0,0,0,0,0,0,0,0,0,0,10,126,60,0,0,0,0,0,0,0,0,0,0,
255,255,255,255,255,255,255,255,255,255,255,255,255,255,255,255,255,255,255,254,34,0,0,0,0,0,0,0,0,0,158,36,0,0,0,0,0,0,0,0,0,0,0,0,0,0,24,116,209,161,0,0,0,0,0,0,0,0,0,0,
255,255,255,255,255,255,255,255,255,255,255,255,255,255,255,255,255,255,255,255,182,66,0,0,0,0,0,0,0,0,9,5,0,0,0,0,0,0,0,0,0,0,98,79,70,153,218,254,255,108,17,0,0,0,0,0,0,0,0,0,
255,255,255,255,255,255,255,255,255,255,255,255,255,255,255,255,255,255,255,255,255,254,173,32,0,0,0,0,0,0,0,0,0,0,0,0,0,0,0,0,0,0,35,192,255,254,255,255,254,108,93,0,0,0,0,0,0,0,0,0,
255,255,255,255,255,255,255,255,255,255,255,255,255,255,255,255,255,255,255,255,255,255,255,249,153,23,0,0,0,0,0,0,0,0,0,0,0,0,0,0,0,0,27,122,255,255,255,255,254,234,65,0,0,0,0,0,0,0,0,0,
255,255,255,255,255,255,255,255,255,255,255,255,255,255,255,255,255,255,255,255,255,255,255,255,255,235,28,0,0,0,0,0,0,0,0,0,0,0,0,0,0,2,121,140,255,255,255,255,255,254,36,0,0,0,0,0,0,0,0,0,
255,255,255,255,255,255,255,255,255,255,255,255,255,255,255,255,255,255,255,255,255,255,255,255,255,255,171,2,0,0,0,0,0,0,0,0,0,0,0,0,0,20,165,134,255,255,255,255,255,254,96,0,0,0,0,0,0,0,0,0,
255,255,255,255,255,255,255,255,255,255,255,255,255,255,255,255,255,255,255,255,255,255,255,255,255,255,254,174,12,0,0,0,0,0,0,0,0,0,0,0,0,40,191,109,255,255,255,255,255,255,140,15,0,0,0,0,0,0,0,0,
255,255,255,255,255,255,255,255,255,255,255,255,255,255,255,255,255,255,255,255,255,255,255,255,255,255,255,255,210,36,0,0,0,0,0,0,0,0,0,0,0,1,175,84,254,255,255,255,255,255,167,110,0,0,0,0,0,0,0,0,
255,255,255,255,255,255,255,255,255,255,255,255,255,255,255,255,255,255,255,255,255,255,255,255,255,255,255,255,255,239,76,0,0,0,0,0,0,0,0,0,0,0,79,52,254,255,255,255,255,255,254,101,76,0,23,0,0,0,0,0,
255,255,255,255,255,255,255,255,255,255,255,255,255,255,255,255,255,255,255,255,255,255,255,255,255,255,255,255,255,255,219,0,0,0,0,0,0,0,0,0,0,0,3,15,253,255,255,255,255,255,255,217,144,2,82,0,0,0,0,0,
255,255,255,255,255,255,255,255,255,255,255,255,255,255,255,254,255,255,255,255,255,255,255,255,255,255,255,255,255,254,66,0,0,0,0,0,0,0,0,0,0,0,0,0,226,255,255,255,255,255,255,255,186,86,59,0,0,0,0,8,
255,255,255,255,255,255,255,255,255,255,255,255,255,255,255,255,255,255,255,255,255,255,255,255,255,255,255,255,255,232,0,0,0,0,0,0,0,0,0,0,0,0,0,0,64,227,255,255,255,255,255,255,244,248,15,0,0,0,0,76,
255,255,255,255,255,255,255,255,255,255,255,255,255,255,255,255,255,255,255,255,255,255,255,255,255,255,255,255,255,253,36,0,0,0,0,0,0,0,0,0,0,0,0,0,0,57,252,255,255,255,255,255,255,226,2,0,0,0,10,58,
255,255,255,255,255,255,255,255,255,255,255,255,255,255,255,255,255,255,255,255,255,255,255,255,255,255,255,255,255,255,101,0,0,0,0,0,0,0,0,0,0,0,0,0,0,0,196,255,255,255,255,255,255,223,17,0,0,0,31,34,
