255,255,255,255,255,255,255,255,255,255,255,254,255,255,255,255,255,255,255,255,255,255,255,255,255,255,255,255,255,255,255,255,255,255,255,255,255,255,254,254,255,255,255,255,255,255,255,255,255,255,255,255,255,255,255,255,255,255,255,255,
255,255,255,255,255,255,255,255,254,255,255,255,255,255,255,255,255,255,255,255,255,255,255,255,255,255,255,255,254,255,255,255,255,255,255,255,253,171,41,40,133,249,255,255,255,255,255,255,255,255,255,255,255,255,255,255,255,255,255,255,
255,255,255,255,255,255,255,255,255,255,255,255,255,255,255,255,255,255,255,255,255,254,255,255,255,255,255,255,255,255,255,255,255,255,255,247,73,0,0,0,0,74,254,255,255,255,255,255,255,255,255,255,255,255,255,255,255,255,255,255,
255,255,255,255,255,255,255,255,255,255,255,255,255,255,255,255,255,255,255,255,255,255,255,255,255,255,255,255,255,255,255,255,255,255,255,238,12,0,0,0,0,9,249,255,255,255,255,255,255,255,255,255,255,255,255,255,255,255,255,255,
255,255,255,255,255,255,255,255,255,255,255,255,255,255,255,255,255,255,255,255,255,255,255,255,255,255,255,255,255,255,255,255,255,255,254,232,7,0,0,0,0,0,42,198,254,255,255,255,255,255,255,255,255,255,255,255,255,255,255,255,
255,255,255,255,255,255,255,255,255,255,255,255,255,255,255,255,255,255,255,255,255,255,255,255,255,255,255,255,255,255,255,255,255,243,117,14,0,0,0,0,0,0,0,7,166,254,255,255,255,255,255,255,255,255,255,255,255,255,255,255,
255,255,255,255,255,255,255,255,255,255,255,255,255,255,255,255,255,255,255,255,255,255,255,255,255,255,255,255,255,255,255,255,240,47,0,0,0,0,0,0,0,0,0,0,7,207,255,255,255,255,255,255,255,255,255,255,255,255,255,255,
255,255,255,255,255,255,255,255,254,255,255,255,255,255,255,255,255,255,255,255,255,255,255,255,255,255,255,255,255,255,255,254,93,0,0,0,0,0,0,0,0,0,0,0,0,44,247,255,255,255,255,255,255,255,255,255,255,255,255,255,
255,255,255,255,255,255,255,255,255,255,255,255,255,255,255,255,255,255,255,255,255,255,255,255,255,255,255,255,255,255,255,206,1,0,0,0,0,0,0,0,0,0,0,0,0,0,127,255,255,255,255,255,255,255,255,255,255,255,255,255,
255,255,255,255,255,255,255,255,255,255,255,255,255,255,255,255,255,255,255,255,255,255,255,255,255,255,255,255,255,255,254,114,0,0,0,0,0,0,0,0,0,0,0,0,0,0,34,254,255,255,255,255,255,255,255,255,255,255,255,255,
255,255,255,255,254,255,255,255,255,255,255,255,255,255,255,255,255,255,255,255,255,255,255,255,255,255,255,255,255,255,255,89,0,0,0,0,0,0,0,0,0,0,0,0,0,0,0,230,255,255,255,255,255,255,255,255,255,255,255,255,
255,255,255,255,255,255,255,255,255,255,255,255,255,255,255,255,255,255,255,255,255,255,255,255,255,255,255,255,255,255,255,108,0,0,0,0,0,0,0,0,0,0,0,0,0,0,0,215,255,255,255,255,255,255,255,255,255,255,255,255,
255,255,255,255,255,255,255,255,255,255,255,255,255,255,255,255,255,255,255,255,255,255,255,255,255,255,255,255,255,255,255,171,0,0,0,0,0,0,0,0,0,0,0,0,0,0,0,214,255,255,255,255,255,255,255,255,255,255,255,255,
255,255,255,255,255,255,255,255,255,255,255,255,255,255,255,255,255,255,255,255,255,255,255,255,255,255,255,255,255,255,255,229,57,4,0,0,0,0,0,0,0,0,0,0,0,0,0,223,255,255,255,255,255,255,255,255,255,255,255,255,
255,255,255,255,255,255,255,255,255,255,255,255,255,255,255,255,255,255,255,255,255,255,255,255,255,255,255,255,255,255,255,255,236,106,0,0,0,0,0,0,0,0,0,0,0,0,0,216,255,255,255,255,255,255,255,255,255,255,255,255,
255,255,255,255,255,255,255,255,255,255,255,255,255,255,255,255,255,255,255,255,255,255,255,255,255,255,255,255,255,255,255,255,252,77,0,0,0,0,0,0,0,0,0,0,0,0,0,157,255,255,250,254,255,255,255,255,255,255,255,255,
255,255,255,255,255,255,255,255,255,255,255,255,255,255,255,255,255,255,255,255,255,255,255,255,255,255,255,255,255,255,255,255,254,139,0,0,0,0,0,0,0,0,0,0,0,0,0,79,254,255,143,188,255,255,255,255,255,255,255,255,
255,255,255,255,255,255,255,255,255,255,255,255,255,255,255,255,255,255,255,255,255,255,255,255,255,255,255,255,255,255,255,255,255,253,49,0,0,0,0,0,0,0,0,0,0,0,0,24,250,214,21,30,237,255,255,255,255,255,255,255,
255,255,255,255,255,255,255,255,255,255,255,255,255,255,255,255,255,255,255,255,255,255,255,255,255,255,255,255,255,255,255,255,255,255,208,4,0,1,0,0,0,0,0,0,0,0,0,58,237,58,0,0,70,251,255,255,255,255,255,255,
255,255,255,255,255,255,255,255,255,255,255,255,255,255,255,255,255,255,255,255,255,255,255,255,255,255,255,255,255,255,255,255,255,255,255,141,84,120,0,0,0,0,0,0,0,0,38,119,112,0,0,0,0,89,251,255,255,255,255,255,
255,255,255,255,255,255,255,255,255,255,255,255,255,255,255,255,255,255,254,255,255,255,255,255,255,255,255,255,255,255,255,255,255,255,255,255,249,196,0,0,0,0,0,0,3,0,185,76,0,0,0,0,0,0,87,247,255,255,255,255,
255,255,255,255,255,255,255,255,255,255,255,255,255,255,255,255,253,254,255,255,255,255,255,255,255,255,255,255,255,255,255,255,255,255,255,255,226,49,0,0,0,0,6,4,75,15,161,2,0,0,0,0,0,0,0,57,225,255,255,255,
255,255,255,255,255,255,255,255,255,255,255,255,255,255,255,254,118,57,143,253,255,255,255,255,255,255,255,255,255,255,255,255,255,255,254,214,26,0,0,0,0,0,64,153,152,56,8,0,0,0,0,0,0,0,0,0,17,159,254,255,
255,255,255,255,255,255,255,254,255,255,255,255,255,255,255,244,14,0,0,158,255,255,255,255,254,237,254,255,255,255,255,255,255,253,100,11,0,0,0,0,0,0,8,221,73,0,0,0,0,0,0,0,0,0,0,0,0,0,60,199,
255,255,255,255,255,255,255,255,255,255,255,255,255,255,255,255,143,0,0,19,235,255,255,215,66,1,49,213,244,232,216,214,216,193,0,0,0,0,0,0,0,0,0,6,0,0,0,0,0,0,0,0,0,0,0,0,0,0,0,0,
255,255,255,255,255,255,255,255,255,255,255,255,255,255,255,255,252,52,0,0,93,167,135,35,0,0,0,3,54,93,129,168,198,29,0,0,0,0,0,0,0,0,0,0,0,0,0,0,0,0,0,0,0,0,0,0,0,0,0,0,
255,255,255,255,255,255,255,255,255,255,255,255,255,255,255,255,255,207,5,0,0,148,176,3,0,0,0,1,219,255,255,255,148,0,0,0,0,0,0,0,0,0,0,0,0,0,0,0,0,0,0,0,0,0,0,0,0,0,0,0,
255,255,255,255,255,255,255,255,255,255,255,255,255,255,255,255,255,254,109,0,0,38,247,140,34,0,0,0,146,255,255,255,155,0,0,0,0,0,0,0,0,0,0,0,0,0,0,0,0,0,0,0,0,0,0,0,0,0,0,0,
255,255,255,255,255,255,255,255,255,255,255,255,255,255,255,255,255,255,125,0,0,0,122,255,197,6,0,0,97,254,255,254,75,0,0,0,0,0,0,0,0,0,0,0,0,0,0,0,0,0,0,0,0,0,0,0,0,0,0,0,
255,255,255,255,255,255,255,255,255,255,255,255,255,255,255,255,255,255,207,1,0,0,1,135,254,135,0,0,26,234,255,210,0,0,0,0,0,0,0,0,0,0,0,0,0,0,0,0,0,0,0,0,0,0,0,0,0,0,0,0,
255,255,255,255,255,255,255,255,255,255,255,255,255,255,255,255,255,255,254,11,0,0,0,0,128,234,4,0,0,76,254,124,0,0,0,0,0,0,0,0,0,0,0,0,0,0,0,0,0,96,0,0,0,0,0,0,0,0,0,0,
255,255,255,255,255,255,255,255,255,255,255,255,255,255,255,255,255,255,254,63,0,0,0,0,0,106,88,0,0,0,156,73,0,0,0,0,0,0,0,0,0,0,0,0,0,0,0,11,101,220,67,0,0,0,0,0,0,0,0,0,
255,255,255,255,255,255,255,255,255,255,255,255,255,255,255,255,255,255,255,168,0,0,0,0,0,0,148,6,0,0,14,27,0,0,0,0,0,0,0,0,0,0,36,17,0,36,112,234,254,254,57,0,0,0,0,0,0,0,0,0,
255,255,255,255,255,255,255,255,255,255,255,255,255,255,255,255,255,255,255,250,142,58,0,0,0,0,12,25,0,0,0,0,0,0,0,0,0,0,0,0,0,0,18,184,233,237,254,255,255,252,39,47,0,0,0,0,0,0,0,0,
255,255,255,255,255,255,255,255,255,255,255,255,255,255,255,255,255,255,255,255,255,253,172,55,0,0,0,0,0,0,0,0,0,0,0,0,0,0,0,0,0,0,6,110,255,255,255,255,255,238,192,10,0,0,0,0,0,0,0,0,
255,255,255,255,255,255,255,255,255,255,255,255,255,255,255,255,255,255,255,255,255,255,255,254,196,57,0,0,0,0,0,0,0,0,0,0,0,0,0,0,0,0,93,134,255,255,255,255,255,254,233,0,0,0,0,0,0,0,0,0,
255,255,255,255,255,255,255,255,255,255,255,255,255,255,255,255,255,255,255,255,255,255,255,255,255,240,23,0,0,0,0,0,0,0,0,0,0,0,0,0,0,4,163,133,255,255,255,255,255,255,213,25,0,0,0,0,0,0,0,0,
255,255,255,255,255,255,255,255,255,255,255,255,255,255,255,255,255,255,255,255,255,255,255,255,255,255,205,27,0,0,0,0,0,0,0,0,0,0,0,0,0,24,197,109,255,255,255,255,255,255,246,85,0,0,0,0,0,0,0,0,
255,255,255,255,255,255,255,255,255,255,255,255,255,255,255,255,255,255,255,255,255,255,255,255,255,255,255,233,78,0,0,0,0,0,0,0,0,0,0,0,0,1,174,80,254,255,255,255,255,255,254,89,60,0,0,0,0,0,0,0,
255,255,255,255,255,255,255,255,255,255,255,255,255,255,255,255,255,255,255,255,255,255,255,255,255,255,255,255,253,147,8,0,0,0,0,0,0,0,0,0,0,0,78,49,254,255,255,255,255,255,255,212,66,18,0,4,0,0,0,0,
255,255,255,255,255,255,255,255,255,255,255,255,255,255,255,255,255,255,255,255,255,255,255,255,255,255,255,255,255,255,182,0,0,0,0,0,0,0,0,0,0,0,3,13,252,255,255,255,255,255,255,254,116,113,0,51,0,0,0,0,
255,255,255,255,255,255,255,255,255,255,255,255,255,255,255,254,255,255,255,255,255,255,255,255,255,255,255,255,255,254,69,0,0,0,0,0,0,0,0,0,0,0,0,0,223,255,255,255,255,255,255,255,254,102,54,52,0,0,0,0,
255,255,255,255,255,255,255,255,255,255,255,255,255,255,255,255,255,255,255,255,255,255,255,255,255,255,255,255,255,234,0,0,0,0,0,0,0,0,0,0,0,0,0,0,66,227,255,255,255,255,255,255,255,201,197,6,0,0,0,0,
255,255,255,255,255,255,255,255,255,255,255,255,255,255,255,255,255,255,255,255,255,255,255,255,255,255,255,255,255,253,36,0,0,0,0,0,0,0,0,0,0,0,0,0,0,57,252,255,255,255,255,255,255,255,215,0,0,0,0,16,
255,255,255,255,255,255,255,255,255,255,255,255,255,255,255,255,255,255,255,255,255,255,255,255,255,255,255,255,255,255,111,0,0,0,0,0,0,0,0,0,0,0,0,0,0,0,189,255,255,255,255,255,255,255,182,9,0,0,0,48,
