255,255,255,255,255,255,255,255,255,255,255,255,255,255,255,255,255,255,255,255,246,95,0,0,0,0,0,0,0,0,0,0,0,0,0,0,0,0,0,0,0,0,0,0,0,0,0,0,0,0,0,0,0,0,0,0,0,0,0,0,
255,255,255,255,255,255,255,255,255,255,255,255,255,255,255,255,255,254,250,255,212,3,0,0,0,0,0,0,0,0,0,0,0,0,0,0,0,0,0,0,0,0,0,0,0,0,0,0,0,0,0,0,0,0,0,0,0,0,0,0,
255,255,255,255,255,255,255,255,255,255,255,255,255,254,255,255,255,255,254,252,246,143,31,0,0,0,0,0,0,0,0,0,0,0,0,0,0,0,0,0,0,0,0,0,0,0,0,0,0,0,0,0,0,0,0,0,0,0,0,0,
255,255,255,255,255,255,255,255,255,255,255,255,250,250,255,255,255,255,255,244,249,224,233,168,51,0,0,0,0,0,0,0,0,0,0,0,0,0,0,0,0,0,0,0,0,0,0,0,0,0,0,0,0,0,0,0,0,0,0,0,
255,255,255,255,255,255,255,255,255,255,255,255,254,252,253,255,255,255,255,255,254,216,151,199,212,182,64,0,0,0,0,0,0,0,0,0,0,0,0,0,0,0,0,0,0,0,0,0,0,0,0,0,0,0,0,0,0,0,0,0,
255,255,255,255,255,255,255,255,255,255,255,255,255,255,255,255,255,255,255,255,254,230,118,64,116,53,97,90,20,0,0,0,0,0,0,0,0,0,0,0,0,0,0,0,0,0,0,0,0,0,0,0,0,0,0,0,0,0,0,0,
255,255,255,255,255,255,255,255,255,255,255,240,250,255,255,255,254,255,255,255,255,255,250,142,18,0,0,0,0,0,0,0,0,0,0,0,0,0,0,0,0,0,0,0,0,0,0,0,0,0,0,0,0,0,0,0,0,0,0,0,
255,255,255,255,255,255,255,255,255,255,255,245,197,242,254,255,254,254,255,255,255,255,241,212,194,35,0,0,0,0,0,0,0,0,0,0,0,0,0,0,0,0,0,0,0,0,0,0,0,0,0,0,0,0,0,0,0,0,0,0,
255,255,255,255,255,255,255,255,255,255,255,255,250,194,197,248,255,255,255,255,254,251,255,210,166,229,91,0,0,0,0,0,0,0,0,0,0,0,0,0,0,0,0,0,0,0,0,0,0,0,0,0,0,0,0,0,0,0,0,0,
255,255,255,255,255,255,255,255,255,255,255,255,255,255,189,142,216,250,254,255,250,243,250,243,156,173,187,154,11,0,0,0,0,0,0,0,0,0,0,0,0,0,0,0,0,0,0,0,0,0,0,0,0,0,0,0,0,0,0,0,
255,255,255,255,255,255,255,255,255,255,255,255,255,253,221,222,132,135,238,253,242,244,251,251,217,132,79,104,160,33,0,0,0,0,0,0,0,0,0,0,0,0,0,0,0,0,0,0,0,0,0,0,0,0,0,0,0,0,0,0,
255,255,255,255,255,255,255,255,255,255,255,255,255,253,232,76,119,146,200,234,222,248,255,255,255,119,63,20,19,64,8,0,0,0,0,0,0,0,0,0,0,0,0,0,0,0,0,0,0,0,0,0,0,0,0,0,0,0,0,0,
255,255,255,255,255,255,255,255,255,255,255,255,255,254,242,192,32,59,153,222,250,254,255,255,255,154,18,22,0,0,0,0,0,0,0,0,0,0,0,0,0,0,0,0,0,0,0,0,0,0,0,0,0,0,0,0,0,0,0,0,
255,255,255,255,255,255,255,255,255,255,255,255,255,252,254,221,135,102,183,246,255,255,255,255,255,227,0,0,0,0,0,0,0,0,0,0,0,0,0,0,0,0,0,0,0,0,0,0,0,0,0,0,0,0,0,0,0,0,0,0,
255,255,255,255,255,255,255,255,255,255,255,255,255,246,179,238,204,160,223,254,255,255,255,255,255,254,43,0,0,0,0,0,0,0,0,0,0,0,0,0,0,0,0,0,0,0,0,0,0,0,0,0,0,0,0,0,0,0,0,0,
255,255,255,255,255,255,255,255,255,255,255,255,255,255,136,80,209,208,248,255,255,255,255,255,255,255,109,0,0,0,0,0,0,0,0,0,0,0,0,0,0,0,0,0,0,0,0,0,0,0,0,0,0,0,0,0,0,0,0,0,
255,255,255,255,255,255,255,255,255,255,255,255,255,255,233,45,117,216,254,255,255,255,255,255,255,255,161,0,0,0,0,0,0,0,0,0,0,0,0,0,0,0,0,0,0,0,0,0,0,0,0,0,0,0,0,0,0,0,0,0,
255,255,255,255,255,255,255,255,255,255,255,255,255,255,255,198,188,232,255,255,255,255,255,255,255,255,203,0,0,0,0,0,0,0,0,0,0,0,0,0,0,0,0,0,0,0,0,0,0,0,0,0,0,0,0,0,0,0,0,0,
255,255,255,255,255,255,255,255,255,255,255,255,255,255,255,255,255,254,255,255,255,255,255,255,255,255,234,0,0,0,0,0,0,0,0,0,0,0,0,0,0,0,0,0,0,0,0,0,0,0,0,0,0,0,0,0,0,0,0,0,
255,255,255,255,255,255,255,255,255,255,255,255,255,255,255,255,255,255,255,255,255,255,255,255,255,255,252,4,0,0,0,0,0,0,0,0,0,0,0,0,0,0,0,0,0,0,0,0,0,0,0,0,0,0,0,0,0,0,0,0,
255,255,255,255,255,255,255,255,255,255,255,255,255,255,255,255,255,255,255,255,255,255,255,255,255,255,255,19,0,0,0,0,0,0,0,0,0,0,0,0,0,0,0,0,0,0,0,0,0,0,0,0,0,0,0,0,0,0,0,0,
255,255,255,255,255,255,255,255,255,255,255,255,255,255,255,255,255,255,255,255,255,255,255,255,255,255,254,160,85,19,0,0,0,0,0,1,12,34,66,88,84,39,0,0,0,0,0,0,0,0,0,0,0,0,0,0,0,0,0,0,
255,255,244,252,255,255,255,255,255,255,255,255,255,255,255,255,255,255,255,255,255,255,255,255,255,255,255,255,255,252,209,162,132,122,133,157,194,225,247,254,254,175,4,0,0,0,0,0,0,0,0,0,0,0,0,0,0,0,0,0,
255,246,114,191,252,255,255,255,255,255,255,255,255,255,255,255,255,255,255,255,255,255,255,255,255,255,255,255,255,255,255,255,254,254,254,254,255,255,255,255,254,225,134,0,0,0,0,0,0,0,0,0,0,0,0,0,0,0,0,0,
254,104,11,99,204,254,255,255,255,255,255,255,255,255,255,255,255,255,255,255,255,255,255,255,255,254,254,254,255,255,255,255,255,255,254,254,250,196,135,73,20,0,0,0,0,0,0,0,0,0,0,0,0,0,0,0,0,0,0,0,
162,1,1,16,106,211,253,255,255,255,255,255,255,255,255,255,255,255,255,255,255,255,255,255,255,186,110,129,160,201,246,254,255,255,227,126,21,0,0,0,0,0,0,0,0,0,0,0,5,13,28,45,67,90,116,133,142,149,144,122,
14,0,1,39,124,211,253,255,255,255,255,255,255,255,255,255,255,255,255,255,255,255,255,255,255,254,226,115,11,0,11,77,165,233,254,254,248,185,109,34,0,0,1,11,26,51,82,122,161,194,218,234,245,253,254,254,255,255,255,255,
0,0,30,111,194,249,255,255,255,255,255,255,255,255,255,255,255,255,255,255,255,255,255,255,255,255,255,255,239,139,40,0,1,40,142,228,254,255,255,254,207,144,141,174,206,229,245,253,254,254,255,255,255,255,255,255,255,255,255,255,
0,32,110,189,248,255,255,255,255,255,255,255,255,255,255,255,255,255,255,255,255,255,255,255,255,255,255,255,255,255,254,203,137,97,67,96,174,242,254,255,255,255,254,254,255,255,255,255,255,255,255,255,255,255,255,255,255,255,255,255,
42,121,197,249,255,255,255,255,255,255,255,255,255,255,255,255,255,255,255,255,255,255,255,255,255,255,255,255,255,255,255,255,255,255,254,254,249,249,254,255,255,255,255,255,255,255,255,255,255,255,255,255,255,255,255,255,255,255,255,255,
139,213,251,255,255,255,255,255,255,255,255,255,255,255,255,255,255,255,255,255,255,255,255,255,255,255,255,255,255,255,255,255,255,255,255,255,255,255,255,255,255,255,255,255,255,255,255,255,255,255,255,255,255,255,255,255,255,255,255,255,
230,254,255,255,255,255,255,255,255,255,255,255,255,255,255,255,255,255,255,255,255,255,255,255,255,255,255,255,255,255,255,255,255,255,255,255,255,255,255,255,255,255,255,255,255,255,255,255,255,255,255,255,255,255,255,255,255,255,255,255,
254,255,255,255,255,255,255,255,255,255,255,255,255,255,255,255,255,255,255,255,255,255,255,255,255,255,255,255,255,255,255,255,255,255,255,255,255,255,255,255,255,255,255,255,255,255,255,255,255,255,255,255,255,255,255,255,255,255,255,255,
255,255,255,255,255,255,255,255,255,255,255,255,255,255,255,255,255,255,255,255,255,255,255,255,255,255,255,255,255,255,255,255,255,255,255,255,255,255,255,255,255,255,255,255,255,255,255,255,255,255,255,255,255,255,255,255,255,254,255,255,
255,255,255,255,255,255,255,255,255,255,255,255,255,255,255,255,255,255,255,255,255,255,255,255,255,255,255,255,255,255,255,255,255,255,255,255,255,255,255,255,255,255,255,255,255,255,255,255,255,255,255,255,255,255,255,255,255,255,255,255,
255,255,255,255,255,255,255,255,255,255,255,255,255,255,255,255,255,255,255,255,255,255,255,255,255,255,255,255,255,255,255,255,255,255,255,255,255,255,255,255,255,255,255,255,255,255,255,255,255,255,255,255,255,255,255,255,254,255,255,255,
255,255,255,255,255,255,255,255,255,255,255,255,255,255,255,255,255,255,255,255,255,255,255,255,255,255,255,255,255,255,255,255,255,255,255,255,255,255,255,255,255,255,255,255,255,255,255,255,255,255,255,255,255,255,255,255,255,255,255,255,
255,255,255,255,255,255,255,255,255,255,255,255,255,255,255,255,255,255,255,255,255,255,255,255,255,255,255,255,255,255,255,255,255,255,255,255,255,255,255,255,255,255,255,255,255,255,255,255,255,255,255,255,255,255,255,255,255,255,255,255,
255,255,255,255,255,255,255,255,255,255,255,255,255,255,255,255,255,255,255,255,255,255,255,255,255,255,255,255,255,255,255,255,255,255,255,255,255,255,255,255,255,255,255,255,255,255,255,255,255,255,255,255,255,255,255,255,255,255,255,255,
255,255,255,255,255,255,255,255,255,255,255,255,255,255,255,255,255,255,255,255,255,255,255,255,255,255,255,255,255,255,255,255,255,255,255,255,255,255,255,255,255,255,255,255,255,255,255,255,255,255,255,255,255,255,255,255,255,255,255,255,
255,255,255,255,255,255,255,255,255,255,255,255,255,255,255,255,255,255,255,255,255,255,255,255,255,255,255,255,255,255,255,255,255,255,255,255,255,255,255,255,255,255,255,255,255,255,255,255,255,255,255,255,255,255,255,255,255,255,255,255,
255,255,255,255,255,255,255,255,255,255,255,255,255,255,255,255,255,255,255,255,255,255,255,255,255,255,255,255,255,255,255,255,255,255,255,255,255,255,255,255,255,255,255,255,255,255,255,255,255,255,255,255,255,255,255,255,255,255,255,255,
255,255,255,255,255,255,255,255,255,255,255,255,255,255,255,255,255,255,255,255,255,255,255,255,255,255,255,255,255,255,255,255,255,252,131,223,254,255,255,255,255,255,255,255,255,255,255,255,255,255,255,255,255,255,255,255,255,255,255,255,
254,255,255,255,255,255,255,255,255,255,255,255,255,255,255,255,255,255,255,255,255,255,255,255,255,255,255,255,255,255,255,255,255,166,0,5,78,172,246,254,255,255,255,255,255,255,255,255,254,255,255,255,255,255,255,255,255,255,255,255,
65,67,109,196,253,255,255,255,255,255,255,255,255,255,255,255,255,255,255,255,255,255,255,255,255,255,255,255,255,255,255,255,235,37,0,0,0,0,15,93,174,237,255,255,255,255,255,255,255,255,255,255,255,255,255,255,255,255,255,255,
