255,255,255,255,255,255,255,255,255,255,255,255,255,255,255,255,255,255,255,255,255,255,255,255,255,255,255,255,255,255,255,255,255,255,255,255,255,255,255,255,255,255,255,254,255,255,255,255,255,255,255,255,255,255,255,255,255,255,255,255,
255,255,255,255,255,255,255,255,255,255,255,255,255,255,255,255,255,255,255,255,255,255,255,255,255,255,255,255,255,255,255,255,255,255,255,255,255,255,255,255,255,255,255,255,255,255,255,255,254,251,219,254,255,255,255,255,255,255,255,255,
255,255,255,255,255,255,255,255,255,255,255,255,255,255,255,255,255,255,255,255,255,255,255,255,255,255,255,255,255,255,255,255,255,255,255,255,255,255,255,255,255,255,255,255,255,255,255,254,215,80,229,255,255,255,255,255,255,255,255,255,
255,255,255,255,255,255,255,255,255,255,255,255,255,255,255,255,255,255,255,255,255,255,255,255,255,255,255,255,255,255,255,255,255,255,255,255,255,255,255,255,255,255,255,255,255,255,254,167,19,201,255,255,255,255,255,255,255,255,255,255,
255,255,255,255,255,255,255,255,255,255,255,255,255,255,255,255,255,255,255,255,255,255,255,255,255,255,255,255,255,255,255,255,255,255,255,255,255,255,255,255,255,255,255,255,255,254,138,1,146,254,255,255,255,255,255,255,255,255,255,255,
255,255,255,255,255,255,255,255,255,255,255,255,255,255,255,255,255,255,255,255,255,255,255,255,255,255,255,255,255,255,255,255,255,255,255,255,255,255,255,255,255,255,255,255,254,123,0,54,254,255,255,255,255,255,255,255,255,255,255,255,
255,255,255,255,255,255,255,255,255,255,255,255,255,255,255,254,254,254,255,255,255,255,255,255,255,255,255,255,255,255,255,255,255,255,255,255,255,254,255,255,255,255,255,236,76,0,31,183,254,255,255,255,255,255,255,255,255,255,255,255,
255,255,255,255,255,255,255,255,255,255,255,255,254,224,126,77,79,124,205,254,255,255,255,255,255,255,255,255,255,255,255,255,255,255,255,255,255,255,255,255,255,255,244,53,0,0,10,99,242,255,255,255,255,255,255,255,255,255,255,255,
255,255,255,255,255,255,255,255,255,255,255,254,147,7,0,0,0,0,0,70,225,255,255,255,255,255,255,255,255,255,255,255,255,255,255,255,255,255,255,255,254,222,54,0,0,0,5,92,231,255,255,255,255,255,255,255,255,255,255,255,
255,255,255,255,255,255,255,255,255,255,254,149,0,0,0,0,0,0,0,0,27,229,255,255,255,255,255,255,255,255,255,255,255,255,255,249,251,255,255,253,150,13,0,0,15,42,204,254,255,255,255,255,255,255,255,255,255,255,255,255,
255,255,255,255,255,255,255,255,255,255,217,7,0,0,0,0,0,0,0,0,0,76,254,255,255,255,255,255,255,255,255,255,254,254,254,102,85,254,228,67,0,0,0,103,254,254,255,255,255,255,255,255,255,255,255,255,255,255,255,255,
255,255,255,255,255,255,255,255,255,255,93,0,0,0,0,0,0,0,0,0,0,0,207,255,255,254,255,255,255,255,253,174,89,64,88,18,50,204,24,0,0,0,101,252,255,255,255,255,255,255,255,255,255,255,255,255,255,255,255,255,
255,255,255,255,255,255,255,255,255,244,11,0,0,0,0,0,0,0,0,0,0,0,54,151,114,144,235,254,255,223,48,0,0,0,0,0,0,5,0,0,0,112,248,229,252,254,255,255,255,255,255,255,255,255,255,255,255,255,255,255,
255,255,255,255,255,255,255,255,255,192,0,0,0,0,0,0,0,0,0,0,0,0,0,0,0,0,18,190,245,83,0,0,0,0,0,0,0,0,0,0,106,162,21,0,23,193,255,255,255,255,255,255,255,255,255,255,255,255,255,255,
255,255,255,255,255,255,255,255,255,163,0,0,0,0,0,0,0,0,0,0,0,0,0,0,0,0,0,18,209,5,0,0,0,0,0,0,0,0,0,0,15,0,0,0,0,93,254,255,255,255,255,255,255,255,255,255,255,255,255,255,
255,255,255,255,255,255,255,255,255,168,0,0,0,0,0,0,0,0,0,0,0,0,0,0,0,0,0,0,57,11,0,0,0,0,0,0,0,0,0,0,0,0,0,0,0,94,254,255,255,255,255,255,255,255,255,255,255,255,255,255,
255,255,255,255,255,255,255,255,255,215,0,0,0,0,0,0,0,0,0,0,0,0,0,0,0,0,0,0,39,87,0,0,0,0,0,0,0,0,0,0,0,0,0,0,0,134,254,255,255,255,255,255,255,255,255,255,255,255,255,255,
255,255,255,255,255,255,255,255,255,254,71,0,0,0,0,0,0,0,0,0,0,0,0,0,0,0,0,0,5,10,0,0,0,0,0,0,0,0,0,0,0,0,0,0,0,198,255,255,255,255,255,255,255,255,255,255,255,255,255,255,
255,255,255,255,255,255,255,255,255,255,227,26,0,0,0,0,0,0,0,0,0,0,0,0,0,0,0,0,0,0,0,0,0,0,0,0,0,0,0,0,0,0,0,0,46,254,255,255,255,255,255,255,255,255,255,255,255,255,255,255,
255,255,255,255,255,255,255,255,255,255,255,221,61,0,0,0,0,0,1,3,0,0,0,0,0,0,0,0,0,0,0,0,0,0,0,0,0,0,0,0,0,0,0,0,174,255,255,255,255,255,255,255,255,255,255,255,255,255,255,255,
255,255,255,255,255,255,255,255,255,255,255,255,254,190,111,71,73,88,3,25,0,0,0,0,0,0,0,69,33,0,0,0,0,0,0,0,0,0,0,0,0,3,0,82,252,255,255,255,255,255,255,255,255,255,255,255,255,255,255,255,
255,255,255,255,255,255,255,255,255,255,255,255,255,255,255,254,222,32,0,0,3,31,0,0,0,0,86,241,109,0,0,0,0,0,0,0,0,0,0,0,0,104,96,239,255,255,255,255,255,255,255,255,255,255,255,255,255,255,255,255,
255,255,255,255,255,255,255,255,255,255,255,255,255,255,255,222,22,0,0,0,56,243,169,129,140,205,254,255,190,0,0,0,0,0,0,0,0,0,0,0,0,149,255,255,255,255,255,255,255,255,255,255,255,255,255,255,255,255,255,255,
255,255,255,255,255,255,255,255,255,255,255,255,255,255,255,175,5,0,0,0,111,254,255,255,255,255,255,255,111,0,16,0,0,0,0,0,0,0,0,0,0,180,255,255,255,255,255,255,255,255,255,255,255,255,255,255,255,255,255,255,
255,255,255,255,255,255,255,255,255,255,255,255,255,255,243,64,217,32,0,0,47,253,255,255,255,255,255,254,40,8,38,0,0,0,0,0,0,0,0,0,0,214,255,255,255,255,255,255,255,255,255,255,255,255,255,255,255,255,255,255,
255,255,255,255,255,255,255,255,254,255,255,255,255,255,254,252,209,30,0,0,28,214,255,255,255,255,254,233,0,4,0,0,0,0,0,0,0,0,0,0,0,222,255,255,255,255,255,255,255,255,255,255,255,255,255,255,255,255,255,255,
255,255,255,255,255,255,255,255,255,255,255,255,255,255,255,255,253,98,0,0,39,254,255,255,255,255,254,153,0,0,0,0,0,0,0,0,0,0,0,0,0,218,255,255,255,255,255,255,255,255,255,255,255,255,255,255,255,255,255,255,
255,255,255,255,255,255,255,255,255,255,255,255,255,255,255,255,255,161,0,0,6,250,255,254,222,149,69,0,0,0,0,0,0,0,0,0,0,0,0,0,0,207,255,255,255,255,255,255,255,255,255,255,255,255,255,255,255,255,255,255,
255,255,255,255,255,254,255,255,255,255,255,255,255,255,255,255,255,180,0,0,0,187,127,44,0,0,0,0,0,0,0,0,0,0,0,0,0,0,0,0,0,187,255,255,255,255,255,255,255,255,255,255,255,255,255,255,255,255,255,255,
255,255,255,255,255,255,255,255,255,255,255,255,255,255,255,255,255,206,0,0,0,0,0,0,0,0,0,0,0,0,0,0,0,0,0,0,0,0,0,0,0,165,255,255,255,255,255,255,255,255,255,255,255,255,255,255,255,255,255,255,
255,255,255,255,255,255,255,255,255,255,255,255,255,255,255,255,255,242,4,0,0,0,0,0,0,0,0,0,0,0,0,0,0,0,0,0,0,0,0,0,0,151,255,255,255,255,255,255,255,255,255,255,255,255,255,255,255,255,255,255,
255,255,255,255,255,255,255,255,255,255,255,255,255,255,255,255,255,254,84,0,0,0,20,92,139,0,0,0,0,0,0,0,0,0,0,0,0,0,0,0,0,134,255,255,255,255,255,255,255,255,255,255,255,255,255,255,255,255,255,255,
255,255,255,255,255,255,255,255,255,255,255,255,255,255,255,255,255,255,148,49,158,212,252,254,145,0,0,0,0,0,0,0,0,0,0,0,0,0,0,0,0,97,254,255,255,255,255,255,255,255,255,255,255,255,255,255,255,255,255,255,
255,255,255,255,255,255,255,255,255,255,255,255,255,255,255,255,255,255,253,112,254,255,255,255,100,0,0,0,0,0,0,0,0,0,0,0,0,0,0,0,0,36,254,255,255,255,255,255,255,255,255,255,255,255,255,255,255,255,255,255,
255,255,255,255,255,255,255,255,255,255,255,255,255,255,255,255,255,255,194,47,228,255,255,255,97,0,0,0,0,0,0,0,0,0,32,69,7,0,0,0,0,1,219,255,255,255,255,255,255,255,255,255,255,255,255,255,255,255,255,255,
255,255,255,255,255,255,255,255,255,255,255,255,255,255,255,255,255,255,145,213,177,255,255,255,125,0,0,0,0,0,0,0,0,0,138,180,184,9,0,0,0,0,104,254,255,255,255,255,255,255,255,255,255,255,255,255,255,255,255,255,
255,255,255,255,255,255,255,255,255,255,255,255,255,255,255,255,255,255,141,154,176,255,255,255,154,0,0,0,0,0,0,0,0,0,223,254,254,153,0,0,0,0,0,169,255,255,255,255,255,255,255,255,255,255,255,255,255,255,255,255,
255,255,255,255,255,255,255,255,255,255,255,255,255,255,255,255,255,255,237,85,248,255,255,255,184,0,0,0,0,0,0,0,0,21,254,255,255,250,31,0,0,0,0,34,252,255,255,255,255,255,255,255,255,255,255,255,255,255,255,255,
255,255,255,255,255,255,255,255,255,255,255,255,255,255,255,255,255,255,247,69,229,255,255,255,210,0,0,0,0,0,0,0,0,46,254,255,255,255,148,0,0,0,0,0,205,255,255,255,255,255,255,255,255,255,255,255,255,255,255,255,
255,255,255,255,255,255,255,255,255,255,255,255,255,255,255,255,255,255,174,140,145,255,255,255,235,0,0,0,0,0,0,0,0,52,254,255,255,255,241,13,0,0,0,0,189,255,255,255,255,255,255,255,255,255,255,255,255,255,255,255,
255,255,255,255,255,255,255,255,255,255,255,255,255,255,255,255,255,255,186,200,138,255,255,255,243,0,0,0,0,0,0,0,0,35,254,255,255,255,248,32,0,0,0,16,241,255,255,255,255,255,255,255,255,255,255,255,255,255,255,255,
255,255,255,255,255,255,255,255,255,255,255,255,255,255,255,255,255,255,234,48,175,255,255,255,243,0,0,0,0,0,0,0,0,18,254,255,255,254,131,0,0,0,0,52,228,255,255,255,255,255,255,255,255,255,255,255,255,255,255,255,
255,255,255,255,255,255,255,255,255,255,255,255,255,255,255,255,255,255,255,143,208,255,255,255,187,0,0,0,0,0,0,0,0,0,164,255,246,182,10,0,0,0,0,59,162,251,255,255,255,255,255,255,255,255,255,255,255,255,255,255,
255,255,255,255,255,255,255,255,255,255,255,255,255,255,255,255,255,255,254,92,71,253,255,253,80,0,0,0,0,0,0,0,0,0,58,191,189,16,0,0,0,0,0,11,171,243,255,255,255,255,255,255,255,255,255,255,255,255,255,255,
255,255,255,255,255,255,255,255,255,255,255,255,255,255,255,255,255,255,255,134,172,228,254,143,39,0,0,0,0,0,0,0,0,0,25,24,62,0,0,0,0,0,0,0,97,253,255,255,255,255,255,255,255,255,255,255,255,255,255,255,
