255,255,255,255,255,255,255,255,255,255,255,255,255,255,255,255,255,255,255,255,255,255,255,255,255,255,255,255,255,255,255,255,255,255,255,255,255,255,255,255,255,255,255,254,255,255,255,255,255,255,255,255,255,255,255,255,255,255,255,255,
255,255,255,255,255,255,255,255,255,255,255,255,255,255,255,255,255,255,255,255,255,255,255,255,255,255,255,255,255,255,255,255,255,255,255,255,255,255,255,255,255,255,255,255,255,255,255,255,255,254,233,254,255,255,255,255,255,255,255,255,
255,255,255,255,255,255,255,255,255,255,255,255,255,255,255,255,255,255,255,255,255,255,255,255,255,255,255,255,255,255,255,255,255,255,255,255,255,255,255,255,255,255,255,255,255,255,255,255,249,127,169,255,255,255,255,255,255,255,255,255,
255,255,255,255,255,255,255,255,255,255,255,255,255,255,255,255,255,255,255,255,255,255,255,255,255,255,255,255,255,255,255,255,255,255,255,255,255,255,255,255,255,255,255,255,255,255,255,227,56,117,255,255,255,255,255,255,255,255,255,255,
255,255,255,255,255,255,255,255,255,255,255,255,255,255,255,255,255,255,255,255,255,255,255,255,255,255,255,255,255,255,255,255,255,255,255,255,255,255,255,255,255,255,255,255,255,255,209,28,66,251,255,255,255,255,255,255,255,255,255,255,
255,255,255,255,255,255,255,255,255,255,255,255,255,255,255,255,255,255,255,255,255,255,255,255,255,255,255,255,255,255,255,255,255,255,255,255,255,255,255,255,255,255,255,255,255,197,17,16,230,255,255,255,255,255,255,255,255,255,255,255,
255,255,255,255,255,255,255,255,255,255,255,255,255,255,255,254,255,255,255,255,255,255,255,255,255,255,255,255,255,255,255,255,255,255,255,255,255,254,255,255,255,255,255,254,154,10,0,64,243,255,255,255,255,255,255,255,255,255,255,255,
255,255,255,255,255,255,255,255,255,255,255,255,255,225,127,70,67,105,186,253,255,255,255,255,255,255,255,255,255,255,255,255,255,255,255,255,255,255,255,255,255,255,254,125,0,0,13,126,245,255,255,255,255,255,255,255,255,255,255,255,
255,255,255,255,255,255,255,255,255,255,255,255,166,10,0,0,0,0,0,47,209,255,255,255,255,255,255,255,255,255,255,255,255,255,255,255,255,255,255,255,255,248,109,0,0,0,0,6,160,255,255,255,255,255,255,255,255,255,255,255,
255,255,255,255,255,255,255,255,255,255,254,172,2,0,0,0,0,0,0,0,15,207,255,255,255,255,255,255,255,255,255,255,255,255,255,254,254,255,255,254,200,45,0,0,0,0,89,234,255,255,255,255,255,255,255,255,255,255,255,255,
255,255,255,255,255,255,255,255,255,255,234,17,0,0,0,0,0,0,0,0,0,48,251,255,255,255,255,255,255,255,255,255,255,254,255,166,49,247,249,119,3,0,0,44,218,217,254,255,255,255,255,255,255,255,255,255,255,255,255,255,
255,255,255,255,255,255,255,255,255,255,118,0,0,0,0,0,0,0,0,0,0,0,175,255,255,254,255,255,255,255,254,200,113,80,101,50,15,217,60,0,0,0,48,231,255,255,255,255,255,255,255,255,255,255,255,255,255,255,255,255,
255,255,255,255,255,255,255,255,255,253,25,0,0,0,0,0,0,0,0,0,0,0,40,170,137,159,238,254,255,238,79,0,0,0,0,0,0,16,0,0,0,57,241,254,254,255,255,255,255,255,255,255,255,255,255,255,255,255,255,255,
255,255,255,255,255,255,255,255,255,219,0,0,0,0,0,0,0,0,0,0,0,0,0,0,0,0,20,189,252,123,0,0,0,0,0,0,0,0,0,0,57,202,72,5,49,182,255,255,255,255,255,255,255,255,255,255,255,255,255,255,
255,255,255,255,255,255,255,255,255,187,0,0,0,0,0,0,0,0,0,0,0,0,0,0,0,0,0,14,220,25,0,0,0,0,0,0,0,0,0,0,32,15,0,0,0,56,254,255,255,255,255,255,255,255,255,255,255,255,255,255,
255,255,255,255,255,255,255,255,255,192,0,0,0,0,0,0,0,0,0,0,0,0,0,0,0,0,0,0,79,8,0,0,0,0,0,0,0,0,0,0,0,0,0,0,0,53,254,255,255,255,255,255,255,255,255,255,255,255,255,255,
255,255,255,255,255,255,255,255,255,240,6,0,0,0,0,0,0,0,0,0,0,0,0,0,0,0,0,0,31,103,0,0,0,0,0,0,0,0,0,0,0,0,0,0,0,76,254,255,255,255,255,255,255,255,255,255,255,255,255,255,
255,255,255,255,255,255,255,255,255,255,106,0,0,0,0,0,0,0,0,0,0,0,0,0,0,0,0,0,1,18,0,0,0,0,0,0,0,0,0,0,0,0,0,0,0,147,255,255,255,255,255,255,255,255,255,255,255,255,255,255,
255,255,255,255,255,255,255,255,255,255,243,51,0,0,0,0,0,0,0,0,0,0,0,0,0,0,0,0,0,0,0,0,0,0,0,0,0,0,0,0,0,0,0,0,7,239,255,255,255,255,255,255,255,255,255,255,255,255,255,255,
255,255,255,255,255,255,255,255,255,255,255,240,91,1,0,0,0,0,1,3,0,0,0,0,0,0,0,0,0,0,0,0,0,0,0,0,0,0,0,0,0,0,0,0,115,254,255,255,255,255,255,255,255,255,255,255,255,255,255,255,
255,255,255,255,255,255,255,255,255,255,255,255,254,211,130,92,92,99,10,28,0,0,0,0,0,0,0,44,37,0,0,0,0,0,0,0,0,0,0,0,0,0,0,33,233,255,255,255,255,255,255,255,255,255,255,255,255,255,255,255,
255,255,255,255,255,255,255,255,255,255,255,255,255,255,255,255,229,42,0,0,1,26,0,0,0,0,53,230,123,0,0,0,0,0,0,0,0,0,0,0,0,79,65,207,255,255,255,255,255,255,255,255,255,255,255,255,255,255,255,255,
255,255,255,255,255,255,255,255,255,255,255,255,255,255,255,227,28,0,0,0,43,237,155,108,114,178,252,255,187,0,0,0,0,0,0,0,0,0,0,0,0,138,254,254,255,255,255,255,255,255,255,255,255,255,255,255,255,255,255,255,
255,255,255,255,255,255,255,255,255,255,255,255,255,255,255,192,6,0,0,0,94,254,255,254,254,255,255,255,97,0,9,0,0,0,0,0,0,0,0,0,0,176,255,255,255,255,255,255,255,255,255,255,255,255,255,255,255,255,255,255,
255,255,255,255,255,255,255,255,255,255,255,255,255,255,247,58,210,38,0,0,39,251,255,255,255,255,255,250,17,13,9,0,0,0,0,0,0,0,0,0,0,210,255,255,255,255,255,255,255,255,255,255,255,255,255,255,255,255,255,255,
255,255,255,255,255,255,255,255,255,255,255,255,255,255,254,250,219,35,0,0,21,201,255,255,255,255,255,194,0,3,0,0,0,0,0,0,0,0,0,0,0,232,255,255,255,255,255,255,255,255,255,255,255,255,255,255,255,255,255,255,
255,255,255,255,255,255,255,255,255,255,255,255,255,255,255,255,254,98,0,0,29,254,255,255,255,255,254,111,0,0,0,0,0,0,0,0,0,0,0,0,0,244,255,255,255,255,255,255,255,255,255,255,255,255,255,255,255,255,255,255,
255,255,255,255,255,255,255,255,255,255,255,255,255,255,255,255,255,171,0,0,2,243,255,254,235,165,86,0,0,0,0,0,0,0,0,0,0,0,0,0,0,250,255,255,255,255,255,255,255,255,255,255,255,255,255,255,255,255,255,255,
255,255,255,255,255,255,255,255,255,255,255,255,255,255,255,255,255,193,0,0,0,187,142,59,3,0,0,0,0,0,0,0,0,0,0,0,0,0,0,0,0,248,255,255,255,255,255,255,255,255,255,255,255,255,255,255,255,255,255,255,
255,255,255,255,255,255,255,255,255,255,255,255,255,255,255,255,255,217,0,0,0,1,0,0,0,0,0,0,0,0,0,0,0,0,0,0,0,0,0,0,0,240,255,255,255,255,255,255,255,255,255,255,255,255,255,255,255,255,255,255,
255,255,255,255,255,255,255,255,255,255,255,255,255,255,255,255,255,248,8,0,0,0,0,0,0,0,0,0,0,0,0,0,0,0,0,0,0,0,0,0,0,237,255,255,255,255,255,255,255,255,255,255,255,255,255,255,255,255,255,255,
255,255,255,255,255,255,255,255,255,255,255,255,255,255,255,255,255,254,91,0,0,0,10,75,129,1,0,0,0,0,0,0,0,0,0,0,0,0,0,0,0,228,255,255,255,255,255,255,255,255,255,255,255,255,255,255,255,255,255,255,
255,255,255,255,255,255,255,255,255,255,255,255,255,255,255,255,255,255,148,44,145,200,247,254,151,0,0,0,0,0,0,0,0,0,0,0,0,0,0,0,0,213,255,255,255,255,255,255,255,255,255,255,255,255,255,255,255,255,255,255,
255,255,255,255,255,255,255,255,255,255,255,255,255,255,255,255,255,255,253,113,254,255,255,255,103,0,0,0,0,0,0,0,0,0,0,0,0,0,0,0,0,183,255,255,255,255,255,255,255,255,255,255,255,255,255,255,255,255,255,255,
255,255,255,255,255,255,255,255,255,255,255,255,255,255,255,255,255,255,194,51,237,255,255,255,97,0,0,0,0,0,0,0,0,0,6,167,2,0,0,0,0,67,248,255,255,255,255,255,255,255,255,255,255,255,255,255,255,255,255,255,
255,255,255,255,255,255,255,255,255,255,255,255,255,255,255,255,255,255,144,199,186,255,255,255,124,0,0,0,0,0,0,0,0,0,84,253,63,0,0,0,0,0,92,254,255,255,255,255,255,255,255,255,255,255,255,255,255,255,255,255,
255,255,255,255,255,255,255,255,255,255,255,255,255,255,255,255,255,255,143,153,196,255,255,255,151,0,0,0,0,0,0,0,0,0,217,255,162,0,0,0,0,0,0,147,255,255,255,255,255,255,255,255,255,255,255,255,255,255,255,255,
255,255,255,255,255,255,255,255,255,255,255,255,255,255,255,255,255,255,224,77,250,255,255,255,179,0,0,0,0,0,0,0,0,19,254,255,250,69,0,0,0,0,0,15,241,255,255,255,255,255,255,255,255,255,255,255,255,255,255,255,
255,255,255,255,255,255,255,255,255,255,255,255,255,255,255,255,255,255,240,79,250,255,255,255,205,0,0,0,0,0,0,0,0,49,254,255,255,205,0,0,0,0,0,0,177,255,255,255,255,255,255,255,255,255,255,255,255,255,255,255,
255,255,255,255,255,255,255,255,255,255,255,255,255,255,255,255,255,255,142,127,192,255,255,255,226,0,0,0,0,0,0,0,0,58,255,255,255,254,46,0,0,0,0,0,155,255,255,255,255,255,255,255,255,255,255,255,255,255,255,255,
255,255,255,255,255,255,255,255,255,255,255,255,255,255,255,255,255,255,154,222,185,255,255,255,242,0,0,0,0,0,0,0,0,39,254,255,255,255,120,0,0,0,0,4,220,255,255,255,255,255,255,255,255,255,255,255,255,255,255,255,
255,255,255,255,255,255,255,255,255,255,255,255,255,255,255,255,255,255,176,52,223,255,255,255,243,0,0,0,0,0,0,0,0,23,254,255,255,255,137,0,0,0,0,120,254,255,255,255,255,255,255,255,255,255,255,255,255,255,255,255,
255,255,255,255,255,255,255,255,255,255,255,255,255,255,255,255,255,255,254,106,254,255,255,255,191,0,0,0,0,0,0,0,0,0,174,255,250,178,16,0,0,0,43,248,255,255,255,255,255,255,255,255,255,255,255,255,255,255,255,255,
255,255,255,255,255,255,255,255,255,255,255,255,255,255,255,255,255,254,201,44,176,255,255,254,85,0,0,0,0,0,0,0,0,0,61,205,202,16,0,0,0,0,29,240,255,255,255,255,255,255,255,255,255,255,255,255,255,255,255,255,
255,255,255,255,255,255,255,255,255,255,255,255,255,255,255,255,255,255,164,220,141,255,254,157,37,0,0,0,0,0,0,0,0,0,24,33,71,0,0,0,0,0,0,146,254,255,255,255,255,255,255,255,255,255,255,255,255,255,255,255,
