255,255,255,255,255,255,255,255,255,255,255,255,255,255,255,255,255,255,255,255,255,255,255,255,255,255,255,255,255,255,255,255,255,255,255,255,255,255,255,255,255,255,255,254,255,255,255,255,255,255,255,255,255,255,255,255,255,255,255,255,
255,255,255,255,255,255,255,255,255,255,255,255,255,255,255,255,255,255,255,255,255,255,255,255,255,255,255,255,255,255,255,255,255,255,255,255,255,255,255,255,255,255,255,255,255,255,255,255,255,255,255,255,255,255,255,255,255,255,255,255,
255,255,255,255,255,255,255,255,255,255,255,255,255,255,255,255,255,255,255,255,255,255,255,255,255,255,255,255,255,255,255,255,255,255,255,255,255,255,255,255,255,255,255,255,255,255,255,255,255,255,255,255,255,255,255,255,255,255,255,255,
255,255,255,255,255,255,255,255,255,255,255,255,255,255,255,255,255,255,255,255,255,255,255,255,255,255,255,255,255,255,255,255,255,255,255,255,255,255,255,255,255,255,255,255,255,255,255,255,255,255,255,238,179,255,255,255,255,255,255,255,
255,255,255,255,255,255,255,255,255,255,255,255,255,255,255,255,255,255,255,255,255,255,255,255,255,255,255,255,255,255,255,255,255,255,255,255,255,255,255,255,255,255,255,255,255,255,255,254,255,254,165,58,233,255,255,255,255,255,255,255,
255,255,255,255,255,255,255,255,255,255,255,255,255,255,255,255,255,255,255,255,255,255,255,255,255,255,255,255,255,255,255,255,255,255,255,255,255,255,255,255,255,255,255,255,255,255,255,254,239,86,23,222,255,255,255,255,255,255,255,255,
255,255,255,255,255,255,255,255,255,255,255,255,255,255,240,176,142,154,213,254,255,255,255,255,255,255,255,255,255,255,255,255,255,255,255,255,255,254,255,255,255,255,255,254,255,255,255,213,38,10,202,255,255,255,255,255,255,255,255,255,
255,255,255,255,255,255,255,255,255,255,255,255,254,156,15,0,0,0,0,62,207,255,255,255,255,255,255,255,255,255,255,255,255,255,255,255,255,255,255,255,255,255,255,254,255,254,173,13,0,96,254,255,255,255,255,255,255,255,255,255,
255,255,255,255,255,255,255,255,255,255,255,255,135,0,0,0,0,0,0,0,10,178,255,255,255,255,255,255,255,255,255,255,255,255,255,255,255,255,255,255,255,255,255,255,248,95,0,0,15,128,253,255,255,255,255,255,255,255,255,255,
255,255,255,255,255,255,255,255,255,255,255,183,0,0,0,0,0,0,0,0,0,13,221,255,255,255,255,255,255,255,255,255,255,255,255,255,255,255,255,254,255,255,255,216,56,0,0,0,0,83,245,255,255,255,255,255,255,255,255,255,
255,255,255,255,255,255,255,255,255,255,251,37,0,0,0,0,0,0,0,0,0,0,97,255,255,255,255,255,255,255,255,255,255,255,255,255,255,254,255,255,255,240,120,6,0,0,0,0,9,85,223,255,255,255,255,255,255,255,255,255,
255,255,255,255,255,255,255,255,255,255,182,0,0,0,0,0,0,0,0,0,0,0,17,243,254,254,255,255,255,255,255,255,254,244,215,239,254,98,138,254,160,21,0,0,0,115,87,100,228,254,255,255,255,255,255,255,255,255,255,255,
255,255,255,255,255,255,255,255,255,255,109,0,0,0,0,0,0,0,0,0,0,0,0,38,55,60,130,247,255,255,252,174,65,5,0,1,45,7,87,82,0,0,0,3,153,254,254,255,255,255,255,255,255,255,255,255,255,255,255,255,
255,255,255,255,255,255,255,255,255,254,68,0,0,0,0,0,0,0,0,0,0,0,0,0,0,0,0,64,245,254,185,12,0,0,0,0,0,0,0,0,0,0,15,187,255,255,255,255,255,255,255,255,255,255,255,255,255,255,255,255,
255,255,255,255,255,255,255,255,255,254,65,0,0,0,0,0,0,0,0,0,0,0,0,0,0,0,0,0,110,254,78,0,0,0,0,0,0,0,0,0,0,27,211,178,107,131,225,255,255,255,255,255,255,255,255,255,255,255,255,255,
255,255,255,255,255,255,255,255,255,254,105,0,0,0,0,0,0,0,0,0,0,0,0,0,0,0,0,0,11,233,1,0,0,0,0,0,0,0,0,0,0,57,71,0,0,0,25,253,255,255,255,255,255,255,255,255,255,255,255,255,
255,255,255,255,255,255,255,255,255,255,199,0,0,0,0,0,0,0,0,0,0,0,0,0,0,0,0,0,0,191,80,0,0,0,0,0,0,0,0,0,0,0,0,0,0,0,1,243,255,255,255,255,255,255,255,255,255,255,255,255,
255,255,255,255,255,255,255,255,255,255,254,113,0,0,0,0,0,0,0,0,0,0,0,0,0,0,0,0,0,71,37,0,0,0,0,0,0,0,0,0,0,0,0,0,0,0,28,254,255,255,255,255,255,255,255,255,255,255,255,255,
255,255,255,255,255,255,255,255,255,255,255,252,127,4,0,0,0,0,0,0,0,0,0,0,0,0,0,0,2,47,0,0,0,0,0,0,0,0,0,0,0,0,0,0,0,0,112,254,255,255,255,255,255,255,255,255,255,255,255,255,
255,255,255,255,255,255,255,255,255,255,255,255,254,213,106,35,19,48,83,72,0,0,0,0,0,0,0,0,0,0,0,0,0,0,0,0,0,0,0,0,0,0,0,0,0,5,211,255,255,255,255,255,255,255,255,255,255,255,255,255,
255,255,255,255,255,255,255,255,255,255,255,255,255,255,255,254,254,206,18,0,0,0,0,0,0,0,0,61,146,0,0,0,0,0,0,0,0,0,0,0,0,0,0,0,0,97,254,255,255,255,255,255,255,255,255,255,255,255,255,255,
255,255,255,255,255,255,255,255,255,255,255,255,255,255,255,254,184,19,0,0,0,89,24,0,0,7,111,246,202,9,0,0,0,0,0,0,0,0,0,0,0,0,2,0,23,235,255,255,255,255,255,255,255,255,255,255,255,255,255,255,
255,255,255,255,255,255,255,255,255,255,255,255,255,255,255,254,40,0,0,0,7,237,251,208,203,243,254,255,255,157,0,0,0,0,0,0,0,0,0,0,0,1,130,20,211,255,255,255,255,255,255,255,255,255,255,255,255,255,255,255,
255,255,255,255,255,255,255,255,255,255,255,255,255,255,255,193,26,11,0,0,29,254,255,255,255,255,255,255,254,82,0,0,0,0,0,0,0,0,0,0,0,55,251,217,255,255,255,255,255,255,255,255,255,255,255,255,255,255,255,255,
255,255,255,255,255,255,255,255,255,255,255,255,255,255,254,124,230,112,0,0,1,213,255,255,255,255,255,255,236,7,1,0,0,0,0,0,0,0,0,0,0,135,255,255,255,255,255,255,255,255,255,255,255,255,255,255,255,255,255,255,
255,255,255,255,255,255,255,255,255,255,255,255,255,255,255,254,247,71,0,0,1,161,254,255,255,255,255,255,156,0,1,0,0,0,0,0,0,0,0,0,0,215,255,255,255,255,255,255,255,255,255,255,255,255,255,255,255,255,255,255,
255,255,255,255,255,255,255,255,255,255,255,255,255,255,255,255,255,181,0,0,0,214,255,255,255,255,255,254,70,0,0,0,0,0,0,0,0,0,0,0,28,254,255,255,255,255,255,255,255,255,255,255,255,255,255,255,255,255,255,255,
255,255,255,255,255,255,255,255,255,255,255,255,255,255,255,255,255,241,0,0,0,176,255,255,254,237,178,67,0,0,0,0,0,0,0,0,0,0,0,0,86,254,255,255,255,255,255,255,255,255,255,255,255,255,255,255,255,255,255,255,
255,255,255,255,255,255,255,255,255,255,255,255,255,255,255,255,255,253,5,0,0,140,197,115,48,1,0,0,0,0,0,0,0,0,0,0,0,0,0,0,139,254,255,255,255,255,255,255,255,255,255,255,255,255,255,255,255,255,255,255,
255,255,255,255,255,255,255,255,255,255,255,255,255,255,255,255,255,255,26,0,0,6,0,0,0,0,0,0,0,0,0,0,0,0,0,0,0,0,0,0,191,255,255,255,255,255,255,255,255,255,255,255,255,255,255,255,255,255,255,255,
255,255,255,255,255,255,255,255,255,255,255,255,255,255,255,255,255,255,64,0,0,0,0,0,0,0,0,0,0,0,0,0,0,0,0,0,0,0,0,0,235,255,255,255,255,255,255,255,255,255,255,255,255,255,255,255,255,255,255,255,
255,255,255,255,255,255,255,255,255,255,255,255,255,255,255,255,255,255,127,7,0,0,0,24,80,0,0,0,0,0,0,0,0,0,0,0,0,0,0,29,254,255,255,255,255,255,255,255,255,255,255,255,255,255,255,255,255,255,255,255,
255,255,255,255,255,255,255,255,255,255,255,255,255,255,255,255,255,255,169,49,131,173,218,253,164,0,0,0,0,0,0,0,0,0,0,0,0,0,0,39,243,255,255,255,255,255,255,255,255,255,255,255,255,255,255,255,255,255,255,255,
255,255,255,255,255,255,255,255,255,255,255,255,255,255,255,255,255,255,254,105,254,255,255,254,99,0,0,0,0,0,0,0,0,0,0,0,0,0,0,0,60,239,255,255,255,255,255,255,255,255,255,255,255,255,255,255,255,255,255,255,
255,255,255,255,255,255,255,255,255,255,255,255,255,255,255,255,255,255,190,42,224,255,255,254,69,0,0,0,0,0,0,0,0,0,0,0,0,0,0,0,0,54,239,255,255,255,255,255,255,255,255,255,255,255,255,255,255,255,255,255,
255,255,255,255,255,255,255,255,255,255,255,255,255,255,255,255,255,255,146,211,184,255,255,254,74,0,0,0,0,0,0,0,0,0,0,0,0,0,0,0,0,0,55,244,255,255,255,255,255,255,255,255,255,255,255,255,255,255,255,255,
255,255,255,255,255,255,255,255,255,255,255,255,255,255,255,255,255,255,141,136,193,255,255,255,96,0,0,0,0,0,0,0,0,0,31,0,0,0,0,0,0,0,0,80,254,255,255,255,255,255,255,255,255,255,255,255,255,255,255,255,
255,255,255,255,255,255,255,255,255,255,255,255,255,255,255,255,255,255,233,83,252,255,255,255,123,0,0,0,0,0,0,0,0,23,126,0,0,0,0,0,0,0,0,0,163,255,255,255,255,255,255,255,255,255,255,255,255,255,255,255,
255,255,255,255,255,255,255,255,255,255,255,255,255,255,255,255,255,255,225,79,251,255,255,255,145,0,0,0,0,0,0,0,0,79,167,0,0,0,24,110,77,0,0,0,58,254,255,255,255,255,255,255,255,255,255,255,255,255,255,255,
255,255,255,255,255,255,255,255,255,255,255,255,255,255,255,255,255,255,140,123,199,255,255,255,156,0,0,0,0,0,0,0,0,94,196,0,0,0,128,166,90,0,0,0,29,254,255,255,255,255,255,255,255,255,255,255,255,255,255,255,
255,255,255,255,255,255,255,255,255,255,255,255,255,255,255,255,255,255,159,193,206,255,255,255,169,0,0,0,0,0,0,0,0,93,221,0,0,0,190,98,0,0,0,0,64,254,255,255,255,255,255,255,255,255,255,255,255,255,255,255,
255,255,255,255,255,255,255,255,255,255,255,255,255,255,255,255,255,255,167,54,239,255,255,255,185,0,0,0,0,0,0,0,0,81,230,0,0,0,150,3,0,0,0,8,206,255,255,255,255,255,255,255,255,255,255,255,255,255,255,255,
255,255,255,255,255,255,255,255,255,255,255,255,255,255,255,255,255,255,242,102,254,255,255,255,179,0,0,0,0,0,0,0,0,34,220,0,0,0,6,0,0,0,0,161,254,255,255,255,255,255,255,255,255,255,255,255,255,255,255,255,
255,255,255,255,255,255,255,255,255,255,255,255,255,255,255,255,255,255,159,39,226,255,255,254,105,0,0,0,0,0,0,0,0,0,102,0,0,0,0,0,0,0,129,254,255,255,255,255,255,255,255,255,255,255,255,255,255,255,255,255,
255,255,255,255,255,255,255,255,255,255,255,255,255,255,255,255,255,254,148,216,185,255,255,208,35,0,0,0,0,0,0,0,0,0,18,0,0,0,0,0,0,99,254,255,255,255,255,255,255,255,255,255,255,255,255,255,255,255,255,255,
