255,255,255,255,255,255,255,255,255,255,255,255,255,255,255,255,255,255,255,255,255,255,255,255,255,255,255,255,255,255,255,255,255,255,255,255,255,255,255,255,255,255,255,254,255,255,255,255,255,255,255,255,255,255,255,255,255,255,255,255,
255,255,255,255,255,255,255,255,255,255,255,255,255,255,255,255,255,255,255,255,255,255,255,255,255,255,255,255,255,255,255,255,255,255,255,255,255,255,255,255,255,255,255,255,255,255,255,255,255,255,255,255,255,255,255,255,255,255,255,255,
255,255,255,255,255,255,255,255,255,255,255,255,255,255,255,255,255,255,255,255,255,255,255,255,255,255,255,255,255,255,255,255,255,255,255,255,255,255,255,255,255,255,255,255,255,255,255,255,255,255,255,255,255,255,255,255,255,255,255,255,
255,255,255,255,255,255,255,255,255,255,255,255,255,255,255,255,255,255,255,255,255,255,255,255,255,255,255,255,255,255,255,255,255,255,255,255,255,255,255,255,255,255,255,255,255,255,255,255,255,255,255,255,255,255,255,255,255,255,255,255,
255,255,255,255,255,255,255,255,255,255,255,255,255,255,255,255,255,255,255,255,255,255,255,255,255,255,255,255,255,255,255,255,255,255,255,255,255,255,255,255,255,255,255,255,255,255,255,254,255,255,255,255,254,204,246,255,255,255,255,255,
255,255,255,255,255,255,255,255,255,255,255,255,255,255,255,255,254,254,254,255,255,255,255,255,255,255,255,255,255,255,255,255,255,255,255,255,255,255,255,255,255,255,255,255,255,255,255,255,255,255,254,223,83,151,254,255,255,255,255,255,
255,255,255,255,255,255,255,255,255,255,255,255,255,255,254,179,69,22,30,86,184,254,255,255,255,255,255,255,255,255,255,255,255,255,255,255,255,254,255,255,255,255,255,254,255,255,255,255,255,254,149,11,144,254,255,255,255,255,255,255,
255,255,255,255,255,255,255,255,255,255,255,255,255,252,100,0,0,0,0,0,0,86,243,255,255,255,255,255,255,255,255,255,255,255,255,255,255,255,255,255,255,255,255,254,255,255,255,255,237,79,0,125,254,255,255,255,255,255,255,255,
255,255,255,255,255,255,255,255,255,255,255,255,254,104,0,0,0,0,0,0,0,0,69,252,255,255,255,255,255,255,255,255,255,255,255,255,255,255,255,255,255,255,255,255,255,255,254,199,31,0,61,253,255,255,255,255,255,255,255,255,
255,255,255,255,255,255,255,255,255,255,255,255,176,0,0,0,0,0,0,0,0,0,0,159,255,255,255,255,255,255,255,255,255,255,255,255,255,255,255,255,255,255,255,255,255,251,116,4,0,2,61,230,255,255,255,255,255,255,255,255,
255,255,255,255,255,255,255,255,255,255,255,254,42,0,0,0,0,0,0,0,0,0,0,57,254,255,255,255,255,255,255,255,255,255,255,255,255,255,255,255,255,255,255,254,214,60,0,0,0,4,108,250,255,255,255,255,255,255,255,255,
255,255,255,255,255,255,255,255,255,255,254,201,0,0,0,0,0,0,0,0,0,0,0,2,229,255,255,255,255,255,255,255,255,255,255,255,255,255,249,249,255,255,231,108,5,0,0,0,0,0,21,186,255,255,255,255,255,255,255,255,
255,255,255,255,255,255,255,255,255,255,255,141,0,0,0,0,0,0,0,0,0,0,0,0,39,98,122,208,254,255,255,255,254,226,175,164,201,251,136,60,248,129,11,0,0,0,92,49,45,172,252,255,255,255,255,255,255,255,255,255,
255,255,255,255,255,255,255,255,255,255,255,127,0,0,0,0,0,0,0,0,0,0,0,0,0,0,0,3,160,255,255,223,65,0,0,0,0,23,10,25,41,0,0,0,3,147,254,254,254,255,255,255,255,255,255,255,255,255,255,255,
255,255,255,255,255,255,255,255,255,255,255,157,0,0,0,0,0,0,0,0,0,0,0,0,0,0,0,0,5,211,245,71,0,0,0,0,0,0,0,0,0,0,0,19,185,255,255,255,255,255,255,255,255,255,255,255,255,255,255,255,
255,255,255,255,255,255,255,255,255,255,255,238,15,0,0,0,0,0,0,0,0,0,0,0,0,0,0,0,0,90,204,1,0,0,0,0,0,0,0,0,0,0,40,220,203,149,193,254,255,255,255,255,255,255,255,255,255,255,255,255,
255,255,255,255,255,255,255,255,255,255,255,255,153,0,0,0,0,0,0,0,0,0,0,0,0,0,0,0,0,41,145,1,0,0,0,0,0,0,0,0,0,0,96,89,0,0,0,95,254,255,255,255,255,255,255,255,255,255,255,255,
255,255,255,255,255,255,255,255,255,255,255,255,254,139,2,0,0,0,0,0,0,0,0,0,0,0,0,0,0,39,226,23,0,0,0,0,0,0,0,0,0,0,0,0,0,0,0,28,254,255,255,255,255,255,255,255,255,255,255,255,
255,255,255,255,255,255,255,255,255,255,255,255,255,254,203,81,8,0,12,63,3,0,0,0,0,0,0,0,0,33,2,0,0,0,0,0,0,0,0,0,0,0,0,0,0,0,0,65,254,255,255,255,255,255,255,255,255,255,255,255,
255,255,255,255,255,255,255,255,255,255,255,255,255,255,255,254,251,246,225,79,52,0,0,0,0,0,0,0,0,6,0,0,0,0,0,0,0,0,0,0,0,0,0,0,0,0,0,139,255,255,255,255,255,255,255,255,255,255,255,255,
255,255,255,255,255,255,255,255,255,255,255,255,255,255,255,255,254,191,29,0,0,0,0,0,0,0,0,0,67,5,0,0,0,0,0,0,0,0,0,0,0,0,0,0,0,0,13,235,255,255,255,255,255,255,255,255,255,255,255,255,
255,255,255,255,255,255,255,255,255,255,255,255,255,255,255,255,157,0,0,0,0,41,108,6,0,0,22,161,253,30,0,0,0,0,0,0,0,0,0,0,0,0,0,0,0,0,129,255,255,255,255,255,255,255,255,255,255,255,255,255,
255,255,255,255,255,255,255,255,255,255,255,255,255,255,255,255,150,0,0,0,0,106,254,239,197,202,249,255,254,99,0,0,0,0,0,0,0,0,0,0,0,0,0,0,0,47,251,255,255,255,255,255,255,255,255,255,255,255,255,255,
255,255,255,255,255,255,255,255,255,255,255,255,255,255,255,241,38,45,0,0,0,180,255,255,255,255,255,255,255,243,15,0,0,0,0,0,0,0,0,0,0,0,31,10,36,224,255,255,255,255,255,255,255,255,255,255,255,255,255,255,
255,255,255,255,255,255,255,255,255,255,255,255,255,255,255,226,182,210,12,0,0,139,255,255,255,255,255,255,255,155,0,0,0,0,0,0,0,0,0,0,0,0,138,163,218,255,255,255,255,255,255,255,255,255,255,255,255,255,255,255,
255,255,255,255,255,255,255,255,255,255,255,255,255,255,255,255,254,165,7,0,0,58,245,255,255,255,255,255,254,52,0,0,0,0,0,0,0,0,0,0,0,1,223,254,255,255,255,255,255,255,255,255,255,255,255,255,255,255,255,255,
255,255,255,255,255,255,255,255,255,255,255,255,255,255,255,255,254,197,31,0,0,126,255,255,255,255,255,255,206,0,0,0,0,0,0,0,0,0,0,0,0,48,254,255,255,255,255,255,255,255,255,255,255,255,255,255,255,255,255,255,
255,255,255,255,255,255,255,255,255,255,255,255,255,255,255,255,255,254,71,0,0,95,255,255,255,255,255,234,91,0,0,0,0,0,0,0,0,0,0,0,0,123,255,255,255,255,255,255,255,255,255,255,255,255,255,255,255,255,255,255,
255,255,255,255,255,255,255,255,255,255,255,255,255,255,255,255,255,254,80,0,0,64,255,249,198,137,87,17,0,0,0,0,0,0,0,0,0,0,0,0,0,178,255,255,255,255,255,255,255,255,255,255,255,255,255,255,255,255,255,255,
255,255,255,255,255,255,255,255,255,255,255,255,255,255,255,255,255,255,101,0,0,19,86,15,0,0,0,0,0,0,0,0,0,0,0,0,0,0,0,0,0,228,255,255,255,255,255,255,255,255,255,255,255,255,255,255,255,255,255,255,
255,255,255,255,255,255,255,255,255,255,255,255,255,255,255,255,255,255,124,0,0,0,0,0,0,0,0,0,0,0,0,0,0,0,0,0,0,0,0,0,18,254,255,255,255,255,255,255,255,255,255,255,255,255,255,255,255,255,255,255,
255,255,255,255,255,255,255,255,255,255,255,255,255,255,255,255,255,255,155,0,0,0,0,0,0,0,0,0,0,0,0,0,0,0,0,0,0,0,0,0,56,254,255,255,255,255,255,255,255,255,255,255,255,255,255,255,255,255,255,255,
255,255,255,255,255,255,255,255,255,255,255,255,255,255,255,255,255,255,169,62,30,47,81,128,99,0,0,0,0,0,0,0,0,0,0,0,0,0,0,0,94,255,255,255,255,255,255,255,255,255,255,255,255,255,255,255,255,255,255,255,
255,255,255,255,255,255,255,255,255,255,255,255,255,255,255,255,255,255,243,73,240,254,254,255,55,0,0,0,0,0,0,0,0,0,0,0,0,0,0,0,131,255,255,255,255,255,255,255,255,255,255,255,255,255,255,255,255,255,255,255,
255,255,255,255,255,255,255,255,255,255,255,255,255,255,255,255,255,255,245,71,238,255,255,247,5,0,0,0,0,0,0,0,0,0,0,0,0,0,0,0,44,232,255,255,255,255,255,255,255,255,255,255,255,255,255,255,255,255,255,255,
255,255,255,255,255,255,255,255,255,255,255,255,255,255,255,255,255,255,154,146,154,255,255,230,0,0,0,0,0,0,0,0,0,0,8,0,0,0,0,0,0,43,233,255,255,255,255,255,255,255,255,255,255,255,255,255,255,255,255,255,
255,255,255,255,255,255,255,255,255,255,255,255,255,255,255,255,255,255,143,233,152,255,255,230,0,0,0,0,0,0,0,0,0,0,147,26,0,0,0,0,0,0,52,238,255,255,255,255,255,255,255,255,255,255,255,255,255,255,255,255,
255,255,255,255,255,255,255,255,255,255,255,255,255,255,255,255,255,255,205,47,207,255,255,231,0,0,0,0,0,0,0,0,0,30,250,77,0,0,0,0,0,0,0,68,251,255,255,255,255,255,255,255,255,255,255,255,255,255,255,255,
255,255,255,255,255,255,255,255,255,255,255,255,255,255,255,255,255,255,254,90,254,255,255,241,0,0,0,0,0,0,0,0,0,137,255,125,0,0,0,0,0,0,0,0,143,255,255,255,255,255,255,255,255,255,255,255,255,255,255,255,
255,255,255,255,255,255,255,255,255,255,255,255,255,255,255,255,255,255,204,50,165,255,255,254,6,0,0,0,0,0,0,0,0,200,255,178,0,0,0,0,32,0,0,0,34,254,255,255,255,255,255,255,255,255,255,255,255,255,255,255,
255,255,255,255,255,255,255,255,255,255,255,255,255,255,255,255,255,255,164,221,157,254,255,255,16,0,0,0,0,0,0,0,0,227,255,227,0,0,0,1,32,0,0,0,0,253,255,255,255,255,255,255,255,255,255,255,255,255,255,255,
255,255,255,255,255,255,255,255,255,255,255,255,255,255,255,255,255,255,184,97,150,255,255,255,28,0,0,0,0,0,0,0,0,215,255,253,10,0,0,1,0,0,0,0,22,254,255,255,255,255,255,255,255,255,255,255,255,255,255,255,
255,255,255,255,255,255,255,255,255,255,255,255,255,255,255,255,255,255,253,83,247,255,255,255,42,0,0,0,0,0,0,0,0,185,255,254,47,0,0,0,0,0,0,6,180,254,255,255,255,255,255,255,255,255,255,255,255,255,255,255,
255,255,255,255,255,255,255,255,255,255,255,255,255,255,255,255,255,255,253,74,183,255,255,254,51,0,0,0,0,0,0,0,0,109,254,252,32,0,0,0,0,0,14,184,255,255,255,255,255,255,255,255,255,255,255,255,255,255,255,255,
255,255,255,255,255,255,255,255,255,255,255,255,255,255,255,255,255,255,229,107,135,254,255,236,3,0,0,0,0,0,0,0,0,4,234,128,0,0,0,0,0,33,211,254,255,255,255,255,255,255,255,255,255,255,255,255,255,255,255,255,
