255,255,255,255,255,255,255,255,255,255,255,255,255,255,255,255,255,255,255,255,255,255,255,255,255,255,255,255,255,255,255,255,255,255,255,255,255,255,255,255,255,255,255,254,255,255,255,255,255,255,255,255,255,255,255,255,255,255,255,255,
255,255,255,255,255,255,255,255,255,255,255,255,255,255,255,255,255,255,255,255,255,255,255,255,255,255,255,255,255,255,255,255,255,255,255,255,255,255,255,255,255,255,255,255,255,255,255,255,254,255,255,255,255,255,255,255,255,255,255,255,
255,255,255,255,255,255,255,255,255,255,255,255,255,255,255,255,255,255,255,255,255,255,255,255,255,255,255,255,255,255,255,255,255,255,255,255,255,255,255,255,255,255,255,255,255,255,255,255,255,255,255,255,255,255,255,255,255,255,255,255,
255,255,255,255,255,255,255,255,255,255,255,255,255,255,255,255,255,255,255,255,255,255,255,255,255,255,255,255,255,255,255,255,255,255,255,255,255,255,255,255,255,255,255,255,255,255,255,255,255,255,255,255,255,255,255,255,255,255,255,255,
255,255,255,255,255,255,255,255,255,255,255,255,255,255,255,255,255,255,255,255,255,255,255,255,255,255,255,255,255,255,255,255,255,255,255,255,255,255,255,255,255,255,255,255,255,255,255,254,255,255,255,255,254,249,239,255,255,255,255,255,
255,255,255,255,255,255,255,255,255,255,255,255,255,255,255,255,255,254,254,255,255,255,255,255,255,255,255,255,255,255,255,255,255,255,255,255,255,255,255,255,255,255,255,255,255,255,255,255,255,255,254,253,164,96,244,255,255,255,255,255,
255,255,255,255,255,255,255,255,255,255,255,255,255,255,254,224,113,60,60,106,204,254,255,255,255,255,255,255,255,255,255,255,255,255,255,255,255,254,255,255,255,255,255,254,255,255,255,255,255,254,220,65,62,243,255,255,255,255,255,255,
255,255,255,255,255,255,255,255,255,255,255,255,255,254,161,10,0,0,0,0,1,100,246,255,255,255,255,255,255,255,255,255,255,255,255,255,255,255,255,255,255,255,255,254,255,255,255,255,254,163,14,48,238,255,255,255,255,255,255,255,
255,255,255,255,255,255,255,255,255,255,255,255,254,164,1,0,0,0,0,0,0,0,69,251,255,255,255,255,255,255,255,255,255,255,255,255,255,255,255,255,255,255,255,255,255,254,254,243,96,0,36,235,255,255,255,255,255,255,255,255,
255,255,255,255,255,255,255,255,255,255,255,255,219,11,0,0,0,0,0,0,0,0,0,148,255,255,255,255,255,255,255,255,255,255,255,255,255,255,255,255,255,255,255,255,255,254,195,40,0,0,6,181,255,255,255,255,255,255,255,255,
255,255,255,255,255,255,255,255,255,255,255,254,90,0,0,0,0,0,0,0,0,0,0,39,254,255,255,255,255,255,255,255,255,255,255,255,255,255,255,255,255,255,255,255,249,132,5,0,0,0,100,251,255,255,255,255,255,255,255,255,
255,255,255,255,255,255,255,255,255,255,254,238,5,0,0,0,0,0,0,0,0,0,0,0,220,255,255,255,255,255,255,255,255,255,255,255,255,255,254,254,255,255,254,171,38,0,0,0,0,0,0,121,255,255,255,255,255,255,255,255,
255,255,255,255,255,255,255,255,255,255,255,180,0,0,0,0,0,0,0,0,0,0,0,0,53,139,161,232,255,255,255,255,254,249,209,194,225,254,202,45,244,191,51,0,0,0,42,23,0,74,188,246,255,255,255,255,255,255,255,255,
255,255,255,255,255,255,255,255,255,255,255,152,0,0,0,0,0,0,0,0,0,0,0,0,0,0,0,13,179,255,255,240,113,15,0,0,0,40,38,12,81,0,0,0,0,73,241,247,228,254,255,255,255,255,255,255,255,255,255,255,
255,255,255,255,255,255,255,255,255,255,254,187,0,0,0,0,0,0,0,0,0,0,0,0,0,0,0,0,10,216,252,111,0,0,0,0,0,0,0,0,0,0,0,0,119,252,254,255,255,255,255,255,255,255,255,255,255,255,255,255,
255,255,255,255,255,255,255,255,255,255,255,249,29,0,0,0,0,0,0,0,0,0,0,0,0,0,0,0,0,87,235,15,0,0,0,0,0,0,0,0,0,0,8,167,248,203,230,255,255,255,255,255,255,255,255,255,255,255,255,255,
255,255,255,255,255,255,255,255,255,255,255,255,173,1,0,0,0,0,0,0,0,0,0,0,0,0,0,0,0,29,176,0,0,0,0,0,0,0,0,0,0,0,98,151,26,0,3,96,254,255,255,255,255,255,255,255,255,255,255,255,
255,255,255,255,255,255,255,255,255,255,255,255,255,155,5,0,0,0,0,0,0,0,0,0,0,0,0,0,0,24,225,49,0,0,0,0,0,0,0,0,0,0,0,0,0,0,0,0,234,255,255,255,255,255,255,255,255,255,255,255,
255,255,255,255,255,255,255,255,255,255,255,255,255,255,205,78,6,0,2,39,1,0,0,0,0,0,0,0,0,26,24,3,0,0,0,0,0,0,0,0,0,0,0,0,0,0,0,6,244,255,255,255,255,255,255,255,255,255,255,255,
255,255,255,255,255,255,255,255,255,255,255,255,255,255,255,254,247,229,229,108,60,0,0,0,0,0,0,0,0,17,0,0,0,0,0,0,0,0,0,0,0,0,0,0,0,0,0,60,254,255,255,255,255,255,255,255,255,255,255,255,
255,255,255,255,255,255,255,255,255,255,255,255,255,255,255,255,254,210,47,0,0,0,0,0,0,0,0,0,20,0,0,0,0,0,0,0,0,0,0,0,0,0,0,0,0,0,0,173,255,255,255,255,255,255,255,255,255,255,255,255,
255,255,255,255,255,255,255,255,255,255,255,255,255,255,255,255,165,3,0,0,0,30,84,0,0,0,2,113,249,42,0,0,0,0,0,0,0,0,0,0,0,0,0,0,0,0,56,253,255,255,255,255,255,255,255,255,255,255,255,255,
255,255,255,255,255,255,255,255,255,255,255,255,255,255,255,255,159,0,0,0,0,84,254,212,162,164,222,254,254,84,0,0,0,0,0,0,0,0,0,0,0,0,0,0,0,5,208,255,255,255,255,255,255,255,255,255,255,255,255,255,
255,255,255,255,255,255,255,255,255,255,255,255,255,255,255,247,39,45,0,0,0,165,255,255,255,255,255,255,255,253,58,0,0,0,0,0,0,0,0,0,0,0,13,22,0,148,254,255,255,255,255,255,255,255,255,255,255,255,255,255,
255,255,255,255,255,255,255,255,255,255,255,255,255,255,255,228,164,189,17,0,0,141,254,255,255,255,255,255,255,229,5,0,0,0,0,0,0,0,0,0,0,0,95,143,150,254,255,255,255,255,255,255,255,255,255,255,255,255,255,255,
255,255,255,255,255,255,255,255,254,255,255,255,255,255,255,255,255,196,10,0,0,60,243,255,255,255,255,254,255,133,0,0,0,0,0,0,0,0,0,0,0,0,183,254,255,255,255,255,255,255,255,255,255,255,255,255,255,255,255,255,
255,255,255,255,255,255,255,255,255,255,255,255,255,255,255,255,254,180,25,0,0,102,254,255,255,255,255,255,254,37,0,0,0,0,0,0,0,0,0,0,0,14,249,255,255,255,255,255,255,255,255,255,255,255,255,255,255,255,255,255,
255,255,255,255,255,255,255,255,255,255,255,255,255,255,255,255,255,254,75,0,0,86,255,255,255,255,255,248,154,0,0,0,0,0,0,0,0,0,0,0,0,87,254,255,255,255,255,255,255,255,255,255,255,255,255,255,255,255,255,255,
255,255,255,255,255,254,255,255,255,255,255,255,255,255,255,255,255,254,97,0,0,53,254,254,234,178,120,34,0,0,0,0,0,0,0,0,0,0,0,0,0,142,255,255,255,255,255,255,255,255,255,255,255,255,255,255,255,255,255,255,
255,255,255,255,255,255,255,255,255,255,255,255,255,255,255,255,255,255,111,0,0,18,129,51,2,0,0,0,0,0,0,0,0,0,0,0,0,0,0,0,0,193,255,255,255,255,255,255,255,255,255,255,255,255,255,255,255,255,255,255,
255,255,255,255,255,255,255,255,255,255,255,255,255,255,255,255,255,255,135,0,0,0,0,0,0,0,0,0,0,0,0,0,0,0,0,0,0,0,0,0,0,241,255,255,255,255,255,255,255,255,255,255,255,255,255,255,255,255,255,255,
255,255,255,255,255,255,255,255,255,255,255,255,255,255,255,255,255,255,184,0,0,0,0,0,0,0,0,0,0,0,0,0,0,0,0,0,0,0,0,0,21,254,255,255,255,255,255,255,255,255,255,255,255,255,255,255,255,255,255,255,
255,255,255,255,255,255,255,255,255,255,255,255,255,255,255,255,255,255,212,50,9,6,37,89,70,0,0,0,0,0,0,0,0,0,0,0,0,0,0,0,59,254,255,255,255,255,255,255,255,255,255,255,255,255,255,255,255,255,255,255,
255,255,255,255,255,255,255,255,255,255,255,255,255,255,255,255,255,255,248,60,200,252,254,255,54,0,0,0,0,0,0,0,0,0,0,0,0,0,0,0,98,254,255,255,255,255,255,255,255,255,255,255,255,255,255,255,255,255,255,255,
255,255,255,255,255,255,255,255,255,255,255,255,255,255,255,255,255,255,254,96,251,255,255,242,3,0,0,0,0,0,0,0,0,0,0,0,0,0,0,0,72,251,255,255,255,255,255,255,255,255,255,255,255,255,255,255,255,255,255,255,
255,255,255,255,255,255,255,255,255,255,255,255,255,255,255,255,255,255,192,82,155,255,255,211,0,0,0,0,0,0,0,0,0,0,5,1,0,0,0,0,0,87,250,255,255,255,255,255,255,255,255,255,255,255,255,255,255,255,255,255,
255,255,255,255,255,255,255,255,255,255,255,255,255,255,255,255,255,255,162,233,158,255,255,203,0,0,0,0,0,0,0,0,0,0,108,37,0,0,0,0,0,0,89,251,255,255,255,255,255,255,255,255,255,255,255,255,255,255,255,255,
255,255,255,255,255,255,255,255,255,255,255,255,255,255,255,255,255,255,195,66,179,255,255,203,0,0,0,0,0,0,0,0,0,29,239,87,0,0,0,0,0,0,0,118,255,255,255,255,255,255,255,255,255,255,255,255,255,255,255,255,
255,255,255,255,255,255,255,255,255,255,255,255,255,255,255,255,255,255,255,102,254,255,255,225,0,0,0,0,0,0,0,0,0,138,255,135,0,0,0,0,0,0,0,0,183,255,255,255,255,255,255,255,255,255,255,255,255,255,255,255,
255,255,255,255,255,255,255,255,255,255,255,255,255,255,255,255,255,255,194,43,221,255,255,231,0,0,0,0,0,0,0,0,0,211,255,186,0,0,0,0,0,0,0,0,60,254,255,255,255,255,255,255,255,255,255,255,255,255,255,255,
255,255,255,255,255,255,255,255,255,255,255,255,255,255,255,255,255,255,142,215,169,255,255,248,1,0,0,0,0,0,0,0,0,242,255,233,0,0,0,1,12,0,0,0,4,253,255,255,255,255,255,255,255,255,255,255,255,255,255,255,
255,255,255,255,255,255,255,255,255,255,255,255,255,255,255,255,255,255,136,152,191,254,255,255,7,0,0,0,0,0,0,0,0,233,255,254,16,0,0,1,0,0,0,0,15,254,255,255,255,255,255,255,255,255,255,255,255,255,255,255,
255,255,255,255,255,255,255,255,255,255,255,255,255,255,255,255,255,255,217,70,248,255,255,255,22,0,0,0,0,0,0,0,0,208,255,254,50,0,0,0,0,0,0,0,141,254,255,255,255,255,255,255,255,255,255,255,255,255,255,255,
255,255,255,255,255,255,255,255,255,255,255,255,255,255,255,255,255,255,245,93,254,255,255,254,39,0,0,0,0,0,0,0,0,144,255,246,21,0,0,0,0,0,2,143,254,255,255,255,255,255,255,255,255,255,255,255,255,255,255,255,
255,255,255,255,255,255,255,255,255,255,255,255,255,255,255,255,255,255,130,83,200,255,255,233,2,0,0,0,0,0,0,0,0,17,253,108,0,0,0,0,0,18,184,254,255,255,255,255,255,255,255,255,255,255,255,255,255,255,255,255,
