255,255,255,255,255,255,255,255,255,255,255,255,255,255,255,255,255,255,255,255,255,255,255,255,255,255,255,255,255,255,255,255,255,255,255,255,255,255,255,255,255,255,255,254,255,255,255,255,255,255,255,255,255,255,255,255,255,255,255,255,
255,255,255,255,255,255,255,255,255,255,255,255,255,255,255,255,255,255,255,255,255,255,255,255,255,255,255,255,255,255,255,255,255,255,255,255,255,255,255,255,255,255,255,255,255,255,255,255,255,255,255,255,255,255,255,255,255,255,255,255,
255,255,255,255,255,255,255,255,255,255,255,255,255,255,255,255,255,255,255,255,255,255,255,255,255,255,255,255,255,255,255,255,255,255,255,255,255,255,255,255,255,255,255,255,255,255,255,255,255,255,255,255,255,255,255,255,255,255,255,255,
255,255,255,255,255,255,255,255,255,255,255,255,255,255,255,255,255,255,255,255,255,255,255,255,255,255,255,255,255,255,255,255,255,255,255,255,255,255,255,255,255,255,255,255,255,255,255,255,255,255,255,255,255,255,255,255,255,255,255,255,
255,255,255,255,255,255,255,255,255,255,255,255,255,255,255,255,255,255,255,255,255,255,255,255,255,255,255,255,255,255,255,255,255,255,255,255,255,255,255,255,255,255,255,255,255,255,255,254,255,255,255,255,255,255,254,255,255,255,255,255,
255,255,255,255,255,255,255,255,255,255,255,255,255,255,255,255,254,220,189,203,249,255,255,255,255,255,255,255,255,255,255,255,255,255,255,255,255,255,255,255,255,255,255,255,255,255,255,255,255,255,255,255,250,154,182,255,255,255,255,255,
255,255,255,255,255,255,255,255,255,255,255,255,255,255,255,208,59,0,0,0,20,132,249,255,255,255,255,255,255,255,255,255,255,255,255,255,255,254,255,255,255,255,255,254,255,255,255,255,255,255,254,195,44,135,255,255,255,255,255,255,
255,255,255,255,255,255,255,255,255,255,255,255,255,255,180,9,0,0,0,0,0,0,61,241,255,255,255,255,255,255,255,255,255,255,255,255,255,255,255,255,255,255,255,254,255,255,255,255,255,247,114,2,116,254,255,255,255,255,255,255,
255,255,255,255,255,255,255,255,255,255,255,255,254,200,7,0,0,0,0,0,0,0,0,77,254,255,255,255,255,255,255,255,255,255,255,255,255,255,255,255,255,255,255,255,255,254,255,254,214,48,0,108,254,255,255,255,255,255,255,255,
255,255,255,255,255,255,255,255,255,255,255,255,251,42,0,0,0,0,0,0,0,0,0,0,192,255,255,255,255,255,255,255,255,255,255,255,255,255,255,255,255,255,255,255,255,255,252,146,11,0,1,143,254,255,255,255,255,255,255,255,
255,255,255,255,255,255,255,255,255,255,255,255,169,0,0,0,0,0,0,0,0,0,0,0,108,255,255,255,255,255,255,255,255,255,255,255,255,255,255,255,255,255,255,255,255,228,66,0,0,0,56,224,254,255,255,255,255,255,255,255,
255,255,255,255,255,255,255,255,255,255,254,254,85,0,0,0,0,0,0,0,0,0,0,0,61,254,255,255,255,255,255,255,255,255,255,255,255,255,254,254,255,255,255,245,135,14,0,0,0,0,0,95,254,255,255,255,255,255,255,255,
255,255,255,255,255,255,255,255,255,255,255,255,45,0,0,0,0,0,0,0,0,0,0,0,0,102,161,222,254,255,255,255,254,254,251,234,251,254,254,108,212,249,146,25,0,0,0,5,0,6,98,177,254,255,255,255,255,255,255,255,
255,255,255,255,255,255,255,255,255,255,255,254,53,0,0,0,0,0,0,0,0,0,0,0,0,0,0,3,128,254,255,251,169,68,9,0,11,76,120,12,79,39,0,0,0,5,153,219,155,218,255,255,255,255,255,255,255,255,255,255,
255,255,255,255,255,255,255,255,255,255,255,254,119,0,0,0,0,0,0,0,0,0,0,0,0,0,0,0,0,167,254,169,4,0,0,0,0,0,0,0,0,0,0,0,23,191,254,255,255,255,255,255,255,255,255,255,255,255,255,255,
255,255,255,255,255,255,255,255,255,255,255,255,230,17,0,0,0,0,0,0,0,0,0,0,0,0,0,0,0,29,252,59,0,0,0,0,0,0,0,0,0,0,0,55,228,254,255,255,255,255,255,255,255,255,255,255,255,255,255,255,
255,255,255,255,255,255,255,255,255,255,255,255,255,184,8,0,0,0,0,0,0,0,0,0,0,0,0,0,0,0,176,1,0,0,0,0,0,0,0,0,0,0,62,231,123,33,42,146,254,255,255,255,255,255,255,255,255,255,255,255,
255,255,255,255,255,255,255,255,255,255,255,255,255,254,201,44,0,0,0,0,0,0,0,0,0,0,0,0,0,0,179,68,0,0,0,0,0,0,0,0,0,0,0,5,0,0,0,0,197,255,255,255,255,255,255,255,255,255,255,255,
255,255,255,255,255,255,255,255,255,255,255,255,255,255,255,253,191,138,134,149,52,0,0,0,0,0,0,0,0,6,54,26,0,0,0,0,0,0,0,0,0,0,0,0,0,0,0,0,203,255,255,255,255,255,255,255,255,255,255,255,
255,255,255,255,255,255,255,255,255,255,255,255,255,255,255,255,255,254,180,15,9,0,0,0,0,0,0,0,0,33,2,0,0,0,0,0,0,0,0,0,0,0,0,0,0,0,0,5,246,255,255,255,255,255,255,255,255,255,255,255,
255,255,255,255,255,255,255,255,255,255,255,255,255,255,255,255,224,86,3,0,0,0,0,0,0,0,0,0,0,0,0,0,0,0,0,0,0,0,0,0,0,0,0,0,0,0,0,105,255,255,255,255,255,255,255,255,255,255,255,255,
255,255,255,255,255,255,255,255,255,255,255,255,255,255,255,255,167,0,0,0,0,24,119,7,0,0,0,86,204,37,0,0,0,0,0,0,0,0,0,0,0,0,0,0,0,0,9,214,255,255,255,255,255,255,255,255,255,255,255,255,
255,255,255,255,255,255,255,255,255,255,255,255,255,255,255,254,101,18,0,0,0,108,254,234,174,162,215,254,254,67,0,0,0,0,0,0,0,0,0,0,0,0,0,0,0,0,126,254,255,255,255,255,255,255,255,255,255,255,255,255,
255,255,255,255,255,255,255,255,255,255,255,255,255,255,255,223,56,76,3,0,0,164,255,255,255,255,255,255,255,248,61,0,0,0,0,0,0,0,0,0,0,0,0,0,0,57,249,255,255,255,255,255,255,255,255,255,255,255,255,255,
255,255,255,255,255,255,255,255,255,255,255,255,255,255,255,251,232,243,20,0,0,119,254,255,255,255,255,255,255,245,17,0,0,0,0,0,0,0,0,0,0,0,30,99,60,241,255,255,255,255,255,255,255,255,255,255,255,255,255,255,
255,255,255,255,255,255,255,255,255,255,255,255,255,255,255,255,254,162,11,0,0,51,243,255,255,255,255,255,255,162,0,0,0,0,0,0,0,0,0,0,0,0,121,242,243,255,255,255,255,255,255,255,255,255,255,255,255,255,255,255,
255,255,255,255,255,255,255,255,255,255,255,255,255,255,255,255,255,208,42,0,0,117,254,255,255,255,255,255,254,70,0,0,0,0,0,0,0,0,0,0,0,0,202,255,255,255,255,255,255,255,255,255,255,255,255,255,255,255,255,255,
255,255,255,255,255,255,255,255,255,255,255,255,255,255,255,255,255,254,72,0,0,81,255,255,255,255,255,254,204,3,0,0,0,0,0,0,0,0,0,0,0,24,253,255,255,255,255,255,255,255,255,255,255,255,255,255,255,255,255,255,
255,255,255,255,255,255,255,255,255,255,255,255,255,255,255,255,255,255,91,0,0,53,254,253,219,170,121,56,1,0,0,0,0,0,0,0,0,0,0,0,0,90,254,255,255,255,255,255,255,255,255,255,255,255,255,255,255,255,255,255,
255,255,255,255,255,255,255,255,255,255,255,255,255,255,255,255,255,255,106,0,0,15,93,23,0,0,0,0,0,0,0,0,0,0,0,0,0,0,0,0,0,135,255,255,255,255,255,255,255,255,255,255,255,255,255,255,255,255,255,255,
255,255,255,255,255,255,255,255,255,255,255,255,255,255,255,255,255,255,132,0,0,0,0,0,0,0,0,0,0,0,0,0,0,0,0,0,0,0,0,0,0,179,255,255,255,255,255,255,255,255,255,255,255,255,255,255,255,255,255,255,
255,255,255,255,255,255,255,255,255,255,255,255,255,255,255,255,255,255,200,0,0,0,0,0,0,0,0,0,0,0,0,0,0,0,0,0,0,0,0,0,0,219,255,255,255,255,255,255,255,255,255,255,255,255,255,255,255,255,255,255,
255,255,255,255,255,255,255,255,255,255,255,255,255,255,255,255,255,255,245,36,27,56,83,119,88,0,0,0,0,0,0,0,0,0,0,0,0,0,0,0,1,248,255,255,255,255,255,255,255,255,255,255,255,255,255,255,255,255,255,255,
255,255,255,255,255,255,255,255,255,255,255,255,255,255,255,255,255,255,254,111,190,255,255,254,47,0,0,0,0,0,0,0,0,0,0,0,0,0,0,0,24,254,255,255,255,255,255,255,255,255,255,255,255,255,255,255,255,255,255,255,
255,255,255,255,255,255,255,255,255,255,255,255,255,255,255,255,255,255,255,135,174,255,255,228,1,0,0,0,0,0,0,0,0,0,0,0,0,0,0,0,53,254,255,255,255,255,255,255,255,255,255,255,255,255,255,255,255,255,255,255,
255,255,255,255,255,255,255,255,255,255,255,255,255,255,255,255,255,255,254,94,117,254,255,191,0,0,0,0,0,0,0,0,0,0,0,0,0,0,0,0,5,176,255,255,255,255,255,255,255,255,255,255,255,255,255,255,255,255,255,255,
255,255,255,255,255,255,255,255,255,255,255,255,255,255,255,255,255,255,254,141,147,254,255,183,0,0,0,0,0,0,0,0,0,0,44,28,0,0,0,0,0,6,186,254,255,255,255,255,255,255,255,255,255,255,255,255,255,255,255,255,
255,255,255,255,255,255,255,255,255,255,255,255,255,255,255,255,255,255,255,111,108,254,255,184,0,0,0,0,0,0,0,0,0,22,200,143,0,0,0,0,0,0,12,206,255,255,255,255,255,255,255,255,255,255,255,255,255,255,255,255,
255,255,255,255,255,255,255,255,255,255,255,255,255,255,255,255,255,255,255,188,163,255,255,185,0,0,0,0,0,0,0,0,0,137,254,205,0,0,0,0,0,0,0,31,240,255,255,255,255,255,255,255,255,255,255,255,255,255,255,255,
255,255,255,255,255,255,255,255,255,255,255,255,255,255,255,255,255,255,254,97,71,254,255,197,0,0,0,0,0,0,0,0,0,227,255,248,8,0,0,0,0,0,0,0,121,254,255,255,255,255,255,255,255,255,255,255,255,255,255,255,
255,255,255,255,255,255,255,255,255,255,255,255,255,255,255,255,255,255,254,135,159,254,255,207,0,0,0,0,0,0,0,0,14,254,255,254,59,0,0,0,1,0,0,0,39,254,255,255,255,255,255,255,255,255,255,255,255,255,255,255,
255,255,255,255,255,255,255,255,255,255,255,255,255,255,255,255,255,255,255,96,90,254,255,226,0,0,0,0,0,0,0,0,13,254,255,255,108,0,0,0,0,0,0,0,28,254,255,255,255,255,255,255,255,255,255,255,255,255,255,255,
255,255,255,255,255,255,255,255,255,255,255,255,255,255,255,255,255,255,255,172,169,255,255,234,0,0,0,0,0,0,0,0,0,242,255,255,149,0,0,0,0,0,0,0,89,255,255,255,255,255,255,255,255,255,255,255,255,255,255,255,
255,255,255,255,255,255,255,255,255,255,255,255,255,255,255,255,255,255,254,113,143,255,255,253,5,0,0,0,0,0,0,0,0,196,255,230,48,0,0,0,0,0,0,65,240,255,255,255,255,255,255,255,255,255,255,255,255,255,255,255,
255,255,255,255,255,255,255,255,255,255,255,255,255,255,255,255,255,255,237,100,122,254,255,225,4,0,0,0,0,0,0,0,0,51,253,88,1,0,0,0,0,1,118,250,255,255,255,255,255,255,255,255,255,255,255,255,255,255,255,255,
