255,255,255,255,255,255,255,255,255,255,255,255,255,255,255,255,255,255,255,255,255,255,255,255,255,255,255,255,255,255,255,255,255,255,255,255,255,255,255,255,255,255,255,254,255,255,255,255,255,255,255,255,255,255,255,255,255,255,255,255,
255,255,255,255,255,255,255,255,255,255,255,255,255,255,255,255,255,255,255,255,255,255,255,255,255,255,255,255,255,255,255,255,255,255,255,255,255,255,255,255,255,255,255,255,255,255,255,255,254,255,255,255,255,255,255,255,255,255,255,255,
255,255,255,255,255,255,255,255,255,255,255,255,255,255,255,255,255,255,255,255,255,255,255,255,255,255,255,255,255,255,255,255,255,255,255,255,255,255,255,255,255,255,255,255,255,255,255,255,255,255,255,255,255,255,255,255,255,255,255,255,
255,255,255,255,255,255,255,255,255,255,255,255,255,255,255,255,255,255,255,255,255,255,255,255,255,255,255,255,255,255,255,255,255,255,255,255,255,255,255,255,255,255,255,255,255,255,255,255,255,255,255,255,255,255,255,255,255,255,255,255,
255,255,255,255,255,255,255,255,255,255,255,255,255,255,255,255,255,255,255,255,255,255,255,255,255,255,255,255,255,255,255,255,255,255,255,255,255,255,255,255,255,255,255,255,255,255,255,254,255,255,255,255,254,255,255,255,255,255,255,255,
255,255,255,255,255,255,255,255,255,255,255,255,255,255,255,255,255,240,183,161,200,251,255,255,255,255,255,255,255,255,255,255,255,255,255,255,255,255,255,255,255,255,255,255,255,255,255,255,255,255,255,255,255,254,255,255,255,255,255,255,
255,255,255,255,255,255,255,255,255,255,255,255,255,255,254,250,127,11,0,0,0,31,173,255,255,255,255,255,255,255,255,255,255,255,255,255,255,254,255,255,255,255,255,254,255,255,255,255,255,255,255,255,254,255,255,254,254,255,255,255,
255,255,255,255,255,255,255,255,255,255,255,255,255,255,245,71,0,0,0,0,0,0,0,116,254,255,255,255,255,255,255,255,255,255,255,255,255,255,255,255,255,255,255,254,255,255,255,255,255,254,255,255,255,254,184,106,233,255,255,255,
255,255,255,255,255,255,255,255,255,255,255,255,255,254,87,0,0,0,0,0,0,0,0,0,157,254,255,255,255,255,255,255,255,255,255,255,255,255,255,255,255,255,255,255,255,254,255,255,255,255,255,254,207,63,47,231,255,255,255,255,
255,255,255,255,255,255,255,255,255,255,255,255,255,174,0,0,0,0,0,0,0,0,0,0,23,249,255,255,255,255,255,255,255,255,255,255,255,255,255,255,255,255,255,255,255,255,255,255,255,255,245,115,3,56,240,255,255,255,255,255,
255,255,255,255,255,255,255,255,255,255,255,255,254,50,0,0,0,0,0,0,0,0,0,0,0,194,255,255,255,255,255,255,255,255,255,255,255,255,255,255,255,255,255,255,255,255,255,254,254,189,36,0,59,240,255,255,255,255,255,255,
255,255,255,255,255,255,255,255,255,255,254,255,228,0,0,0,0,0,0,0,0,0,0,0,0,149,255,255,255,255,255,255,255,255,255,255,255,255,254,254,255,255,255,254,255,255,255,231,91,1,0,0,16,202,255,255,255,255,255,255,
255,255,255,255,255,255,255,255,255,255,255,255,197,0,0,0,0,0,0,0,0,0,0,0,0,33,195,232,255,255,255,255,254,255,255,255,254,255,255,255,254,254,255,255,254,247,145,19,0,0,0,9,149,254,255,255,255,255,255,255,
255,255,255,255,255,255,255,255,255,255,255,254,213,0,0,0,0,0,0,0,0,0,0,0,0,0,0,0,79,234,255,254,255,255,254,232,209,238,254,255,239,74,234,239,139,28,0,0,0,0,0,0,1,174,255,255,255,255,255,255,
255,255,255,255,255,255,255,255,255,255,254,255,253,35,0,0,0,0,0,0,0,0,0,0,0,0,0,0,0,57,251,254,250,127,33,0,0,3,62,130,65,18,76,14,0,0,0,14,117,21,5,100,186,242,255,255,255,255,255,255,
255,255,255,255,255,255,255,255,255,255,255,255,254,172,0,0,0,0,0,0,0,0,0,0,0,0,0,0,0,0,157,254,151,0,0,0,0,0,0,0,0,0,0,0,0,0,47,217,255,251,243,254,255,255,255,255,255,255,255,255,
255,255,255,255,255,255,255,255,255,255,255,255,255,254,125,0,0,0,0,0,0,0,0,0,0,0,0,0,0,0,77,251,32,0,0,0,0,0,0,0,0,0,0,0,1,110,246,255,255,255,255,255,255,255,255,255,255,255,255,255,
255,255,255,255,255,255,255,255,255,255,255,255,255,255,254,167,26,0,0,0,0,0,0,0,0,0,0,0,0,0,67,200,15,0,0,0,0,0,0,0,0,0,0,18,179,243,176,190,253,255,255,255,255,255,255,255,255,255,255,255,
255,255,255,255,255,255,255,255,255,255,255,255,255,255,255,255,250,196,157,156,77,13,0,0,0,0,0,0,0,0,92,233,73,0,0,0,0,0,0,0,0,0,0,31,89,20,0,0,53,235,255,255,255,255,255,255,255,255,255,255,
255,255,255,255,255,255,255,255,255,255,255,255,255,255,255,255,255,251,177,24,0,2,0,0,0,0,0,0,0,0,102,5,1,0,0,0,0,0,0,0,0,0,0,0,0,0,0,0,0,171,255,255,255,255,255,255,255,255,255,255,
255,255,255,255,255,255,255,255,255,255,255,255,255,255,255,255,214,37,0,0,0,0,0,0,0,0,0,0,0,0,18,0,0,0,0,0,0,0,0,0,0,0,0,0,0,0,0,0,0,202,255,255,255,255,255,255,255,255,255,255,
255,255,255,255,255,255,255,255,255,255,255,255,255,255,255,255,220,0,0,0,0,0,104,6,0,0,0,0,82,54,0,0,0,0,0,0,0,0,0,0,0,0,0,0,0,0,0,0,25,252,255,255,255,255,255,255,255,255,255,255,
255,255,255,255,255,255,255,255,255,255,255,255,255,255,255,254,104,42,0,0,0,28,249,225,137,99,119,205,254,207,0,0,0,0,0,0,0,0,0,0,0,0,0,0,0,0,0,0,152,255,255,255,255,255,255,255,255,255,255,255,
255,255,255,255,255,255,255,255,255,255,255,255,255,255,255,247,57,105,6,0,0,99,254,255,255,255,255,255,255,222,33,0,0,0,0,0,0,0,0,0,0,0,0,0,0,0,0,54,248,255,255,255,255,255,255,255,255,255,255,255,
255,255,255,255,255,255,255,255,255,255,255,255,255,255,255,254,248,251,67,0,0,61,254,255,255,255,255,255,255,255,238,25,0,0,0,0,0,0,0,0,0,0,0,0,0,0,13,213,255,255,255,255,255,255,255,255,255,255,255,255,
255,255,255,255,255,255,255,255,254,255,255,255,255,255,255,255,255,220,32,0,0,15,197,255,255,255,255,255,255,255,224,4,0,0,0,0,0,0,0,0,0,0,0,10,1,11,172,255,255,255,255,255,255,255,255,255,255,255,255,255,
255,255,255,255,255,255,255,255,255,255,255,255,255,255,255,255,255,220,51,0,0,28,251,255,255,255,255,255,255,255,125,0,0,0,0,0,0,0,0,0,0,0,0,144,84,197,254,255,255,255,255,255,255,255,255,255,255,255,255,255,
255,255,255,255,255,255,255,255,255,255,255,255,255,255,255,255,255,255,149,0,0,3,246,255,255,255,255,255,255,249,31,0,0,0,0,0,0,0,0,0,0,0,7,240,254,255,255,255,255,255,255,255,255,255,255,255,255,255,255,255,
255,255,255,255,255,254,255,255,255,255,255,255,255,255,255,255,255,255,171,0,0,0,209,255,255,254,252,229,182,50,0,0,0,0,0,0,0,0,0,0,0,0,71,254,255,255,255,255,255,255,255,255,255,255,255,255,255,255,255,255,
255,255,255,255,255,255,255,255,255,255,255,255,255,255,255,255,255,255,195,0,0,0,134,139,85,45,11,0,0,0,0,0,0,0,0,0,0,0,0,0,0,0,151,255,255,255,255,255,255,255,255,255,255,255,255,255,255,255,255,255,
255,255,255,255,255,255,255,255,255,255,255,255,255,255,255,255,255,255,230,0,0,0,0,0,0,0,0,0,0,0,0,0,0,0,0,0,0,0,0,0,0,0,202,255,255,255,255,255,255,255,255,255,255,255,255,255,255,255,255,255,
255,255,255,255,255,255,255,255,255,255,255,255,255,255,255,255,255,255,254,25,0,0,0,0,0,0,0,0,0,0,0,0,0,0,0,0,0,0,0,0,0,3,246,255,255,255,255,255,255,255,255,255,255,255,255,255,255,255,255,255,
255,255,255,255,255,255,255,255,255,255,255,255,255,255,255,255,255,255,255,111,39,0,0,15,38,0,0,0,0,0,0,0,0,0,0,0,0,0,0,0,0,31,254,255,255,255,255,255,255,255,255,255,255,255,255,255,255,255,255,255,
255,255,255,255,255,255,255,255,255,255,255,255,255,255,255,255,255,255,255,137,74,246,249,254,102,0,0,0,0,0,0,0,0,0,0,0,0,0,0,0,0,59,254,255,255,255,255,255,255,255,255,255,255,255,255,255,255,255,255,255,
255,255,255,255,255,255,255,255,255,255,255,255,255,255,255,255,255,255,255,223,140,255,255,240,8,0,0,0,0,0,0,0,0,0,0,0,0,0,0,0,0,84,255,255,255,255,255,255,255,255,255,255,255,255,255,255,255,255,255,255,
255,255,255,255,255,255,255,255,255,255,255,255,255,255,255,255,255,255,255,138,54,239,255,180,0,0,0,0,0,0,0,0,0,0,0,0,0,0,0,0,0,115,255,255,255,255,255,255,255,255,255,255,255,255,255,255,255,255,255,255,
255,255,255,255,255,255,255,255,255,255,255,255,255,255,255,255,255,255,255,151,198,204,255,145,0,0,0,0,0,0,0,0,0,0,6,14,0,0,0,0,0,122,255,255,255,255,255,255,255,255,255,255,255,255,255,255,255,255,255,255,
255,255,255,255,255,255,255,255,255,255,255,255,255,255,255,255,255,255,255,128,91,218,255,119,0,0,0,0,0,0,0,0,0,0,124,124,1,0,0,0,0,74,254,255,255,255,255,255,255,255,255,255,255,255,255,255,255,255,255,255,
255,255,255,255,255,255,255,255,255,255,255,255,255,255,255,255,255,255,255,228,113,254,255,110,0,0,0,0,0,0,0,0,0,55,251,171,57,0,0,0,0,0,149,254,255,255,255,255,255,255,255,255,255,255,255,255,255,255,255,255,
255,255,255,255,255,255,255,255,255,255,255,255,255,255,255,255,255,255,255,197,79,250,255,110,0,0,0,0,0,0,0,0,1,201,254,251,114,0,0,0,0,0,7,207,255,255,255,255,255,255,255,255,255,255,255,255,255,255,255,255,
255,255,255,255,255,255,255,255,255,255,255,255,255,255,255,255,255,255,255,129,127,205,255,110,0,0,0,0,0,0,0,0,53,254,255,255,172,0,0,0,0,0,0,52,253,255,255,255,255,255,255,255,255,255,255,255,255,255,255,255,
255,255,255,255,255,255,255,255,255,255,255,255,255,255,255,255,255,255,255,136,177,202,255,117,0,0,0,0,0,0,0,0,97,254,255,255,227,0,0,0,0,0,0,0,186,255,255,255,255,255,255,255,255,255,255,255,255,255,255,255,
255,255,255,255,255,255,255,255,255,255,255,255,255,255,255,255,255,255,255,163,57,241,255,138,0,0,0,0,0,0,0,0,94,254,255,255,254,31,0,0,0,0,0,0,123,255,255,255,255,255,255,255,255,255,255,255,255,255,255,255,
255,255,255,255,255,255,255,255,255,255,255,255,255,255,255,255,255,255,255,214,140,255,255,150,0,0,0,0,0,0,0,0,61,254,255,255,254,78,0,0,0,0,0,0,124,255,255,255,255,255,255,255,255,255,255,255,255,255,255,255,
255,255,255,255,255,255,255,255,255,255,255,255,255,255,255,255,255,255,254,95,56,254,255,171,0,0,0,0,0,0,0,0,15,220,254,202,204,31,0,0,0,0,0,2,198,255,255,255,255,255,255,255,255,255,255,255,255,255,255,255,
