255,255,255,255,255,255,255,255,255,255,255,255,255,255,255,255,255,255,255,255,255,255,255,255,255,255,255,255,255,255,255,255,255,255,255,255,255,255,255,255,255,255,255,254,255,255,255,255,255,255,255,255,255,255,255,255,255,255,255,255,
255,255,255,255,255,255,255,255,255,255,255,255,255,255,255,255,255,255,255,255,255,255,255,255,255,255,255,255,255,255,255,255,255,255,255,255,255,255,255,255,255,255,255,255,255,255,255,255,255,255,255,255,255,255,255,255,255,255,255,255,
255,255,255,255,255,255,255,255,255,255,255,255,255,255,255,244,138,45,19,29,96,214,254,255,255,255,255,255,255,255,255,255,255,255,255,255,255,255,255,255,255,255,255,255,255,255,255,255,255,255,255,255,255,255,255,255,255,255,255,255,
255,255,255,255,255,255,255,255,255,255,255,255,255,255,220,39,0,0,0,0,0,6,147,254,255,255,255,255,255,255,255,255,255,255,255,255,255,255,255,255,255,255,255,255,255,255,255,255,255,255,255,255,255,255,255,255,255,255,255,255,
255,255,255,255,255,255,255,255,255,255,255,255,255,226,25,0,0,0,0,0,0,0,0,148,255,255,255,255,255,255,255,255,255,255,255,255,255,255,255,255,255,255,255,255,255,255,255,254,255,255,255,255,255,255,255,255,255,255,255,255,
255,255,255,255,255,255,255,255,255,255,255,255,253,62,0,0,0,0,0,0,0,0,0,8,226,255,255,255,255,255,255,255,255,255,255,255,255,255,255,255,255,255,255,255,255,255,255,255,255,255,255,255,255,255,255,255,255,255,255,255,
255,255,255,255,255,255,255,255,255,255,255,255,168,0,0,0,0,0,0,0,0,0,0,0,129,255,255,255,255,255,255,255,255,255,255,255,255,254,255,255,255,255,255,254,255,255,255,255,255,255,255,255,255,255,255,255,255,255,255,255,
255,255,255,255,255,255,255,255,255,255,255,255,79,0,0,0,0,0,0,0,0,0,0,0,75,254,255,255,255,255,255,255,255,255,255,255,255,255,255,255,255,255,255,254,255,255,255,255,255,254,255,255,255,255,255,254,254,255,255,255,
255,255,255,255,255,255,255,255,255,255,255,254,22,0,0,0,0,0,0,0,0,0,0,0,35,251,255,255,255,255,255,255,255,255,255,255,255,255,255,255,255,255,255,255,255,254,255,255,255,255,255,254,255,255,255,255,241,177,254,255,
255,255,255,255,255,255,255,255,255,255,255,254,22,0,0,0,0,0,0,0,0,0,0,0,0,90,161,234,254,255,255,255,255,255,255,255,255,255,255,255,255,255,255,255,255,255,255,255,255,255,255,255,255,255,219,103,41,201,255,255,
255,255,255,255,255,255,255,255,255,255,255,254,76,0,0,0,0,0,0,0,0,0,0,0,0,0,0,13,174,254,255,255,255,255,255,255,255,255,255,255,255,255,255,255,255,255,255,254,255,255,255,255,231,102,4,53,232,255,255,255,
255,255,255,255,255,255,255,255,255,255,254,254,183,0,0,0,0,0,0,0,0,0,0,0,0,0,0,0,8,215,255,255,255,255,255,255,255,255,254,254,255,255,255,254,255,255,255,254,255,255,249,139,15,0,82,244,255,255,255,255,
255,255,255,255,255,255,255,255,255,255,255,255,254,94,0,0,0,0,0,0,0,0,0,0,0,0,0,0,0,92,255,255,254,255,255,255,254,255,255,255,255,255,254,254,255,255,255,255,253,151,34,0,0,0,109,254,255,255,255,255,
255,255,255,255,255,255,255,255,255,255,255,254,255,248,96,0,0,0,0,0,0,0,0,0,0,0,0,0,0,28,254,254,255,255,255,255,254,254,255,255,254,254,96,160,254,254,253,180,55,0,0,0,2,86,227,254,255,255,255,255,
255,255,255,255,255,255,255,255,255,255,255,255,255,255,254,182,79,29,24,21,0,0,0,0,0,0,0,0,0,24,254,254,254,254,205,126,75,46,83,163,207,86,6,108,219,126,33,0,0,0,0,0,0,0,99,254,255,255,255,255,
255,255,255,255,255,255,255,255,255,255,255,255,255,255,255,255,254,229,110,24,6,0,0,0,0,0,0,0,0,71,254,254,255,203,33,0,0,0,0,0,2,0,6,48,1,0,0,0,0,89,68,2,55,143,187,254,255,255,255,255,
255,255,255,255,255,255,255,255,255,255,255,255,255,255,255,206,49,4,0,0,0,0,0,0,0,0,0,0,0,151,255,255,254,67,0,0,0,0,0,0,0,0,0,0,0,0,0,23,171,254,254,245,254,255,255,255,255,255,255,255,
255,255,255,255,255,255,255,255,255,255,255,255,255,255,255,177,0,0,0,0,0,28,0,0,0,0,0,0,0,45,242,255,208,7,0,0,0,0,0,0,0,0,0,0,0,2,105,237,255,255,255,255,255,255,255,255,255,255,255,255,
255,255,255,255,255,255,255,255,255,255,255,255,255,255,242,49,7,0,0,0,23,214,55,0,0,0,6,100,71,12,219,254,228,55,0,0,0,0,0,0,0,0,0,0,10,170,198,127,154,247,255,255,255,255,255,255,255,255,255,255,
255,255,255,255,255,255,255,255,255,255,255,255,255,255,145,82,37,0,0,0,143,254,253,201,150,161,230,254,253,228,254,152,59,13,0,0,0,0,0,0,0,0,0,0,0,5,0,0,0,47,233,255,255,255,255,255,255,255,255,255,
255,255,255,255,255,255,255,255,255,255,255,255,255,255,247,248,140,0,0,0,141,254,255,255,255,255,255,255,255,255,254,96,0,0,0,0,0,0,0,0,0,0,0,0,0,0,0,0,0,0,160,255,255,255,255,255,255,255,255,255,
255,255,255,255,255,255,255,255,255,255,255,255,255,255,255,255,254,44,0,0,18,206,255,255,255,255,255,255,255,255,238,22,0,0,0,0,0,0,0,0,0,0,0,0,0,0,0,0,0,0,198,255,255,255,255,255,255,255,255,255,
255,255,255,255,255,255,255,255,255,255,255,255,255,255,255,255,254,38,0,0,1,219,255,255,255,255,255,255,255,255,165,0,0,0,0,0,0,0,0,0,0,0,0,0,0,0,0,0,0,23,253,255,255,255,255,255,255,255,255,255,
255,255,255,255,255,255,255,255,255,255,255,255,255,255,255,255,254,130,0,0,0,143,255,255,255,255,255,255,255,255,180,10,0,0,0,0,0,0,0,0,0,0,0,0,0,0,0,0,0,163,255,255,255,255,255,255,255,255,255,255,
255,255,255,255,255,255,255,255,255,255,255,255,255,255,255,255,255,206,3,0,0,45,254,255,255,255,255,255,255,255,255,159,0,0,0,0,0,0,0,0,0,0,0,0,0,0,0,0,70,251,255,255,255,255,255,255,255,255,255,255,
255,255,255,255,255,255,255,255,255,255,255,255,255,255,255,255,255,228,4,0,0,0,204,255,255,255,255,255,255,255,255,69,0,0,0,0,0,0,0,0,0,0,0,0,0,0,0,34,226,255,255,255,255,255,255,255,255,255,255,255,
255,255,255,255,255,255,255,255,255,255,255,255,255,255,255,255,255,254,67,0,0,0,123,252,250,252,254,255,255,255,194,0,0,0,0,0,0,0,0,0,0,0,0,0,15,0,32,205,255,255,255,255,255,255,255,255,255,255,255,255,
255,255,255,255,255,255,255,255,255,255,255,255,255,255,255,255,255,254,26,1,0,0,5,8,0,8,31,57,88,124,54,0,0,0,0,0,0,0,0,0,0,0,0,8,203,78,235,255,255,255,255,255,255,255,255,255,255,255,255,255,
255,255,255,255,255,255,255,255,255,255,255,255,255,255,255,255,255,254,123,80,0,0,0,0,0,0,0,0,0,0,0,0,0,0,0,0,0,0,0,0,0,0,0,89,254,254,255,255,255,255,255,255,255,255,255,255,255,255,255,255,
255,255,255,255,255,255,255,255,255,255,255,255,255,255,255,255,255,254,62,79,148,20,0,0,0,0,0,0,0,0,0,0,0,0,0,0,0,0,0,0,0,0,0,186,255,255,255,255,255,255,255,255,255,255,255,255,255,255,255,255,
255,255,255,255,255,255,255,255,255,255,255,255,255,255,255,255,255,255,119,129,254,248,197,152,123,95,70,2,0,0,0,0,0,0,0,0,0,0,0,0,0,0,22,252,255,255,255,255,255,255,255,255,255,255,255,255,255,255,255,255,
255,255,255,255,255,255,255,255,255,255,255,255,255,255,255,255,255,255,132,65,252,255,255,255,255,255,221,0,0,0,0,0,0,0,0,0,0,0,0,0,0,0,79,255,255,255,255,255,255,255,255,255,255,255,255,255,255,255,255,255,
255,255,255,255,255,255,255,255,255,255,255,255,255,255,255,255,255,255,116,118,211,255,255,255,255,244,49,0,0,0,0,0,0,0,0,0,0,0,0,0,0,0,140,255,255,255,255,255,255,255,255,255,255,255,255,255,255,255,255,255,
255,255,255,255,255,255,255,255,255,255,255,255,255,255,255,255,255,255,137,129,182,255,255,255,254,108,0,0,0,0,0,0,0,0,0,0,0,0,0,0,0,0,190,255,255,255,255,255,255,255,255,255,255,255,255,255,255,255,255,255,
255,255,255,255,255,255,255,255,255,255,255,255,255,255,255,255,255,255,212,27,215,255,255,255,229,5,0,0,0,0,0,0,0,0,0,0,0,0,0,0,0,0,233,255,255,255,255,255,255,255,255,255,255,255,255,255,255,255,255,255,
255,255,255,255,255,255,255,255,255,255,255,255,255,255,255,255,255,255,252,61,195,255,255,255,154,0,0,0,0,0,0,0,0,0,0,0,0,0,0,0,0,20,254,255,255,255,255,255,255,255,255,255,255,255,255,255,255,255,255,255,
255,255,255,255,255,255,255,255,255,255,255,255,255,255,255,255,255,255,243,33,122,255,255,255,109,0,0,0,0,0,0,0,0,0,0,0,0,0,0,0,0,63,255,255,255,255,255,255,255,255,255,255,255,255,255,255,255,255,255,255,
255,255,255,255,255,255,255,255,255,255,255,255,255,255,255,255,255,255,247,140,139,254,255,255,86,0,0,0,0,0,0,0,0,0,0,0,0,0,0,0,0,112,255,255,255,255,255,255,255,255,255,255,255,255,255,255,255,255,255,255,
255,255,255,255,255,255,255,255,255,255,255,255,255,255,255,255,255,255,254,56,82,255,255,254,68,0,0,0,0,0,0,0,0,0,30,122,26,0,0,0,0,96,254,255,255,255,255,255,255,255,255,255,255,255,255,255,255,255,255,255,
255,255,255,255,255,255,255,255,255,255,255,255,255,255,255,255,255,255,254,129,142,254,255,255,64,0,0,0,0,0,0,0,0,0,178,226,76,0,0,0,0,4,208,255,255,255,255,255,255,255,255,255,255,255,255,255,255,255,255,255,
255,255,255,255,255,255,255,255,255,255,255,255,255,255,255,255,255,255,254,103,67,254,255,254,65,0,0,0,0,0,0,0,0,51,254,255,107,0,0,0,0,0,61,254,255,255,255,255,255,255,255,255,255,255,255,255,255,255,255,255,
255,255,255,255,255,255,255,255,255,255,255,255,255,255,255,255,255,255,254,104,118,251,255,255,69,0,0,0,0,0,0,0,0,122,255,255,162,0,0,0,0,0,0,172,255,255,255,255,255,255,255,255,255,255,255,255,255,255,255,255,
255,255,255,255,255,255,255,255,255,255,255,255,255,255,255,255,255,255,254,100,88,238,255,255,86,0,0,0,0,0,0,0,0,133,255,255,202,0,0,0,0,0,0,58,254,255,255,255,255,255,255,255,255,255,255,255,255,255,255,255,
255,255,255,255,255,255,255,255,255,255,255,255,255,255,255,255,255,255,255,130,75,254,255,255,96,0,0,0,0,0,0,0,0,109,255,255,240,1,0,0,0,0,0,1,231,255,255,255,255,255,255,255,255,255,255,255,255,255,255,255,
255,255,255,255,255,255,255,255,255,255,255,255,255,255,255,255,255,255,255,146,122,254,255,255,117,0,0,0,0,0,0,0,0,66,254,255,254,22,0,0,0,0,0,0,192,255,255,255,255,255,255,255,255,255,255,255,255,255,255,255,
