255,255,255,255,255,255,255,255,255,255,255,255,255,255,255,255,255,254,50,0,0,0,0,0,0,0,0,0,0,0,145,255,255,255,255,255,255,255,255,255,255,255,255,255,255,255,255,255,255,255,255,255,255,255,255,255,255,255,255,255,
255,255,255,255,255,255,255,255,255,255,255,255,255,255,255,255,255,254,15,0,0,0,0,0,0,0,0,0,0,0,108,255,255,255,255,255,255,255,255,255,255,255,255,255,255,255,255,255,255,255,255,255,255,255,255,255,255,255,255,255,
255,255,255,255,255,255,255,255,255,255,255,255,255,255,255,255,255,254,26,0,0,0,0,0,0,0,0,0,0,0,114,254,255,255,255,255,255,255,255,255,255,255,255,255,255,255,255,255,255,255,255,255,255,255,255,255,255,255,255,255,
255,255,255,255,255,255,255,255,255,255,255,255,255,255,255,255,255,255,84,0,0,0,0,0,0,0,0,0,0,0,165,254,255,255,255,255,255,255,255,255,255,255,255,255,255,255,255,255,255,255,255,255,255,255,255,255,255,255,255,255,
255,255,255,255,255,255,255,255,255,255,255,255,255,255,255,255,255,255,181,0,0,0,0,0,0,0,0,0,0,0,190,255,255,255,255,255,255,255,255,255,255,255,255,255,255,255,255,255,255,255,255,255,255,255,255,255,255,255,255,255,
255,255,255,255,255,255,255,255,255,255,255,255,255,255,255,255,255,255,254,74,0,0,0,0,0,0,0,0,0,0,56,210,255,255,255,255,255,255,255,255,255,255,255,255,255,255,255,255,255,255,255,255,255,255,255,255,255,255,255,255,
255,255,255,255,255,255,255,255,255,255,255,255,255,255,255,255,255,255,255,238,58,0,0,0,0,0,0,0,0,0,0,10,195,255,255,255,255,255,255,255,255,255,255,255,255,255,255,255,255,255,255,255,255,255,255,255,255,255,255,255,
255,255,255,255,255,255,255,255,255,255,255,255,255,255,255,255,255,255,255,254,249,146,47,0,0,0,0,0,0,0,0,0,42,254,255,255,255,255,255,255,255,255,255,255,255,255,255,255,255,255,255,255,255,255,255,255,255,255,255,255,
255,255,255,255,255,255,255,255,255,255,255,255,255,255,255,255,255,255,255,154,77,101,71,13,0,0,0,0,0,0,0,0,0,224,255,255,255,255,255,255,255,255,255,255,255,255,255,255,255,255,255,255,255,255,255,255,255,255,255,255,
255,255,255,255,255,255,255,255,255,255,255,255,255,255,255,255,255,255,229,35,0,0,0,0,0,0,0,0,0,0,0,0,0,206,255,255,255,255,255,255,255,255,255,255,255,255,255,255,211,143,254,255,255,255,255,255,255,255,255,255,
255,255,255,255,255,255,255,255,255,255,255,255,255,255,255,255,255,195,56,3,0,0,0,0,0,0,0,0,0,0,0,0,0,227,255,255,255,255,255,255,255,255,255,255,255,255,254,216,55,82,255,255,255,255,255,255,255,255,255,255,
255,255,255,255,255,255,255,255,255,255,254,254,255,255,255,255,255,187,121,5,0,0,0,28,8,0,0,0,0,0,0,0,66,254,255,255,255,255,255,255,255,255,255,255,255,205,126,10,21,131,254,255,255,255,255,255,255,255,255,255,
255,255,255,255,255,255,255,255,255,255,255,255,255,255,255,255,255,255,194,1,0,0,44,219,132,0,0,0,0,0,0,21,222,255,255,255,255,255,255,255,255,255,255,254,209,51,0,39,137,251,255,255,255,255,255,255,255,255,255,255,
255,255,255,255,255,255,255,255,255,255,255,254,255,255,255,255,255,255,253,30,0,0,133,255,254,136,8,0,0,0,0,106,255,255,255,254,255,255,255,255,255,254,130,106,6,0,34,247,254,255,255,255,255,255,255,255,255,255,255,255,
255,255,255,255,255,255,255,255,255,255,255,255,255,255,255,255,255,255,254,39,0,0,24,229,255,254,233,173,174,181,18,35,254,217,104,73,74,93,175,251,255,217,5,0,0,46,106,255,255,255,255,255,255,255,255,255,255,255,255,255,
255,255,255,255,255,255,255,255,255,255,255,255,255,255,255,255,255,255,218,39,0,0,38,248,255,255,255,255,255,255,198,214,210,76,0,0,0,0,0,37,127,12,0,0,1,82,233,255,255,255,255,255,255,255,255,255,255,255,255,255,
255,255,255,255,255,255,255,255,255,255,255,255,255,255,255,255,255,255,254,163,0,0,3,241,255,255,255,255,255,255,255,252,66,0,0,0,0,0,0,0,0,0,0,3,81,255,255,255,255,255,255,255,255,255,255,255,255,255,255,255,
255,255,255,255,255,255,255,255,255,255,255,255,255,255,255,255,255,255,255,171,0,0,0,192,255,255,255,255,255,255,255,171,0,0,0,0,0,0,0,0,0,0,0,32,188,254,254,255,255,255,255,255,255,255,255,255,255,255,255,255,
255,255,255,255,255,255,255,255,255,255,255,255,255,255,255,255,255,255,255,235,0,0,0,140,255,255,255,255,255,255,183,155,1,0,0,0,0,0,0,0,0,0,0,97,95,22,44,54,51,89,194,254,255,255,255,255,255,255,255,255,
255,255,255,255,255,255,255,255,255,255,255,255,255,255,255,255,255,255,255,212,3,0,0,91,255,255,255,255,255,254,86,0,0,0,0,0,0,0,0,0,0,0,0,0,0,0,0,0,0,0,21,254,255,255,255,255,255,255,255,255,
255,255,255,255,255,255,255,255,255,255,255,255,255,255,255,255,255,255,255,149,41,0,0,59,255,255,255,255,255,199,0,0,0,0,0,0,0,0,0,0,0,0,0,0,0,0,0,5,57,9,104,254,255,255,255,255,255,255,255,255,
255,255,255,255,255,255,255,255,255,255,255,255,255,255,255,255,255,255,255,164,23,0,0,16,157,250,255,255,254,94,0,0,0,0,0,0,0,0,0,0,0,0,0,0,0,12,124,227,254,170,146,254,255,255,255,255,255,255,255,255,
255,255,255,255,255,255,255,255,255,255,255,255,255,255,255,255,255,255,255,252,32,25,0,0,0,41,187,254,254,32,0,0,0,0,0,0,0,0,0,0,0,0,0,0,0,19,250,255,255,254,217,231,255,255,255,255,255,255,255,255,
255,255,255,255,255,255,255,255,255,255,255,255,255,255,255,255,255,255,255,239,33,145,16,0,0,0,0,100,243,182,1,0,0,0,0,0,0,0,0,0,0,0,0,0,0,0,221,255,255,255,255,254,255,255,255,255,255,255,255,255,
255,255,255,255,255,255,255,255,255,255,255,255,255,255,255,255,255,255,255,178,158,142,212,36,0,0,0,0,36,205,94,0,0,0,0,0,0,0,0,0,0,0,0,0,0,0,200,255,255,255,255,255,255,255,255,255,255,255,255,255,
255,255,255,255,255,255,255,255,255,255,255,255,255,255,255,255,255,255,255,191,145,144,255,238,85,0,0,0,0,8,21,0,0,0,0,0,0,0,0,0,0,0,0,0,0,0,196,255,255,255,255,255,255,255,255,255,255,255,255,255,
255,255,255,255,255,255,255,255,255,255,255,255,255,255,255,255,255,255,255,244,45,197,255,255,254,156,12,0,0,0,0,0,0,0,0,0,0,0,0,0,0,0,0,0,0,0,221,255,255,255,255,255,255,255,255,255,255,255,255,255,
255,255,255,255,255,255,255,255,255,255,255,255,255,255,255,255,255,255,255,254,74,199,255,255,255,254,219,58,0,0,0,0,0,0,0,0,0,0,0,0,0,0,0,0,0,80,254,255,255,255,255,255,255,255,255,255,255,255,255,255,
255,255,255,255,255,255,255,255,255,255,255,255,255,255,255,255,255,255,255,217,53,121,255,255,255,255,255,238,11,0,0,0,0,0,0,0,0,0,0,0,0,0,0,0,34,233,255,255,255,255,255,255,255,255,255,255,255,255,255,255,
255,255,255,255,255,255,255,255,255,255,255,255,255,255,255,255,255,255,255,207,182,141,255,255,255,255,254,109,0,0,0,0,0,0,0,0,0,0,0,0,0,0,0,27,211,255,255,255,255,255,255,255,255,255,255,255,255,255,255,255,
255,255,255,255,255,255,255,255,255,255,255,255,255,255,255,255,255,255,255,228,34,120,255,255,255,255,202,2,0,0,0,0,0,0,0,0,0,0,0,0,0,0,52,219,255,255,255,255,255,255,255,255,255,255,255,255,255,255,255,255,
255,255,255,255,255,255,255,255,255,255,255,255,255,255,255,255,255,255,255,254,41,220,255,255,255,252,50,0,0,0,0,0,0,0,0,0,0,0,0,0,0,103,247,255,255,255,255,255,255,255,255,255,255,255,255,255,255,255,255,255,
255,255,255,255,255,255,255,255,255,255,255,255,255,255,255,255,255,255,255,185,3,187,255,255,255,155,0,0,0,0,0,0,0,0,0,0,0,0,0,0,0,140,255,255,255,255,255,255,255,255,255,255,255,255,255,255,255,255,255,255,
255,255,255,255,255,255,255,255,255,255,255,255,255,255,255,255,255,255,255,121,184,141,255,255,245,24,0,0,0,0,0,0,0,0,0,0,0,0,0,0,0,149,255,255,255,255,255,255,255,255,255,255,255,255,255,255,255,255,255,255,
255,255,255,255,255,255,255,255,255,255,255,255,255,255,255,255,255,255,255,123,56,170,255,255,143,0,0,0,0,0,0,0,0,0,0,0,0,0,0,0,0,130,255,255,255,255,255,255,255,255,255,255,255,255,255,255,255,255,255,255,
255,255,255,255,255,255,255,255,255,255,255,255,255,255,255,255,255,255,254,146,89,249,255,253,34,0,0,0,0,0,0,0,0,0,0,0,0,0,0,0,0,74,255,255,255,255,255,255,255,255,255,255,255,255,255,255,255,255,255,255,
255,255,255,255,255,255,255,255,255,255,255,255,255,255,255,255,255,255,199,8,113,254,255,190,0,0,0,0,0,0,0,0,0,0,0,0,0,0,0,0,0,19,251,255,255,255,255,255,255,255,255,255,255,255,255,255,255,255,255,255,
255,255,255,255,255,255,255,255,255,255,255,255,255,255,255,255,255,255,121,153,125,255,255,117,0,0,0,0,0,0,0,0,0,0,0,0,0,0,0,0,0,0,216,255,255,255,255,255,255,255,255,255,255,255,255,255,255,255,255,255,
255,255,255,255,255,255,255,255,255,255,255,255,255,255,255,255,255,255,127,42,202,255,254,67,0,0,0,0,0,0,0,0,0,0,0,0,0,0,0,0,0,0,163,255,255,255,255,255,255,255,255,255,255,255,255,255,255,255,255,255,
255,255,255,255,255,255,255,255,255,255,255,255,255,255,255,255,254,165,32,234,254,255,254,62,0,0,0,0,0,0,0,0,0,0,0,0,0,0,0,0,0,0,110,255,255,255,255,255,255,255,255,255,255,255,255,255,255,255,255,255,
255,255,255,255,255,255,255,255,255,255,255,255,255,255,255,255,209,98,58,229,255,255,255,92,0,0,0,0,0,0,0,0,0,0,0,0,0,0,0,0,0,0,58,254,255,255,255,255,255,255,255,255,255,255,255,255,255,255,255,255,
255,255,255,255,255,255,255,255,255,255,255,255,255,255,255,254,155,60,121,254,255,255,255,185,0,0,0,0,0,0,0,0,0,0,0,0,0,0,0,0,0,0,14,249,255,255,255,255,255,255,255,255,255,255,255,255,255,255,255,255,
255,255,255,255,255,255,255,255,255,255,255,255,255,255,254,225,87,185,248,255,255,255,255,254,77,0,0,0,0,0,0,0,0,0,0,0,0,0,0,0,0,16,17,218,255,255,255,255,255,255,255,255,255,255,255,255,255,255,255,255,
255,255,255,255,255,255,255,255,255,255,255,255,255,230,181,51,74,254,255,255,255,255,255,255,239,33,48,0,0,0,0,0,0,0,0,0,0,0,0,0,0,8,84,174,255,255,255,255,255,255,255,255,255,255,255,255,255,255,255,255,
255,255,255,255,255,255,255,255,255,255,255,251,127,11,36,184,150,255,255,255,255,255,255,255,255,121,79,0,0,0,0,0,0,0,0,0,0,0,0,0,0,0,119,135,255,255,255,255,255,255,255,255,255,255,255,255,255,255,255,255,
