255,255,255,255,255,255,255,255,255,255,255,255,255,255,255,255,255,255,255,255,121,0,0,0,0,0,0,0,0,0,0,0,0,164,255,255,255,255,255,255,255,255,255,255,255,255,255,255,255,255,255,255,255,255,255,255,255,255,255,255,
255,255,255,255,255,255,255,255,255,255,255,255,255,255,255,255,255,255,255,255,122,0,0,0,0,0,0,0,0,0,0,0,0,153,255,255,255,255,255,255,255,255,255,255,255,255,255,255,255,255,255,255,255,255,255,255,255,255,255,255,
255,255,255,255,255,255,255,255,255,255,255,255,255,255,255,255,255,255,255,255,161,0,0,0,0,0,0,0,0,0,0,0,0,185,255,255,255,255,255,255,255,255,255,255,255,255,255,255,255,255,255,255,255,255,255,255,255,255,255,255,
255,255,255,255,255,255,255,255,255,255,255,255,255,255,255,255,255,255,255,255,232,5,0,0,0,0,0,0,0,0,0,0,18,246,255,255,255,255,255,255,255,255,255,255,255,255,255,255,255,255,255,255,255,255,255,255,255,255,255,255,
255,255,255,255,255,255,255,255,255,255,255,255,255,255,255,255,255,255,255,255,255,106,0,0,0,0,0,0,0,0,0,0,134,255,255,255,255,255,255,255,255,255,255,255,255,255,255,255,255,255,255,255,255,255,255,255,255,255,255,255,
255,255,255,255,255,255,255,255,255,255,255,255,255,255,255,255,255,255,255,255,255,244,62,0,0,0,0,0,0,0,0,0,210,255,255,255,255,255,255,255,255,255,255,255,255,255,255,255,255,255,255,255,255,255,255,255,255,255,255,255,
255,255,255,255,255,255,255,255,255,255,255,255,255,255,255,255,255,255,255,254,230,250,248,118,5,0,0,0,0,0,0,0,99,253,255,255,255,255,255,255,255,255,255,255,255,255,255,255,255,255,255,255,255,255,255,255,255,255,255,255,
255,255,255,255,255,255,255,255,255,255,255,255,255,255,255,255,255,255,255,230,4,8,42,33,6,0,0,0,0,0,0,0,0,133,255,255,255,255,255,255,255,255,255,255,255,255,255,255,255,255,255,255,255,255,255,255,255,255,255,255,
255,255,255,255,255,255,255,255,255,255,255,255,255,255,255,255,255,255,200,53,0,0,0,0,0,0,0,0,0,0,0,0,0,19,253,255,255,255,255,255,255,255,255,255,255,255,255,255,255,255,255,255,255,255,255,255,255,255,255,255,
255,255,255,255,255,255,255,255,255,255,255,255,255,255,255,255,255,211,41,86,0,0,0,0,0,0,0,0,0,0,0,0,0,0,231,255,255,255,255,255,255,255,255,255,255,255,255,255,255,255,255,255,255,255,255,255,255,255,255,255,
255,255,255,255,255,255,255,255,255,255,255,255,255,255,255,255,255,254,172,26,0,0,0,0,0,0,0,0,0,0,0,0,0,0,239,255,255,255,255,255,255,255,255,255,255,255,255,255,254,137,211,255,255,255,255,255,255,255,255,255,
255,255,255,255,255,255,255,255,255,255,254,254,255,255,255,255,255,255,254,43,0,0,10,124,49,0,0,0,0,0,0,0,0,39,254,255,255,255,255,255,255,255,255,255,255,255,254,241,112,3,194,255,255,255,255,255,255,255,255,255,
255,255,255,255,255,255,255,255,255,255,255,255,255,255,255,255,255,255,255,115,0,0,28,249,170,0,0,0,0,0,0,0,0,165,255,255,255,255,255,255,255,255,255,255,255,250,102,28,1,29,238,255,255,255,255,255,255,255,255,255,
255,255,255,255,255,255,255,255,255,255,255,254,255,255,255,255,255,255,255,98,0,0,0,150,254,118,0,0,0,0,0,3,142,254,255,255,255,255,255,255,255,255,254,254,210,64,0,14,91,211,255,255,255,255,255,255,255,255,255,255,
255,255,255,255,255,255,255,255,255,255,255,255,255,255,255,255,255,255,251,81,0,0,0,189,254,254,182,85,36,0,0,164,254,213,122,79,87,104,166,248,254,255,122,30,4,0,0,175,255,255,255,255,255,255,255,255,255,255,255,255,
255,255,255,255,255,255,255,255,255,255,255,255,255,255,255,255,255,255,254,195,0,0,0,161,255,255,255,254,254,98,0,174,215,77,1,0,0,0,0,31,174,189,24,0,0,19,49,240,255,255,255,255,255,255,255,255,255,255,255,255,
255,255,255,255,255,255,255,255,255,255,255,255,255,255,255,255,255,255,255,177,0,0,0,112,255,255,255,255,255,210,76,229,86,0,0,0,0,0,0,0,0,0,0,0,0,52,192,255,255,255,255,255,255,255,255,255,255,255,255,255,
255,255,255,255,255,255,255,255,255,255,255,255,255,255,255,255,255,255,255,226,0,0,0,70,255,255,255,255,255,255,255,183,0,0,0,0,0,0,0,0,0,0,0,0,16,242,255,255,255,255,255,255,255,255,255,255,255,255,255,255,
255,255,255,255,255,255,255,255,255,255,255,255,255,255,255,255,255,255,255,186,0,0,0,28,254,255,255,255,255,255,219,196,1,0,0,0,0,0,0,0,0,0,0,10,142,253,245,167,120,118,149,229,255,255,255,255,255,255,255,255,
255,255,255,255,255,255,255,255,255,255,255,255,255,255,255,255,255,255,255,123,62,0,0,1,251,255,255,255,255,254,71,17,0,0,0,0,0,0,0,0,0,0,0,7,91,10,2,0,0,0,0,10,213,255,255,255,255,255,255,255,
255,255,255,255,255,255,255,255,255,255,255,255,255,255,255,255,255,255,254,116,99,0,0,0,225,255,255,255,255,189,3,0,0,0,0,0,0,0,0,0,0,0,0,0,0,0,0,0,0,0,23,31,204,255,255,255,255,255,255,255,
255,255,255,255,255,255,255,255,255,255,255,255,255,255,255,255,255,255,254,120,68,11,0,0,23,177,255,255,254,73,0,0,0,0,0,0,0,0,0,0,0,0,0,0,0,0,0,36,140,212,72,94,239,255,255,255,255,255,255,255,
255,255,255,255,255,255,255,255,255,255,255,255,255,255,255,255,255,255,255,135,138,142,0,0,0,0,113,251,194,0,0,0,0,0,0,0,0,0,0,0,0,0,0,0,0,0,112,253,254,255,254,191,172,255,255,255,255,255,255,255,
255,255,255,255,255,255,255,255,255,255,255,255,255,255,255,255,255,255,254,63,67,253,98,0,0,0,0,68,194,5,0,0,0,0,0,0,0,0,0,0,0,0,0,0,0,0,26,253,255,255,255,255,252,255,255,255,255,255,255,255,
255,255,255,255,255,255,255,255,255,255,255,255,255,255,255,255,255,255,246,132,135,254,251,93,0,0,0,0,48,109,0,0,0,0,0,0,0,0,0,0,0,0,0,0,0,0,0,227,255,255,255,255,255,255,255,255,255,255,255,255,
255,255,255,255,255,255,255,255,255,255,255,255,255,255,255,255,255,255,246,40,102,254,255,253,109,0,0,0,0,36,36,0,0,0,0,0,0,0,0,0,0,0,0,0,0,0,0,199,255,255,255,255,255,255,255,255,255,255,255,255,
255,255,255,255,255,255,255,255,255,255,255,255,255,255,255,255,255,255,254,99,159,255,255,255,254,131,1,0,0,0,0,0,0,0,0,0,0,0,0,0,0,0,0,0,0,0,0,197,255,255,255,255,255,255,255,255,255,255,255,255,
255,255,255,255,255,255,255,255,255,255,255,255,255,255,255,255,255,255,247,49,152,255,255,255,255,254,160,5,0,0,0,0,0,0,0,0,0,0,0,0,0,0,0,0,0,0,6,229,255,255,255,255,255,255,255,255,255,255,255,255,
255,255,255,255,255,255,255,255,255,255,255,255,255,255,255,255,255,255,198,116,124,254,255,255,255,255,254,188,16,0,0,0,0,0,0,0,0,0,0,0,0,0,0,0,0,0,128,254,255,255,255,255,255,255,255,255,255,255,255,255,
255,255,255,255,255,255,255,255,255,255,255,255,255,255,255,255,255,255,192,174,132,254,255,255,255,255,255,254,77,0,0,0,0,0,0,0,0,0,0,0,0,0,0,0,0,80,251,255,255,255,255,255,255,255,255,255,255,255,255,255,
255,255,255,255,255,255,255,255,255,255,255,255,255,255,255,255,255,255,227,17,162,255,255,255,255,255,255,163,0,0,0,0,0,0,0,0,0,0,0,0,0,0,0,0,78,249,255,255,255,255,255,255,255,255,255,255,255,255,255,255,
255,255,255,255,255,255,255,255,255,255,255,255,255,255,255,255,255,255,254,66,199,255,255,255,255,255,224,16,0,0,0,0,0,0,0,0,0,0,0,0,0,0,3,120,249,255,255,255,255,255,255,255,255,255,255,255,255,255,255,255,
255,255,255,255,255,255,255,255,255,255,255,255,255,255,255,255,255,255,219,10,142,255,255,255,255,252,64,0,0,0,0,0,0,0,0,0,0,0,0,0,0,95,216,254,255,255,255,255,255,255,255,255,255,255,255,255,255,255,255,255,
255,255,255,255,255,255,255,255,255,255,255,255,255,255,255,255,255,255,173,183,131,255,255,255,254,140,0,0,0,0,0,0,0,0,0,0,0,0,0,0,0,241,255,255,255,255,255,255,255,255,255,255,255,255,255,255,255,255,255,255,
255,255,255,255,255,255,255,255,255,255,255,255,255,255,255,255,255,255,192,111,123,255,255,255,214,8,0,0,0,0,0,0,0,0,0,0,0,0,0,0,10,254,255,255,255,255,255,255,255,255,255,255,255,255,255,255,255,255,255,255,
255,255,255,255,255,255,255,255,255,255,255,255,255,255,255,255,255,255,248,46,174,255,255,251,56,0,0,0,0,0,0,0,0,0,0,0,0,0,0,0,34,254,255,255,255,255,255,255,255,255,255,255,255,255,255,255,255,255,255,255,
255,255,255,255,255,255,255,255,255,255,255,255,255,255,255,255,255,255,254,60,174,255,254,144,0,0,0,0,0,0,0,0,0,0,0,0,0,0,0,0,32,254,255,255,255,255,255,255,255,255,255,255,255,255,255,255,255,255,255,255,
255,255,255,255,255,255,255,255,255,255,255,255,255,255,255,255,255,255,229,39,110,255,231,14,0,0,0,0,0,0,0,0,0,0,0,0,0,0,0,0,6,252,255,255,255,255,255,255,255,255,255,255,255,255,255,255,255,255,255,255,
255,255,255,255,255,255,255,255,255,255,255,255,255,255,255,255,255,255,221,166,135,255,107,0,0,0,0,0,0,0,0,0,0,0,0,0,0,0,0,0,0,235,255,255,255,255,255,255,255,255,255,255,255,255,255,255,255,255,255,255,
255,255,255,255,255,255,255,255,255,255,255,255,255,255,255,255,255,255,235,50,94,231,6,0,0,0,0,0,0,0,0,0,0,0,0,0,0,0,0,0,0,214,255,255,255,255,255,255,255,255,255,255,255,255,255,255,255,255,255,255,
255,255,255,255,255,255,255,255,255,255,255,255,255,255,255,255,255,255,254,111,158,143,0,0,0,0,0,0,0,0,0,0,0,0,0,0,0,0,0,0,0,191,255,255,255,255,255,255,255,255,255,255,255,255,255,255,255,255,255,255,
255,255,255,255,255,255,255,255,255,255,255,255,255,255,255,255,255,255,254,93,144,81,0,0,0,0,0,0,0,0,0,0,0,0,0,0,0,0,0,0,0,171,255,255,255,255,255,255,255,255,255,255,255,255,255,255,255,255,255,255,
255,255,255,255,255,255,255,255,255,255,255,255,255,255,255,255,255,255,237,58,99,51,0,0,0,31,0,0,0,0,0,0,0,0,0,0,0,0,0,0,0,154,255,255,255,255,255,255,255,255,255,255,255,255,255,255,255,255,255,255,
255,255,255,255,255,255,255,255,255,255,255,255,255,255,255,255,255,255,230,145,133,58,0,0,75,226,0,0,0,0,0,0,0,0,0,0,0,0,0,0,0,141,255,255,255,255,255,255,255,255,255,255,255,255,255,255,255,255,255,255,
255,255,255,255,255,255,255,255,255,255,255,255,255,255,255,255,255,255,247,27,83,74,28,158,253,254,21,0,0,0,0,0,0,0,0,0,0,0,0,0,12,142,255,255,255,255,255,255,255,255,255,255,255,255,255,255,255,255,255,255,
