255,255,255,255,255,255,255,255,255,255,255,255,255,255,255,255,255,255,255,255,242,38,0,0,0,0,0,0,0,0,0,0,0,0,0,22,232,255,255,255,255,255,255,255,255,255,255,255,255,255,255,255,255,255,255,255,255,255,255,255,
255,255,255,255,255,255,255,255,255,255,255,255,255,255,255,255,250,99,149,226,254,217,25,0,0,0,0,0,0,0,0,0,0,0,4,188,255,255,255,255,255,255,255,255,255,255,255,255,255,255,255,255,255,255,255,255,255,255,255,255,
255,255,255,255,255,255,255,255,255,255,255,255,255,255,255,254,171,0,0,7,58,97,118,17,0,0,0,0,0,0,0,0,0,0,18,254,255,255,255,255,255,255,255,255,255,255,255,255,255,255,255,255,255,255,255,255,255,255,255,255,
255,255,255,255,255,255,255,255,255,255,255,255,255,253,164,58,4,0,0,0,0,0,0,0,0,0,0,0,0,0,0,0,0,0,17,225,255,255,255,255,255,255,255,255,255,255,255,255,255,255,255,255,255,255,255,255,255,255,255,255,
255,255,255,255,255,255,255,255,255,255,255,255,255,104,6,102,8,0,0,0,0,0,0,0,0,0,0,0,0,0,0,0,0,0,0,66,253,255,255,255,255,255,255,255,255,255,255,255,255,255,255,255,255,255,255,255,255,255,255,255,
255,255,255,255,255,255,255,255,255,255,255,255,255,210,142,184,0,0,0,0,0,0,0,0,0,0,0,0,0,0,0,0,0,0,0,0,181,255,255,255,255,255,255,255,255,255,255,255,255,255,255,255,255,255,255,255,255,255,255,255,
255,255,255,255,255,255,255,255,255,255,255,255,255,255,234,34,0,0,0,0,0,0,0,0,0,0,0,0,0,0,0,0,0,0,0,0,101,254,255,255,255,255,255,255,255,255,255,255,255,255,255,255,255,255,255,255,255,255,255,255,
255,255,255,255,255,255,255,255,255,255,255,255,255,255,254,72,0,0,0,0,0,0,0,0,0,0,0,0,0,0,0,0,0,0,0,0,63,254,255,255,255,255,255,255,255,255,255,255,255,255,255,255,255,255,255,255,255,255,255,255,
255,255,255,255,255,255,255,255,255,255,255,255,255,255,255,129,0,0,0,0,8,63,65,0,0,0,0,0,0,0,0,0,0,0,0,0,73,254,255,255,255,255,255,255,255,255,255,255,255,255,255,255,255,255,255,255,255,255,255,255,
255,255,255,255,255,255,255,255,255,255,255,255,255,255,255,197,0,0,0,0,89,245,147,0,0,0,0,0,0,0,0,0,0,0,0,0,123,255,255,255,255,255,255,255,255,255,255,255,255,255,255,255,255,255,255,255,255,255,255,255,
255,255,255,255,255,255,255,255,255,255,255,255,255,255,255,231,0,0,0,0,13,227,225,3,0,0,0,0,0,0,0,0,0,0,0,0,204,255,255,255,255,255,255,255,255,255,255,255,255,255,255,255,255,255,255,255,255,255,255,255,
255,255,255,255,255,255,255,255,255,255,254,254,255,255,255,168,3,0,0,0,0,88,250,99,0,0,0,0,0,0,0,0,0,0,0,72,254,255,255,255,255,255,255,255,255,255,255,255,255,255,255,255,255,255,255,255,255,255,255,255,
255,255,255,255,255,255,255,255,255,255,255,255,255,255,254,101,23,0,0,0,0,212,254,239,41,0,0,0,0,0,0,0,0,0,34,228,255,255,255,255,255,255,255,255,255,255,255,255,255,255,255,255,255,255,255,255,255,255,255,255,
255,255,255,255,255,255,255,255,255,255,255,254,255,255,255,254,42,0,0,0,0,166,255,255,232,74,0,0,0,0,0,0,0,85,233,255,255,255,247,254,254,255,255,255,255,255,255,255,255,255,255,255,255,255,255,255,255,255,255,255,
255,255,255,255,255,255,255,255,255,255,255,255,255,255,255,251,9,0,0,0,0,115,255,255,255,255,201,109,20,0,0,33,196,255,255,255,254,180,132,43,69,97,160,217,254,255,255,255,255,255,255,255,255,255,255,255,255,255,255,255,
255,255,255,255,255,255,255,255,255,255,255,255,255,255,255,254,17,0,0,0,0,61,254,255,255,255,255,254,207,0,0,117,255,255,255,255,237,56,0,0,0,0,0,0,53,196,254,255,255,255,255,255,255,255,255,255,255,255,255,255,
255,255,255,255,255,255,255,255,255,255,255,255,255,255,255,254,51,0,0,0,0,14,253,255,255,255,255,255,252,14,0,126,255,255,255,222,42,0,0,0,0,0,0,0,0,3,131,254,255,255,255,255,255,230,240,255,255,255,255,255,
255,255,255,255,255,255,255,255,255,255,255,255,255,255,255,254,46,3,0,0,0,0,219,255,255,255,255,255,255,108,160,232,255,255,252,67,0,0,0,0,0,0,0,0,0,0,0,96,252,255,233,245,229,136,29,235,255,255,255,255,
255,255,255,255,255,255,255,255,255,255,255,255,255,255,255,196,5,0,0,0,0,0,175,255,255,255,255,255,255,254,255,255,254,255,254,72,19,0,0,0,0,0,0,0,0,0,0,0,65,183,50,20,7,0,3,199,255,255,255,255,
255,255,255,255,255,255,255,255,255,255,255,255,255,255,255,139,157,62,0,0,0,0,141,255,255,255,255,255,255,255,255,255,123,196,230,155,1,0,0,0,0,0,0,0,0,0,0,0,0,0,0,0,0,7,15,141,133,112,87,55,
255,255,255,255,255,255,255,255,255,255,255,255,255,255,255,112,164,95,0,0,0,0,123,255,255,255,255,255,255,255,255,251,32,1,43,14,0,0,0,0,0,0,0,0,0,0,0,0,0,0,0,0,0,0,0,0,0,0,0,0,
255,255,255,255,255,255,255,255,255,255,255,255,255,255,255,127,0,24,0,0,0,0,60,248,255,255,255,255,255,255,243,41,0,0,0,0,0,0,0,0,0,0,0,0,0,0,0,0,0,0,0,0,0,0,0,0,0,0,0,0,
255,255,255,255,255,255,255,255,255,255,255,255,255,255,255,180,60,106,59,0,0,0,0,62,236,255,255,255,255,254,192,0,0,0,0,0,0,0,0,0,0,0,0,0,0,0,0,0,0,0,0,0,0,0,0,0,0,0,0,0,
255,255,255,255,255,255,255,255,255,255,255,255,255,255,255,167,79,124,190,0,0,0,0,0,41,224,255,255,254,112,3,0,0,0,0,0,0,0,0,0,0,0,0,0,0,0,0,0,0,0,0,0,0,0,0,0,0,0,0,3,
255,255,255,255,255,255,255,255,255,255,255,255,255,255,254,115,8,74,254,102,0,0,0,0,0,32,222,254,200,3,0,0,0,0,0,0,0,0,0,0,0,0,0,0,0,0,0,0,0,0,0,0,0,0,0,10,60,114,176,238,
255,255,255,255,255,255,255,255,255,255,255,255,255,255,254,50,158,55,254,244,49,0,0,0,0,0,30,222,193,0,0,0,0,0,0,0,0,0,0,0,0,0,0,0,0,0,0,0,0,0,0,0,1,153,212,251,255,255,255,255,
255,255,255,255,255,255,255,255,255,255,255,255,255,255,254,52,253,55,254,255,224,23,0,0,0,0,0,35,233,83,0,0,0,0,0,0,0,0,0,0,0,0,0,0,0,0,0,0,0,0,0,0,0,131,228,238,254,255,255,255,
255,255,255,255,255,255,255,255,255,255,255,255,255,255,254,31,101,66,254,255,255,198,8,0,0,0,0,0,53,202,0,0,0,0,0,0,0,0,0,0,0,0,0,0,0,0,0,0,0,0,0,0,0,0,0,1,39,149,252,255,
255,255,255,255,255,255,255,255,255,255,255,255,255,255,254,71,29,153,255,255,255,254,173,2,0,0,0,0,0,84,37,0,0,0,0,0,0,0,0,0,0,0,0,0,0,0,0,0,0,0,0,0,0,0,0,0,0,0,96,252,
255,255,255,255,255,255,255,255,255,255,255,255,255,255,255,89,87,184,255,255,255,255,254,149,0,0,0,0,0,0,6,0,0,0,0,0,0,0,0,0,0,0,0,0,0,0,0,0,0,0,0,0,0,0,0,0,0,0,0,135,
255,255,255,255,255,255,255,255,255,255,255,255,255,255,255,89,63,194,255,255,255,255,255,255,124,0,0,0,0,0,0,0,0,0,0,0,0,0,0,0,0,0,0,0,0,0,0,0,0,0,0,0,0,0,0,0,0,0,0,8,
255,255,255,255,255,255,255,255,255,255,255,255,255,255,249,12,4,106,254,255,255,255,255,255,254,97,0,0,0,0,0,0,0,0,0,0,0,0,0,0,0,0,0,0,0,0,0,0,0,0,0,0,0,0,0,0,0,0,0,0,
255,255,255,255,255,255,255,255,255,255,255,255,255,255,214,72,210,85,255,255,255,255,255,255,255,252,81,0,0,0,0,0,0,0,0,0,0,0,0,0,0,0,0,0,0,0,0,0,0,0,0,0,0,0,0,0,0,0,0,0,
255,255,255,255,255,255,255,255,255,255,255,255,255,255,205,90,222,93,255,255,255,255,255,255,255,255,248,75,0,0,0,0,0,0,0,0,0,0,0,0,0,0,0,0,0,0,0,0,0,0,0,0,0,0,0,0,0,0,0,105,
255,255,255,255,255,255,255,255,255,255,255,255,255,255,218,17,29,129,255,255,255,255,255,255,255,255,255,246,22,0,0,0,0,0,0,0,0,0,0,0,0,0,0,0,0,0,0,0,0,0,0,0,0,0,0,0,0,0,50,231,
255,255,255,255,255,255,255,255,255,255,255,255,255,255,253,43,43,225,255,255,255,255,255,255,255,255,255,166,0,0,0,0,0,0,0,0,0,0,0,0,0,0,0,0,0,0,0,0,0,0,0,0,0,0,0,0,0,28,221,255,
255,255,255,255,255,255,255,255,255,255,255,255,255,255,254,59,75,250,255,255,255,255,255,255,255,253,169,28,0,0,0,0,0,0,0,0,0,0,0,0,0,0,0,0,0,0,0,0,0,0,0,0,0,0,0,0,102,245,255,255,
255,255,255,255,255,255,255,255,255,255,255,255,255,255,250,35,45,246,255,255,255,255,255,255,255,167,0,0,0,0,0,0,0,0,0,0,0,0,0,0,0,0,0,0,0,0,0,0,0,0,0,0,0,0,29,133,254,255,255,255,
255,255,255,255,255,255,255,255,255,255,255,255,255,255,179,1,17,181,255,255,255,255,255,255,245,48,0,0,0,0,0,0,0,0,0,0,0,0,0,0,0,0,0,0,0,0,7,11,0,0,0,0,2,63,232,255,255,255,255,255,
255,255,255,255,255,255,255,255,255,255,255,255,255,255,136,161,152,170,255,255,255,255,255,255,130,0,0,0,0,0,0,0,0,0,0,0,0,0,0,0,0,0,0,0,0,0,128,47,0,0,0,56,210,254,255,255,255,255,255,255,
255,255,255,255,255,255,255,255,255,255,255,255,255,255,135,178,140,184,255,255,255,255,255,254,54,0,0,0,0,0,0,0,0,0,0,0,0,0,0,0,0,0,0,0,0,18,240,92,79,164,237,253,255,255,255,255,255,255,255,255,
255,255,255,255,255,255,255,255,255,255,255,255,255,255,136,21,11,217,255,255,255,255,255,186,0,0,0,0,0,0,0,0,0,0,0,0,0,0,0,0,0,0,0,0,0,120,255,254,254,255,255,255,255,255,255,255,255,255,255,255,
255,255,255,255,255,255,255,255,255,255,255,255,255,255,195,55,70,254,255,255,255,255,240,29,0,0,0,0,0,0,0,0,0,0,0,0,0,0,0,0,0,0,0,0,0,225,255,255,255,255,255,255,255,255,255,255,255,255,255,255,
255,255,255,255,255,255,255,255,255,255,255,255,255,255,171,102,122,255,255,255,255,255,99,0,0,0,0,0,0,0,0,0,0,0,0,0,0,0,0,0,0,0,0,0,27,254,255,255,255,255,255,255,255,255,255,255,255,255,255,255,
255,255,255,255,255,255,255,255,255,255,255,255,255,254,117,47,146,255,255,255,255,191,1,0,0,0,0,0,0,0,0,0,0,0,0,0,0,0,0,0,0,0,0,0,75,255,255,255,255,255,255,255,255,255,255,255,255,255,255,255,
