255,255,255,255,255,255,255,255,255,255,255,255,255,255,255,254,79,9,90,198,243,205,21,0,0,0,0,0,0,0,0,0,0,0,0,87,254,255,255,255,255,255,255,255,255,255,255,255,255,255,255,255,255,255,255,255,255,255,255,255,
255,255,255,255,255,255,255,255,255,255,255,255,255,255,234,163,2,0,0,0,1,50,69,5,0,0,0,0,0,0,0,0,0,0,0,136,255,255,255,255,255,255,255,255,255,255,255,255,255,255,255,255,255,255,255,255,255,255,255,255,
255,255,255,255,255,255,255,255,255,255,255,255,223,99,5,0,0,0,0,0,0,0,0,0,0,0,0,0,0,0,0,0,0,0,0,86,254,255,255,255,255,255,255,255,255,255,255,255,255,255,255,255,255,255,255,255,255,255,255,255,
255,255,255,255,255,255,255,255,255,255,255,255,104,19,135,56,0,0,0,0,0,0,0,0,0,0,0,0,0,0,0,0,0,0,0,0,158,254,255,255,255,255,255,255,255,255,255,255,255,255,255,255,255,255,255,255,255,255,255,255,
255,255,255,255,255,255,255,255,255,255,255,255,242,178,158,29,0,0,0,0,0,0,0,0,0,0,0,0,0,0,0,0,0,0,0,0,27,251,255,255,255,255,255,255,255,255,255,255,255,255,255,255,255,255,255,255,255,255,255,255,
255,255,255,255,255,255,255,255,255,255,255,255,255,253,65,6,0,0,0,0,0,0,0,0,0,0,0,0,0,0,0,0,0,0,0,0,0,197,255,255,255,255,255,255,255,255,255,255,255,255,255,255,255,255,255,255,255,255,255,255,
255,255,255,255,255,255,255,255,255,255,255,255,255,255,116,1,0,0,0,0,0,0,0,0,0,0,0,0,0,0,0,0,0,0,0,0,0,162,255,255,255,255,255,255,255,255,255,255,255,255,255,255,255,255,255,255,255,255,255,255,
255,255,255,255,255,255,255,255,255,255,255,255,255,255,166,1,0,0,0,0,7,77,19,0,0,0,0,0,0,0,0,0,0,0,0,0,0,164,255,255,255,255,255,255,255,255,255,255,255,255,255,255,255,255,255,255,255,255,255,255,
255,255,255,255,255,255,255,255,255,255,255,255,255,255,234,2,0,0,0,0,176,244,66,0,0,0,0,0,0,0,0,0,0,0,0,0,0,199,255,255,255,255,255,255,255,255,255,255,255,255,255,255,255,255,255,255,255,255,255,255,
255,255,255,255,255,255,255,255,255,255,255,255,255,255,254,29,0,0,0,0,140,254,137,0,0,0,0,0,0,0,0,0,0,0,0,0,19,249,255,255,255,255,254,255,255,255,255,255,255,255,255,255,255,255,255,255,255,255,255,255,
255,255,255,255,255,255,255,255,255,255,255,255,255,255,235,16,0,0,0,0,21,228,231,12,0,0,0,0,0,0,0,0,0,0,0,0,121,254,255,255,255,255,255,255,255,255,255,255,255,255,255,255,255,255,255,255,255,255,255,255,
255,255,255,255,255,255,255,255,255,255,254,255,254,255,149,8,0,0,0,0,66,188,255,144,0,0,0,0,0,0,0,0,0,0,0,35,241,255,255,255,255,255,255,255,255,255,255,255,255,255,255,255,255,255,255,255,255,255,255,255,
255,255,255,255,255,255,255,255,255,255,255,255,255,254,198,76,0,0,0,0,47,255,255,254,108,0,0,0,0,0,0,0,0,0,41,223,255,255,255,255,255,254,255,255,255,255,255,255,255,255,255,255,255,255,255,255,255,255,255,255,
255,255,255,255,255,255,255,255,255,255,255,254,255,255,254,54,0,0,0,0,4,246,255,255,254,171,44,0,0,0,0,0,13,125,246,255,255,255,254,222,219,253,254,254,255,255,255,255,255,255,255,255,255,255,255,255,255,255,255,255,
255,255,255,255,255,255,255,255,255,255,254,255,255,255,254,30,0,0,0,0,0,199,255,255,255,255,254,207,101,0,0,12,229,255,255,255,255,252,149,76,24,20,40,103,180,243,255,255,255,255,255,255,255,255,255,255,255,255,255,255,
255,255,255,255,255,255,255,255,255,255,255,255,255,255,255,57,2,0,0,0,0,148,255,255,255,255,255,255,251,13,0,36,254,255,255,255,255,190,11,0,0,0,0,0,0,12,132,250,255,255,255,255,255,254,255,255,255,255,255,255,
255,255,255,255,255,255,255,255,255,255,255,255,255,255,254,52,29,0,0,0,0,101,255,255,255,255,255,255,255,66,0,65,254,255,255,254,162,7,0,0,0,0,0,0,0,0,0,62,233,255,255,255,255,255,255,255,255,255,255,255,
255,255,255,255,255,255,255,255,255,255,255,255,255,255,250,24,35,0,0,0,0,53,254,255,255,255,255,255,255,175,177,245,255,255,254,228,16,0,0,0,0,0,0,0,0,0,0,0,38,229,255,255,255,255,214,243,255,255,255,255,
255,255,255,255,255,255,255,255,255,255,255,255,255,255,175,27,2,0,0,0,0,15,254,255,255,255,255,255,255,254,254,254,254,254,255,216,26,1,0,0,0,0,0,0,0,0,0,0,0,40,238,195,233,205,102,41,248,255,255,255,
255,255,255,255,255,255,255,255,255,255,255,255,255,255,127,160,135,0,0,0,0,0,238,255,255,255,255,255,255,255,254,255,202,95,244,195,136,0,0,0,0,0,0,0,0,0,0,0,0,0,54,8,9,0,0,1,160,174,156,142,
255,255,255,255,255,255,255,255,255,255,255,255,255,255,93,148,100,0,0,0,0,0,216,255,255,255,255,255,255,255,255,255,133,0,24,62,7,0,0,0,0,0,0,0,0,0,0,0,0,0,0,0,0,0,0,0,0,0,0,0,
255,255,255,255,255,255,255,255,255,255,255,255,255,255,110,0,24,23,0,0,0,0,149,254,255,255,255,255,255,255,255,111,5,0,0,0,0,0,0,0,0,0,0,0,0,0,0,0,0,0,0,0,0,0,0,0,0,0,0,0,
255,255,255,255,255,255,255,255,255,255,255,255,255,255,146,89,91,135,0,0,0,0,3,148,254,255,255,255,255,254,251,22,0,0,0,0,0,0,0,0,0,0,0,0,0,0,0,0,0,0,0,0,0,0,0,0,0,0,0,0,
255,255,255,255,255,255,255,255,255,255,255,255,255,255,122,105,110,242,23,0,0,0,0,0,121,254,255,255,255,166,37,0,0,0,0,0,0,0,0,0,0,0,0,0,0,0,0,0,0,0,0,0,0,0,0,0,0,0,0,0,
255,255,255,255,255,255,255,255,255,255,255,255,255,255,80,23,84,254,172,0,0,0,0,0,0,108,253,255,226,19,0,0,0,0,0,0,0,0,0,0,0,0,0,0,0,0,0,0,0,0,0,0,0,0,0,0,0,0,0,0,
255,255,255,255,255,255,255,255,254,255,255,255,255,246,24,100,44,252,254,97,0,0,0,0,0,0,112,254,174,0,0,0,0,0,0,0,0,0,0,0,0,0,0,0,0,0,0,0,0,0,0,0,0,0,0,0,30,81,128,182,
255,255,255,255,255,255,255,255,255,255,255,255,255,220,55,245,48,254,255,247,52,0,0,0,0,0,0,126,250,46,0,0,0,0,0,0,0,0,0,0,0,0,0,0,0,0,0,0,0,0,0,0,0,2,144,233,254,254,255,255,
255,255,255,255,255,255,255,255,255,255,255,255,255,202,57,178,68,254,255,255,228,27,0,0,0,0,0,0,156,180,0,0,0,0,0,0,0,0,0,0,0,0,0,0,0,0,0,0,0,0,0,0,0,0,20,188,222,228,251,255,
255,255,255,255,255,254,255,255,255,255,255,255,255,223,6,0,136,254,255,255,255,203,11,0,0,0,0,0,5,188,20,0,0,0,0,0,0,0,0,0,0,0,0,0,0,0,0,0,0,0,0,0,0,0,0,1,0,0,14,87,
255,255,255,255,255,255,255,255,255,255,255,255,255,254,29,73,204,255,255,255,255,254,180,3,0,0,0,0,0,20,41,0,0,0,0,0,0,0,0,0,0,0,0,0,0,0,0,0,0,0,0,0,0,0,0,0,0,0,0,0,
255,255,255,255,255,255,255,255,255,255,255,255,255,252,27,76,211,255,255,255,255,255,255,151,0,0,0,0,0,0,0,0,0,0,0,0,0,0,0,0,0,0,0,0,0,0,0,0,0,0,0,0,0,0,0,0,0,0,0,0,
255,255,255,255,255,255,255,255,255,255,255,255,255,237,12,21,187,255,255,255,255,255,255,254,120,0,0,0,0,0,0,0,0,0,0,0,0,0,0,0,0,0,0,0,0,0,0,0,0,0,0,0,0,0,0,0,0,0,0,0,
255,255,255,255,255,255,255,255,255,255,255,255,255,161,30,39,119,254,255,255,255,255,255,255,254,95,0,0,0,0,0,0,0,0,0,0,0,0,0,0,0,0,0,0,0,0,0,0,0,0,0,0,0,0,0,0,0,0,0,0,
255,255,255,255,255,255,255,255,255,255,255,255,255,122,135,170,113,254,255,255,255,255,255,255,255,250,75,0,0,0,0,0,0,0,0,0,0,0,0,0,0,0,0,0,0,0,0,0,0,0,0,0,0,0,0,0,0,0,0,0,
255,255,255,255,255,255,255,255,255,255,255,255,255,121,144,164,121,255,255,255,255,255,255,255,255,255,246,69,0,0,0,0,0,0,0,0,0,0,0,0,0,0,0,0,0,0,0,0,0,0,0,0,0,0,0,0,0,0,0,0,
255,255,255,255,255,255,255,255,255,255,255,255,255,129,16,12,160,255,255,255,255,255,255,255,255,255,255,234,6,0,0,0,0,0,0,0,0,0,0,0,0,0,0,0,0,0,0,0,0,0,0,0,0,0,0,0,0,0,0,0,
255,255,255,255,255,255,255,255,255,255,255,255,255,206,29,22,239,255,255,255,255,255,255,255,255,255,255,119,0,0,0,0,0,0,0,0,0,0,0,0,0,0,0,0,0,0,0,0,0,0,0,0,0,0,0,0,0,0,0,0,
255,255,255,255,255,255,255,255,255,255,255,255,255,202,59,61,245,255,255,255,255,255,255,255,255,246,174,6,0,0,0,0,0,0,0,0,0,0,0,0,0,0,0,0,0,0,0,0,0,0,0,0,0,0,0,0,0,0,0,35,
255,255,255,255,255,255,255,255,255,255,255,255,255,202,48,29,243,255,255,255,255,255,255,255,254,102,0,0,0,0,0,0,0,0,0,0,0,0,0,0,0,0,0,0,0,0,0,0,0,0,0,0,0,0,0,0,0,0,40,212,
255,255,255,255,255,255,255,255,255,255,255,255,255,153,0,1,169,255,255,255,255,255,255,255,229,9,0,0,0,0,0,0,0,0,0,0,0,0,0,0,0,0,0,0,0,0,0,0,9,0,0,0,0,0,0,0,11,141,229,255,
255,255,255,255,255,255,255,255,255,255,255,255,255,103,113,117,137,255,255,254,255,255,255,254,68,0,0,0,0,0,0,0,0,0,0,0,0,0,0,0,0,0,0,0,0,0,0,11,133,1,0,0,0,0,15,76,203,255,255,255,
255,255,255,255,255,255,255,255,255,255,255,255,255,101,175,147,141,255,255,255,254,254,255,217,0,0,0,0,0,0,0,0,0,0,0,0,0,0,0,0,0,0,0,0,0,0,0,127,194,2,0,1,24,69,203,254,255,255,255,255,
255,255,255,255,255,255,255,255,255,255,255,255,255,101,105,70,149,255,255,255,255,255,255,179,0,0,0,0,0,0,0,0,0,0,0,0,0,0,0,0,0,0,0,0,0,0,15,238,239,77,125,191,253,254,255,255,255,255,255,255,
255,255,255,255,255,255,255,255,255,255,255,255,255,143,0,3,210,255,255,255,255,255,251,57,0,0,0,0,0,0,0,0,0,0,0,0,0,0,0,0,0,0,0,0,0,0,126,254,254,254,254,255,255,255,255,255,255,255,255,255,
255,255,255,255,255,255,255,255,255,255,255,255,255,193,83,55,254,254,255,255,255,255,137,0,0,0,0,0,0,0,0,0,0,0,0,0,0,0,0,0,0,0,0,0,0,4,236,255,255,255,255,255,255,255,255,255,255,255,255,255,
