255,255,255,255,255,255,255,255,255,255,255,255,255,255,255,255,255,255,255,255,255,255,255,255,255,255,255,255,255,255,255,255,255,255,255,255,255,255,255,255,255,255,255,196,198,59,0,0,0,0,0,0,0,0,0,0,0,0,0,193,
255,255,255,255,255,255,255,255,255,255,255,255,255,255,255,255,255,255,255,255,255,255,255,255,255,255,255,255,255,255,255,255,255,255,255,255,255,255,255,255,255,255,255,255,205,167,94,0,0,0,0,0,0,0,0,0,0,0,0,102,
255,255,255,255,255,255,255,255,255,255,255,255,255,255,255,255,255,255,255,255,255,255,255,255,255,255,255,255,255,255,255,255,255,255,255,255,255,255,255,255,255,255,255,255,255,245,194,0,0,0,0,0,0,0,0,0,0,0,9,10,
255,255,255,255,255,255,255,255,255,255,255,255,255,255,255,255,255,255,255,255,255,255,255,255,255,255,255,255,255,255,255,255,255,255,255,255,255,255,255,255,255,255,255,255,255,254,107,0,0,0,0,0,0,0,0,0,0,0,78,87,
255,255,255,255,255,255,255,255,255,255,255,255,255,255,255,255,255,255,255,255,255,255,255,255,255,255,255,255,255,255,255,255,255,255,255,255,255,255,255,255,255,255,255,255,254,166,2,0,0,0,0,0,0,0,0,0,0,0,7,178,
255,255,255,255,255,255,255,255,255,255,255,255,255,255,255,255,255,255,255,255,255,255,255,255,255,255,255,255,255,255,255,255,255,255,255,255,255,255,255,255,255,255,255,255,160,1,0,0,0,0,0,0,0,0,0,0,0,0,0,39,
255,255,255,255,255,255,255,255,255,255,255,255,255,255,255,255,255,255,255,255,255,255,255,255,255,255,255,255,255,255,255,255,255,255,255,255,255,255,255,255,255,255,254,168,6,0,0,0,0,0,0,0,0,0,0,0,0,20,46,87,
255,255,255,255,255,255,255,255,255,255,255,255,255,255,255,255,255,255,255,255,255,255,255,255,255,255,255,255,255,255,255,255,255,255,255,255,255,255,255,255,255,255,170,1,0,0,0,0,0,0,0,0,0,0,0,0,2,37,161,235,
255,255,255,255,255,255,255,255,255,255,255,255,255,255,255,255,255,255,255,255,255,255,255,255,255,255,255,255,255,255,255,255,255,255,255,255,255,255,255,255,255,204,9,0,0,0,0,0,0,0,0,0,0,0,0,0,35,213,245,249,
255,255,255,255,255,255,255,255,255,255,255,255,255,255,255,255,255,255,255,255,255,255,255,255,255,255,255,255,255,255,255,255,255,255,255,255,255,255,255,255,237,39,0,0,0,0,0,0,0,0,0,0,0,0,0,0,56,254,255,255,
255,255,255,255,255,255,255,255,255,255,255,255,255,255,255,255,255,255,255,255,255,255,255,255,255,255,255,255,255,255,255,255,255,255,255,255,255,255,255,255,226,41,0,0,0,0,0,0,0,0,0,0,0,0,0,0,95,254,255,255,
255,255,255,255,255,255,255,255,255,255,255,255,255,255,255,255,255,255,255,255,255,255,255,255,255,255,255,255,255,255,255,255,255,255,255,255,255,255,255,255,130,9,0,0,0,0,0,0,0,0,0,0,0,0,0,14,106,254,255,255,
255,255,255,255,255,255,255,255,255,255,255,255,255,255,255,255,255,255,255,255,255,255,255,255,255,255,255,255,255,255,255,255,255,255,255,255,255,255,255,236,71,0,0,0,0,0,0,0,0,0,0,0,0,0,65,168,231,254,255,255,
255,255,255,255,255,255,255,254,255,255,255,255,255,255,255,255,255,255,255,255,255,255,255,255,255,255,255,255,255,255,255,255,255,255,255,255,255,255,255,254,126,0,0,0,0,0,0,0,0,0,0,0,0,40,252,254,254,255,255,255,
255,255,255,255,255,255,255,255,255,255,255,255,255,255,255,255,255,255,255,255,255,255,255,255,255,255,255,255,255,255,255,255,255,255,255,255,255,255,255,255,64,0,0,0,0,0,0,0,0,0,0,0,0,86,255,255,255,255,255,255,
255,255,255,255,255,255,255,255,255,255,255,255,255,255,255,255,255,255,255,255,255,255,255,255,255,255,255,255,255,255,255,255,255,255,255,255,255,255,255,255,37,0,0,0,0,0,0,0,0,0,0,0,0,136,255,255,255,255,255,255,
255,255,255,255,255,255,255,255,255,255,255,255,255,255,255,255,255,255,255,255,255,255,255,255,255,255,255,255,255,255,255,255,255,255,255,255,255,255,255,254,60,0,0,0,0,0,0,0,0,0,0,0,0,194,255,255,255,255,255,255,
255,255,255,255,255,255,255,255,255,255,255,255,255,255,255,255,255,255,255,255,255,255,255,255,255,255,255,255,255,255,255,255,255,255,255,255,255,255,255,255,122,0,0,0,0,0,0,0,0,0,0,0,4,244,255,255,255,255,255,255,
255,255,255,255,255,255,255,255,255,255,255,255,255,255,255,255,255,255,255,255,255,255,255,255,255,255,255,255,255,255,255,255,255,255,255,255,255,255,255,255,202,2,0,0,0,0,0,0,0,0,0,0,41,254,255,255,255,255,255,255,
255,255,255,255,255,255,255,255,255,255,255,255,255,255,255,255,255,255,255,255,255,255,255,235,255,255,255,255,255,255,255,255,255,255,255,255,255,255,255,255,250,39,0,0,0,0,0,0,0,0,0,0,57,255,255,255,255,255,255,255,
255,255,255,255,255,255,255,255,255,255,255,255,255,255,255,255,255,255,255,255,255,255,255,156,91,188,255,255,255,255,255,255,255,255,255,255,255,255,255,255,254,38,0,0,0,0,0,0,0,0,0,0,57,255,255,255,255,255,255,255,
255,255,255,255,255,255,255,255,255,255,255,255,255,255,255,255,255,255,255,255,255,255,208,102,3,2,226,255,255,255,255,255,255,255,255,255,255,255,255,255,220,0,0,0,0,0,0,0,0,0,0,0,51,254,255,255,255,255,255,255,
255,255,255,255,255,255,255,255,255,255,255,255,255,255,255,255,255,255,255,255,255,211,12,0,0,0,61,251,255,255,255,255,255,255,255,255,255,255,255,255,152,0,0,0,0,0,0,0,0,0,0,0,26,254,255,255,255,255,255,255,
255,255,255,255,255,255,255,255,255,255,255,255,255,255,255,255,255,255,255,255,255,91,0,0,0,0,0,192,255,255,255,255,255,255,255,255,255,255,255,199,37,0,0,0,0,0,0,0,0,0,0,0,8,248,255,255,255,255,255,255,
255,255,255,255,255,255,255,255,255,255,255,255,255,255,255,255,255,255,255,255,254,22,0,0,0,0,67,235,255,255,255,255,255,255,255,255,255,254,180,7,0,0,0,0,0,0,0,0,0,0,0,0,0,98,255,255,255,255,255,255,
255,255,255,255,255,255,255,255,255,255,254,255,255,255,255,255,255,255,255,255,248,3,0,0,0,0,131,254,255,255,255,255,255,255,255,255,255,181,7,0,0,0,0,0,0,0,0,0,0,0,0,0,0,13,253,255,255,255,255,255,
255,255,255,255,255,255,255,255,255,255,255,255,255,255,255,255,255,255,255,255,240,0,0,0,0,0,180,255,255,255,255,255,255,255,255,255,170,6,0,0,0,0,0,0,0,0,0,0,0,0,0,0,0,31,248,255,255,255,255,255,
255,255,255,255,255,255,255,255,255,255,255,255,255,255,255,255,255,255,255,255,240,1,0,0,0,0,5,151,254,255,255,255,255,255,254,160,2,0,0,0,0,0,0,0,0,0,0,0,0,0,0,0,0,1,186,255,255,255,255,255,
255,255,255,255,255,255,255,255,255,255,255,255,255,255,255,255,255,255,255,255,232,0,0,0,0,0,0,0,119,254,255,255,255,254,156,2,0,0,0,0,0,0,0,0,0,0,0,0,0,0,0,0,0,0,31,241,255,255,255,255,
255,255,255,255,255,255,255,255,255,255,255,255,255,255,255,255,255,255,255,255,188,0,0,0,0,0,0,0,0,172,255,255,253,128,0,0,0,0,0,0,0,0,0,0,0,0,0,0,0,0,0,0,0,0,0,102,254,255,255,255,
255,255,255,255,255,255,255,255,255,255,255,255,255,255,255,255,255,255,255,255,137,0,0,0,8,0,0,0,0,25,164,125,49,0,0,0,0,0,0,0,0,0,0,0,0,0,0,0,0,0,0,0,0,0,0,0,178,255,255,255,
255,255,255,255,255,255,255,255,255,255,255,255,255,255,255,255,255,255,255,255,81,0,0,0,40,0,0,0,0,0,0,0,0,0,0,0,0,0,0,0,16,41,0,0,0,0,0,0,0,0,0,0,0,0,0,0,26,236,255,255,
255,255,255,255,255,255,255,255,255,255,255,255,254,255,255,255,255,255,255,254,39,0,0,5,76,0,0,0,0,0,0,0,0,0,0,0,0,0,1,89,229,65,0,0,0,0,0,0,0,0,0,0,0,0,0,0,0,85,254,255,
255,255,255,255,255,255,255,255,255,255,255,255,255,255,255,255,255,255,255,250,15,0,0,21,89,0,0,0,0,0,0,0,0,0,0,0,0,30,180,254,252,18,0,0,0,0,0,0,0,0,0,0,0,0,0,0,0,0,175,255,
255,255,255,255,255,255,255,255,255,255,255,255,255,255,255,255,255,255,255,251,22,0,0,26,75,0,0,0,0,0,0,0,0,0,0,0,93,238,255,255,211,0,0,0,0,0,0,0,0,0,0,0,0,0,0,0,0,0,27,241,
255,255,255,255,255,255,255,255,255,255,255,255,255,255,255,255,255,255,255,255,59,0,0,81,13,0,0,0,0,0,0,0,0,0,1,149,254,255,255,255,148,0,0,0,0,0,0,0,0,0,0,0,0,0,0,0,0,0,0,112,
255,255,255,255,255,255,255,255,255,255,255,255,255,255,255,255,255,255,255,255,98,0,0,137,34,0,0,0,0,0,0,0,0,0,120,254,255,255,255,255,75,0,0,0,0,0,0,0,0,0,0,0,0,0,0,0,0,0,0,5,
255,255,255,255,255,255,255,255,255,255,255,255,255,255,255,255,255,255,255,255,147,0,6,147,26,11,0,0,0,0,0,0,0,0,72,254,255,255,255,244,10,0,0,0,0,0,0,0,0,0,0,0,0,0,0,0,0,0,0,0,
255,255,255,255,255,255,255,255,255,255,255,255,255,255,255,255,255,255,255,255,219,7,36,222,203,8,8,0,0,0,0,0,0,0,0,189,255,255,255,175,0,0,0,0,0,0,0,0,0,0,0,0,0,0,0,0,0,0,0,0,
255,255,255,255,255,255,255,255,255,255,255,255,255,255,255,255,255,255,255,255,254,100,140,253,245,174,3,0,0,0,0,0,0,0,0,52,253,255,255,95,0,0,0,0,0,0,0,0,0,0,0,0,0,0,0,0,0,0,0,0,
255,255,255,255,255,255,255,255,255,255,255,255,255,255,255,255,255,255,255,255,255,246,248,255,255,219,2,0,0,0,0,0,0,0,0,0,167,255,249,17,0,0,0,0,0,0,0,0,0,0,0,0,0,0,0,0,0,0,0,0,
255,255,255,255,255,255,255,255,255,255,255,255,255,255,255,255,255,255,255,255,255,255,255,255,255,191,0,0,0,0,0,0,0,0,0,0,36,250,186,0,0,0,0,0,0,0,0,0,0,0,0,0,0,0,0,0,0,0,0,0,
255,255,255,255,255,255,255,255,255,255,255,255,255,255,255,255,255,255,255,255,255,255,255,255,255,149,0,0,0,0,0,0,0,0,0,0,0,160,103,0,0,0,0,0,0,0,0,0,0,0,0,0,0,0,0,0,0,0,0,0,
255,255,255,255,255,255,255,255,255,255,255,255,255,255,255,255,255,255,255,255,255,255,255,255,255,106,0,0,0,0,0,0,0,0,0,0,0,68,20,0,0,0,0,0,0,0,0,0,0,0,0,0,0,0,0,0,0,0,0,0,
255,255,255,255,255,255,255,255,255,255,255,255,255,255,255,255,255,255,255,255,255,255,255,255,254,65,0,0,0,0,0,0,0,0,0,0,0,0,0,0,0,0,0,0,0,0,0,0,0,0,0,0,0,0,0,0,0,0,0,0,
