255,255,255,255,255,255,255,255,255,255,255,255,255,255,255,255,255,255,255,255,255,255,255,255,255,255,255,255,255,255,255,255,255,255,255,255,255,255,255,255,255,255,255,255,255,255,255,253,78,0,0,0,0,0,0,0,0,0,0,0,
255,255,255,255,255,255,255,255,255,255,255,255,255,255,255,255,255,255,255,255,255,255,255,255,255,255,255,255,255,255,255,255,255,255,255,255,255,255,255,255,255,255,255,255,255,255,250,83,0,0,0,0,0,0,0,0,0,0,0,1,
255,255,255,255,255,255,255,255,255,255,255,255,255,255,255,255,255,255,255,255,255,255,255,255,255,255,255,255,255,255,255,255,255,255,255,255,255,255,255,255,255,255,255,255,255,254,104,0,0,0,0,0,0,0,0,0,0,0,0,0,
255,255,255,255,255,255,255,255,255,255,255,255,255,255,255,255,255,255,255,255,255,255,255,255,255,255,255,255,255,255,255,255,255,255,255,255,255,255,255,255,255,255,255,255,255,126,0,0,0,0,0,0,0,0,0,0,0,0,0,10,
255,255,255,255,255,255,255,255,255,255,255,255,255,255,255,255,255,255,255,255,255,255,255,255,255,255,255,255,255,255,255,255,255,255,255,255,255,255,255,255,255,255,255,255,134,0,0,0,0,0,0,0,0,0,0,0,0,0,0,65,
255,255,255,255,255,255,255,255,255,255,255,255,255,255,255,255,255,255,255,255,255,255,255,255,255,255,255,255,255,255,255,255,255,255,255,255,255,255,255,255,255,255,255,168,1,0,0,0,0,0,0,0,0,0,0,0,0,0,0,202,
255,255,255,255,255,255,255,255,255,255,255,255,255,255,255,255,255,255,255,255,255,255,255,255,255,255,255,255,255,255,255,255,255,255,255,255,255,255,255,255,255,255,225,44,1,0,0,0,0,0,0,0,0,0,0,0,0,0,11,228,
255,255,255,255,255,255,255,255,255,255,255,255,255,255,255,255,255,255,255,255,255,255,255,255,255,255,255,255,255,255,255,255,255,255,255,255,255,255,255,255,255,255,237,51,0,0,0,0,0,0,0,0,0,0,0,0,0,0,11,243,
255,255,255,255,255,255,255,255,255,255,255,255,255,255,255,255,255,255,255,255,255,255,255,255,255,255,255,255,255,255,255,255,255,255,255,255,255,255,255,255,255,255,147,15,0,0,0,0,0,0,0,0,0,0,0,0,0,31,132,255,
255,255,255,255,255,255,255,255,255,255,255,255,255,255,255,255,255,255,255,255,255,255,255,255,255,255,255,255,255,255,255,255,255,255,255,255,255,255,255,255,254,251,122,0,0,0,0,0,0,0,0,0,0,0,0,0,134,221,250,255,
255,255,255,255,255,255,255,255,255,255,255,255,255,255,255,255,255,255,255,255,255,255,255,255,255,255,255,255,255,255,255,255,255,255,255,255,255,255,255,255,255,255,123,0,0,0,0,0,0,0,0,0,0,0,0,7,251,255,255,255,
255,255,255,255,255,255,255,255,255,255,255,255,255,255,255,255,255,255,255,255,255,255,255,255,255,255,255,255,255,255,255,255,255,255,255,255,255,255,255,255,255,255,62,0,0,0,0,0,0,0,0,0,0,0,0,47,254,255,255,255,
255,255,255,255,255,255,255,255,255,255,255,255,255,255,255,255,255,255,255,255,255,255,255,255,255,255,255,255,255,255,255,255,255,255,255,255,255,255,255,255,255,255,43,0,0,0,0,0,0,0,0,0,0,0,0,102,255,255,255,255,
255,255,255,255,255,255,255,254,255,255,255,255,255,255,255,255,255,255,255,255,255,255,255,255,255,255,255,255,255,255,255,255,255,255,255,255,255,255,255,255,255,255,69,0,0,0,0,0,0,0,0,0,0,0,0,157,255,255,255,255,
255,255,255,255,255,255,255,255,255,255,255,255,255,255,255,255,255,255,255,255,255,255,255,255,255,255,255,255,255,255,255,255,255,255,255,255,255,255,255,255,255,255,135,0,0,0,0,0,0,0,0,0,0,0,0,212,255,255,255,255,
255,255,255,255,255,255,255,255,255,255,255,255,255,255,255,255,255,255,255,255,255,255,255,255,255,255,255,255,255,255,255,255,255,255,255,255,255,255,255,255,255,255,214,7,0,0,0,0,0,0,0,0,0,0,0,242,255,255,255,255,
255,255,255,255,255,255,255,255,255,255,255,255,255,255,255,255,255,255,255,255,255,255,255,255,255,255,255,255,255,255,255,255,255,255,255,255,255,255,255,255,255,255,252,38,0,0,0,0,0,0,0,0,0,0,12,254,255,255,255,255,
255,255,255,255,255,255,255,255,255,255,255,255,255,255,255,255,255,255,255,255,255,255,255,255,186,240,237,255,255,255,255,255,255,255,255,255,255,255,255,255,255,255,230,3,0,0,0,0,0,0,0,0,0,0,2,247,255,255,255,255,
255,255,255,255,255,255,255,255,255,255,255,255,255,255,255,255,255,255,255,255,255,255,255,255,196,52,58,229,255,255,255,255,255,255,255,255,255,255,255,255,255,255,154,0,0,0,0,0,0,0,0,0,0,0,0,232,255,255,255,255,
255,255,255,255,255,255,255,255,255,255,255,255,255,255,255,255,255,255,255,255,255,255,255,252,151,14,0,96,254,255,255,255,255,255,255,255,255,255,255,255,255,254,84,0,0,0,0,0,0,0,0,0,0,0,0,216,255,255,255,255,
255,255,255,255,255,255,255,255,255,255,255,255,255,255,255,255,255,255,255,255,255,255,254,115,0,0,0,0,143,255,255,255,255,255,255,255,255,255,255,255,254,132,7,0,0,0,0,0,0,0,0,0,0,0,0,121,254,255,255,255,
255,255,255,255,255,255,255,255,255,255,255,255,255,255,255,255,255,255,255,255,255,255,224,3,0,0,0,0,47,253,255,255,255,255,255,255,255,255,255,251,99,0,0,0,0,0,0,0,0,0,0,0,0,0,0,2,232,255,255,255,
255,255,255,255,255,255,255,255,255,255,255,255,255,255,255,255,255,255,255,255,255,255,153,0,0,0,0,1,169,255,255,255,255,255,255,255,255,255,251,88,0,0,0,0,0,0,0,0,0,0,0,0,0,0,0,2,194,255,255,255,
255,255,255,255,255,255,255,255,255,255,255,255,255,255,255,255,255,255,255,255,255,255,122,0,0,0,0,0,221,255,255,255,255,255,255,255,255,250,88,0,0,0,0,0,0,0,0,0,0,0,0,0,0,0,0,4,213,255,255,255,
255,255,255,255,255,255,255,255,255,255,255,255,255,255,255,255,255,255,255,255,255,255,120,0,0,0,0,0,79,232,255,255,255,255,255,255,246,86,0,0,0,0,0,0,0,0,0,0,0,0,0,0,0,0,0,0,52,249,255,255,
255,255,255,255,255,255,255,255,255,255,254,255,255,255,255,255,255,255,255,255,255,255,129,0,0,0,0,0,5,120,244,255,255,255,255,240,69,0,0,0,0,0,0,0,0,0,0,0,0,0,0,0,0,0,0,0,0,124,254,255,
255,255,255,255,255,255,255,255,255,255,255,255,255,255,255,255,255,255,255,255,255,255,139,0,0,0,0,0,0,0,58,246,255,254,219,47,0,0,0,0,0,0,0,0,0,0,0,0,0,0,0,0,0,0,0,0,0,3,199,255,
255,255,255,255,255,255,255,255,255,255,255,255,255,255,255,255,255,255,255,255,255,255,125,0,0,0,0,0,0,0,0,88,123,68,4,0,0,0,0,0,0,0,0,4,0,0,0,0,0,0,0,0,0,0,0,0,0,0,35,242,
255,255,255,255,255,255,255,255,255,255,255,255,255,255,255,255,255,255,255,255,255,254,76,0,0,0,0,0,0,0,0,0,0,0,0,0,0,0,0,0,0,2,99,100,0,0,0,0,0,0,0,0,0,0,0,0,0,0,0,98,
255,255,255,255,255,255,255,255,255,255,255,255,255,255,255,255,255,255,255,255,255,253,26,0,0,0,0,0,0,0,0,0,0,0,0,0,0,0,0,0,36,189,254,71,0,0,0,0,0,0,0,0,0,0,0,0,0,0,0,0,
255,255,255,255,255,255,255,255,255,255,255,255,255,255,255,255,255,255,255,255,255,239,4,0,0,0,0,0,0,0,0,0,0,0,0,0,0,0,1,106,244,255,252,22,0,0,0,0,0,0,0,0,0,0,0,0,0,0,0,0,
255,255,255,255,255,255,255,255,255,255,255,255,255,255,255,255,255,255,255,255,255,215,0,0,0,4,0,0,0,0,0,0,0,0,0,0,0,17,180,254,255,255,213,0,0,0,0,0,0,0,0,0,0,0,0,0,0,0,0,0,
255,255,255,255,255,255,255,255,255,255,255,255,254,255,255,255,255,255,255,255,255,229,5,0,0,0,0,0,0,0,0,0,0,0,0,0,1,185,255,255,255,255,145,0,0,0,0,0,0,0,0,0,0,0,0,0,0,0,0,0,
255,255,255,255,255,255,255,255,255,255,255,255,255,255,255,255,255,255,255,255,255,251,26,0,0,12,1,0,0,0,0,0,0,0,0,0,77,254,255,255,255,254,68,0,0,0,0,0,0,0,0,0,0,0,0,0,0,0,0,0,
255,255,255,255,255,255,255,255,255,255,255,255,255,255,255,255,255,255,255,255,255,255,64,0,0,4,0,0,10,0,0,0,0,0,0,0,8,216,255,255,255,236,5,0,0,0,0,0,0,0,0,0,0,0,0,0,0,0,0,0,
255,255,255,255,255,255,255,255,255,255,255,255,255,255,255,255,255,255,255,255,255,255,100,0,0,71,40,20,0,0,0,0,0,0,0,0,0,63,252,255,255,158,0,0,0,0,0,0,0,0,0,0,0,0,0,0,0,0,0,0,
255,255,255,255,255,255,255,255,255,255,255,255,255,255,255,255,255,255,255,255,255,255,168,1,2,208,195,21,60,0,0,0,0,0,0,0,0,0,146,254,254,74,0,0,0,0,0,0,0,0,0,0,0,0,0,0,0,0,0,0,
255,255,255,255,255,255,255,255,255,255,255,255,255,255,255,255,255,255,255,255,255,255,245,80,119,254,226,208,21,0,0,0,0,0,0,0,0,0,10,219,237,7,0,0,0,0,0,0,0,0,0,0,0,0,0,0,0,0,0,0,
255,255,255,255,255,255,255,255,255,255,255,255,255,255,255,255,255,255,255,255,255,255,255,251,251,255,255,252,55,0,0,0,0,0,0,0,0,0,0,66,161,0,0,0,0,0,0,0,0,0,0,0,0,0,0,0,0,0,0,0,
255,255,255,255,255,255,255,255,255,255,255,255,255,255,255,255,255,255,255,255,255,255,255,255,255,255,255,253,28,0,0,0,0,0,0,0,0,0,0,0,23,0,0,0,0,0,0,0,0,0,0,0,0,0,0,0,0,0,0,0,
255,255,255,255,255,255,255,255,255,255,255,255,255,255,255,255,255,255,255,255,255,255,255,255,255,255,255,235,7,0,0,0,0,0,0,0,0,0,0,0,0,0,0,0,0,0,0,0,0,0,0,0,0,0,0,0,0,0,0,0,
255,255,255,255,255,255,255,255,255,255,255,255,255,255,255,255,255,255,255,255,255,255,255,255,255,255,255,205,0,0,0,0,0,0,0,0,0,0,0,0,0,0,0,0,0,0,0,0,0,0,0,0,0,0,0,0,0,0,0,0,
255,255,255,255,255,255,255,255,255,255,255,255,255,255,255,255,255,255,255,255,255,255,255,255,255,255,255,169,0,0,0,0,0,0,0,0,0,0,0,0,0,0,0,0,0,0,0,0,0,0,0,0,0,0,0,0,0,0,0,0,
255,255,255,255,255,255,255,255,255,255,255,255,255,255,255,255,255,255,255,255,255,255,255,255,255,255,255,137,0,0,0,0,0,0,0,0,0,0,0,0,0,0,0,0,0,0,0,0,0,0,0,0,0,0,0,0,0,0,0,0,
255,255,255,255,255,255,255,255,255,255,255,255,255,255,255,255,255,255,255,255,255,255,255,255,255,255,255,104,0,0,0,0,0,0,0,0,0,0,0,0,0,0,0,0,0,0,0,0,0,0,0,0,0,0,0,0,0,0,0,0,
