0,0,0,0,0,0,0,0,0,0,0,0,0,0,0,0,0,0,0,0,0,0,4,120,0,0,0,0,0,0,0,0,0,0,0,0,0,0,0,0,0,0,0,0,28,77,10,0,0,0,0,0,0,0,0,0,0,0,0,0,
0,0,0,0,0,0,0,0,0,0,0,0,0,0,0,0,0,0,0,0,0,0,0,0,0,0,0,0,0,0,0,0,0,0,0,0,0,0,0,0,0,0,0,0,4,14,0,0,0,0,0,0,0,0,0,0,0,0,0,0,
0,0,0,0,0,0,0,0,0,0,0,0,0,0,0,0,0,0,0,0,0,0,0,0,0,0,0,0,0,0,0,4,66,3,0,0,0,0,0,0,0,0,0,0,0,0,0,0,0,0,0,0,0,0,0,0,0,0,0,0,
0,0,0,0,0,0,0,0,0,0,0,0,0,0,0,0,0,0,0,0,0,0,0,0,0,0,0,0,0,0,0,22,9,0,0,0,0,0,0,0,0,0,0,0,0,0,0,0,0,0,0,0,0,0,0,0,0,0,0,0,
0,0,0,0,0,0,0,0,0,0,0,0,0,0,0,0,0,0,0,0,0,0,0,0,0,0,0,0,0,0,0,0,0,0,0,3,94,145,39,0,0,0,0,0,0,0,0,0,0,0,0,0,0,0,0,0,0,0,0,0,
0,0,0,0,0,0,0,0,0,0,0,0,0,0,0,0,0,0,0,0,0,0,0,0,0,0,0,0,0,0,0,0,0,0,0,23,73,54,1,0,0,0,0,0,0,0,0,0,0,0,0,0,0,0,0,0,0,0,0,0,
0,0,0,0,0,0,0,0,0,0,0,0,0,0,0,0,0,0,0,0,0,0,0,0,0,0,0,0,0,0,0,0,0,0,0,0,0,0,0,0,0,0,0,0,0,0,0,0,0,0,0,0,0,0,0,0,0,0,0,0,
0,0,0,0,0,0,0,0,0,0,0,0,0,19,49,54,46,15,0,0,0,0,0,0,0,0,0,0,0,0,0,0,0,0,0,0,0,0,0,0,0,0,0,0,0,0,0,0,0,0,0,0,0,0,0,0,0,0,0,0,
0,0,0,0,0,0,0,0,0,0,62,155,224,254,254,254,254,251,212,144,41,0,0,27,39,0,0,0,0,0,0,0,0,0,0,0,0,0,0,0,0,0,0,0,0,0,0,0,0,0,0,0,0,0,0,0,0,0,0,0,
0,0,0,0,0,0,0,0,57,200,254,254,255,255,255,255,255,255,255,255,242,124,9,15,10,0,0,0,0,0,0,0,0,0,0,0,0,0,0,0,0,0,0,0,0,0,0,0,0,0,0,0,0,0,0,0,0,0,0,0,
0,0,0,0,0,0,2,127,251,255,255,255,255,255,255,255,255,255,255,255,255,254,184,9,0,0,0,0,0,0,0,0,0,0,0,0,0,0,0,0,0,79,15,0,0,0,0,0,0,0,0,0,0,0,0,0,0,0,0,0,
0,0,0,0,0,3,159,254,255,255,255,255,255,255,255,255,255,255,255,255,255,255,254,99,0,0,0,0,0,0,0,0,0,0,0,0,0,0,0,0,0,15,0,0,0,0,0,0,0,0,0,0,0,0,0,0,0,0,0,0,
0,0,0,0,0,140,254,255,255,255,255,255,255,255,255,255,255,255,255,255,255,255,255,212,10,0,0,0,0,0,0,0,0,0,0,0,0,0,0,0,0,0,0,0,0,0,0,0,0,0,0,0,0,0,0,0,0,0,0,0,
0,0,0,0,72,254,255,255,255,255,255,255,255,255,255,255,255,255,255,255,255,255,255,249,42,0,0,0,0,0,0,0,0,0,0,0,0,0,0,0,0,0,0,0,0,0,0,0,0,0,0,0,0,0,0,0,0,0,0,0,
0,0,0,4,217,255,255,255,255,255,255,255,255,255,255,255,255,255,255,255,255,255,255,254,92,0,0,0,0,0,0,0,0,0,0,0,0,0,0,0,0,0,0,0,0,0,0,0,0,0,0,0,0,0,0,0,0,0,0,0,
0,0,0,88,255,255,255,255,255,255,255,255,255,255,255,255,255,254,255,255,255,255,255,255,97,0,0,0,0,0,0,0,0,0,0,0,0,0,0,0,0,0,0,0,0,0,0,0,0,0,0,0,0,0,0,0,0,0,0,0,
0,0,0,184,255,255,255,255,255,255,255,255,255,255,255,254,255,255,255,255,255,255,255,236,26,0,0,0,0,0,0,0,0,0,0,0,0,0,0,0,0,0,0,0,0,0,0,0,0,0,0,0,0,0,0,0,0,0,0,0,
0,0,8,246,255,255,255,255,255,255,255,255,255,255,255,255,255,255,255,255,255,255,255,198,0,0,0,0,0,0,0,0,0,0,0,0,0,0,0,0,0,0,0,0,0,0,0,0,0,0,0,0,0,0,0,0,0,0,0,0,
0,0,48,254,255,255,255,255,255,255,255,255,255,255,255,255,255,255,255,255,255,255,254,158,0,0,0,0,0,0,0,0,0,0,0,0,0,0,0,0,0,0,0,0,0,0,0,0,0,0,0,0,0,0,0,0,0,0,0,0,
0,0,74,254,255,255,255,255,255,255,255,255,255,255,255,255,255,255,255,255,255,255,248,57,0,0,0,0,0,0,0,0,0,0,0,0,0,0,0,0,0,0,0,0,0,0,0,0,0,0,0,0,0,0,0,0,0,0,0,0,
0,0,88,254,255,255,255,255,255,255,255,255,255,255,255,255,255,255,255,255,255,239,70,0,0,0,0,0,0,0,0,0,0,0,0,0,0,0,0,0,0,0,0,0,0,0,0,0,0,0,0,0,0,0,0,0,0,0,0,0,
0,0,46,255,255,255,255,255,255,255,255,255,255,255,255,255,255,255,255,255,254,142,0,0,0,26,101,5,0,0,0,0,0,0,0,0,0,0,0,0,0,0,0,0,0,0,0,0,0,0,0,0,0,0,0,0,0,0,0,0,
0,0,4,243,255,255,255,255,255,255,255,255,255,255,255,255,255,255,255,254,234,29,0,0,0,0,0,0,0,0,0,0,0,0,0,0,0,0,0,0,0,0,0,0,0,0,0,0,0,0,0,0,0,0,0,0,0,0,0,0,
0,0,0,181,255,255,255,255,255,255,255,255,255,255,255,255,255,255,255,208,46,0,0,0,0,0,0,0,0,0,0,0,0,5,13,0,0,0,0,0,0,0,0,0,0,0,0,0,0,0,0,0,0,0,0,0,0,0,0,0,
0,0,0,31,231,255,255,255,255,255,255,255,255,255,255,255,255,255,255,192,0,0,0,0,0,0,0,0,0,0,0,0,0,7,45,0,0,0,0,0,0,0,0,0,0,0,56,26,0,0,0,0,0,0,0,0,0,0,0,0,
0,0,0,0,43,232,255,255,255,255,255,255,255,255,255,255,255,255,254,162,0,0,0,0,0,0,0,0,0,0,0,0,0,0,0,0,0,0,4,31,0,0,0,0,0,32,246,47,0,0,0,0,0,0,0,0,0,0,0,0,
0,0,0,0,0,25,160,251,255,254,254,255,255,255,255,255,220,250,137,4,0,0,0,0,0,0,0,0,0,0,0,0,0,0,0,0,0,2,56,14,0,0,0,0,0,28,120,0,0,0,0,0,0,0,0,0,0,0,0,0,
0,0,0,0,0,0,0,27,90,74,225,248,229,255,255,254,161,19,0,0,0,0,0,0,0,0,0,0,0,0,0,0,0,0,0,0,36,53,0,0,0,0,0,0,0,0,0,0,0,0,0,0,0,0,0,0,0,0,0,0,
0,0,0,0,0,0,0,0,0,35,180,254,255,255,255,255,228,10,0,0,0,0,0,0,0,0,0,0,0,0,0,0,0,0,0,0,44,24,0,0,0,0,0,0,0,0,0,0,0,0,0,0,0,0,0,0,0,0,0,0,
0,0,0,0,0,0,0,0,0,0,144,255,255,255,255,255,254,86,0,0,0,0,0,0,0,0,0,0,0,0,0,0,0,0,0,0,0,0,0,30,0,0,0,3,16,0,0,0,0,0,0,0,0,0,0,0,0,0,0,0,
0,0,0,22,88,0,0,0,0,16,214,255,255,255,255,255,255,143,0,0,0,0,0,0,0,0,0,0,0,0,0,0,0,0,0,0,0,0,0,40,0,0,4,151,45,0,0,0,0,0,0,0,0,0,0,0,0,0,0,0,
0,0,0,0,4,0,0,0,9,188,255,255,255,255,255,255,255,177,0,0,0,0,0,0,0,0,0,0,0,0,0,0,0,0,0,0,0,0,0,0,0,0,6,26,0,0,0,0,0,0,0,0,0,0,0,0,0,0,0,0,
0,0,0,0,0,0,0,15,188,254,255,255,255,255,255,255,255,195,0,0,0,0,0,0,0,0,0,0,0,0,0,0,0,0,0,0,0,0,0,0,0,0,0,0,0,0,0,0,0,0,0,0,0,0,0,0,24,0,0,0,
0,0,0,0,0,0,51,218,255,255,255,255,255,255,255,255,255,201,0,0,0,0,0,0,0,0,0,0,0,0,0,0,0,0,0,0,35,3,0,0,0,0,0,0,0,0,0,0,0,0,0,0,0,0,0,18,74,0,0,0,
24,0,0,0,25,149,251,255,255,255,255,255,255,255,255,255,255,202,0,0,0,0,0,0,0,0,0,0,0,0,0,0,0,0,0,0,87,148,0,0,0,0,0,0,0,0,0,0,0,0,0,0,0,0,0,0,0,0,0,0,
131,0,48,152,246,254,255,255,255,255,255,255,255,255,255,255,255,203,0,0,0,0,0,0,0,0,0,0,0,0,0,0,0,0,0,0,1,75,4,0,0,0,0,0,0,0,0,0,0,0,0,0,0,0,0,0,0,0,0,0,
73,192,254,255,255,255,255,255,255,255,255,255,255,255,255,255,255,201,0,0,0,0,0,0,0,0,0,0,0,0,0,0,0,27,34,0,0,0,0,0,0,0,0,0,0,0,0,0,0,0,0,0,0,0,0,0,0,0,0,0,
48,250,255,255,255,255,255,255,255,255,255,255,255,255,255,255,255,195,0,0,0,0,0,0,0,0,0,0,0,0,0,0,0,0,0,0,0,0,0,0,0,0,0,0,0,0,0,0,0,0,0,0,0,0,0,0,0,0,0,0,
167,255,255,255,255,255,255,255,255,255,255,255,255,255,255,255,255,190,0,0,0,0,0,0,0,0,0,0,0,0,0,0,0,0,0,0,0,0,0,0,0,0,0,0,0,0,0,0,0,0,0,0,0,8,145,61,0,0,19,82,
38,187,255,255,255,255,255,255,255,255,255,255,255,255,255,255,255,189,0,8,0,0,0,0,0,0,0,0,0,0,0,0,0,0,0,0,0,0,0,0,0,0,0,0,0,0,0,0,0,0,0,0,0,0,7,0,0,0,4,153,
0,61,254,255,255,255,255,255,255,255,255,255,255,255,255,255,255,196,0,156,13,0,0,0,0,0,0,0,0,0,0,0,0,0,0,0,0,20,93,0,0,0,0,0,0,0,0,0,0,0,0,0,0,0,0,0,0,0,0,63,
0,28,251,255,255,255,255,255,255,255,255,255,255,255,255,255,255,219,39,247,61,0,0,0,0,0,0,0,0,0,0,0,0,0,0,0,0,114,62,0,0,0,0,0,0,0,0,0,0,0,0,0,0,0,0,0,0,0,0,1,
0,0,49,112,186,239,213,182,179,222,255,255,255,255,255,255,255,189,47,250,23,0,0,0,0,0,0,0,0,11,56,0,0,0,0,0,0,0,0,0,0,0,0,0,0,0,0,0,0,0,0,0,0,0,0,0,0,0,0,0,
0,0,0,0,0,7,0,0,0,2,90,182,254,246,203,228,255,86,0,97,16,57,0,0,0,0,0,0,0,20,0,0,0,0,0,0,0,0,0,0,0,0,0,0,0,0,0,0,0,0,0,0,0,0,0,0,0,0,0,0,
0,0,0,0,0,0,0,0,0,0,0,23,254,226,4,124,254,80,0,0,27,1,0,0,0,0,0,0,0,0,0,0,0,0,0,0,0,0,0,0,0,0,0,0,0,0,0,0,0,0,0,0,0,0,0,0,56,42,0,0,
