0,0,0,0,0,0,0,0,0,24,15,0,0,0,0,0,0,0,0,0,0,0,0,0,0,0,45,53,0,0,0,0,0,0,0,0,0,0,0,0,0,0,0,0,0,0,0,0,0,0,0,0,0,0,0,0,0,0,0,0,
0,0,0,0,0,0,0,0,0,0,0,0,0,0,0,0,0,0,0,0,0,0,0,0,0,0,38,137,12,0,0,0,0,0,0,0,0,0,0,0,0,0,0,0,0,0,0,0,0,0,0,0,0,0,0,0,0,0,0,0,
0,0,0,0,0,0,0,0,0,0,0,0,0,0,0,0,0,0,7,73,128,170,196,205,194,161,119,26,4,0,0,0,0,0,0,0,0,0,0,0,0,0,0,0,0,0,0,0,0,0,0,0,0,0,0,0,0,0,0,0,
0,0,0,0,0,0,0,0,0,0,0,0,0,0,0,0,30,143,238,254,255,255,255,255,255,255,254,83,0,0,0,0,0,0,0,0,0,0,0,0,0,0,0,0,0,0,0,0,0,0,0,0,0,0,0,0,0,0,0,0,
0,0,0,0,0,3,30,0,0,0,0,0,0,0,8,130,246,255,255,255,255,255,255,255,255,255,254,102,0,0,0,0,0,0,0,0,0,0,0,0,0,0,0,0,0,0,0,0,0,0,0,0,0,0,0,0,0,0,0,0,
0,0,0,0,0,81,72,0,26,16,0,0,0,50,216,254,255,255,255,255,255,255,255,255,255,246,40,4,0,0,0,0,0,0,0,0,0,0,0,0,0,0,0,0,0,0,0,0,0,0,0,0,0,0,0,0,0,0,0,0,
0,0,0,0,0,9,0,0,0,107,53,0,89,245,255,255,255,255,255,255,255,255,255,255,255,248,2,0,0,0,0,0,0,0,0,0,0,0,0,0,0,0,0,0,0,0,0,0,0,0,0,0,0,0,0,0,0,0,0,0,
0,0,0,0,0,0,0,0,0,0,129,158,253,255,255,255,255,255,255,255,255,255,255,254,234,122,0,0,0,0,0,0,0,0,0,0,0,0,0,0,0,0,0,0,0,0,0,0,0,0,0,0,0,0,0,0,0,0,0,0,
0,0,0,0,0,0,0,0,0,0,74,253,255,255,255,255,255,255,255,255,255,255,255,214,13,8,0,0,0,0,0,0,0,0,0,0,0,0,0,0,0,0,0,0,0,0,0,0,0,0,0,0,0,0,0,0,0,0,0,0,
0,0,0,0,0,0,0,0,0,20,232,255,255,255,255,255,255,255,255,255,255,255,255,254,225,160,0,0,0,0,0,0,0,0,0,0,0,0,0,0,0,0,0,0,0,0,0,0,0,0,0,0,0,0,0,0,0,0,0,0,
0,0,0,0,0,0,0,0,0,161,254,255,255,255,255,255,255,255,255,255,255,255,255,255,255,209,1,0,0,0,0,0,0,0,0,0,0,0,0,0,0,0,0,0,0,0,0,0,0,0,0,0,0,0,0,0,0,0,0,0,
0,0,0,0,0,0,0,0,50,252,255,255,255,255,255,255,255,255,255,255,255,255,255,255,255,254,82,0,0,0,0,0,0,0,0,0,0,0,0,0,0,0,0,0,1,93,18,0,0,0,0,0,0,0,0,0,0,0,0,0,
0,0,0,0,0,0,0,0,177,255,255,255,255,255,255,255,255,255,255,255,255,255,255,255,255,255,142,0,0,0,0,0,0,0,0,0,0,0,0,0,0,0,0,0,0,20,9,0,0,0,0,0,0,2,4,0,0,0,0,0,
0,0,0,0,0,0,0,32,252,255,255,255,255,255,255,255,255,255,255,255,255,255,255,255,255,219,38,0,0,0,0,0,0,0,0,0,0,0,0,0,0,75,97,17,0,0,0,0,0,0,0,0,0,0,72,21,0,0,0,0,
0,0,0,0,0,0,0,119,255,255,255,255,255,255,255,255,255,255,255,255,255,255,255,255,253,19,0,0,0,0,0,0,0,0,0,0,0,0,0,0,32,111,56,0,0,0,0,0,0,0,0,0,0,0,0,0,0,0,0,0,
0,0,0,0,0,0,0,194,255,255,255,255,255,255,255,255,255,252,253,255,255,255,255,253,217,0,0,0,0,0,0,0,0,0,0,0,0,0,0,0,0,0,0,0,0,0,0,0,0,0,0,0,0,0,0,0,0,0,0,0,
0,0,0,0,0,0,2,245,255,255,255,255,255,255,255,255,255,212,200,255,255,255,205,76,37,0,0,0,0,0,0,0,0,0,0,0,0,0,0,0,0,0,0,0,0,0,0,0,0,0,0,0,0,0,0,0,0,0,0,0,
0,0,0,0,0,0,33,254,255,255,255,255,255,255,255,254,207,36,12,109,232,255,254,220,19,0,0,0,0,9,39,0,0,0,3,1,0,0,0,0,0,0,0,0,0,0,0,0,0,0,0,0,0,0,0,0,0,0,0,0,
0,0,0,0,0,0,43,254,255,255,255,255,255,255,233,31,0,0,0,0,209,255,255,255,211,22,0,0,0,8,43,0,0,0,60,100,0,0,0,0,0,0,0,0,0,0,0,0,0,0,0,0,0,0,71,103,0,0,0,0,
0,0,0,0,0,0,44,254,255,255,255,255,255,255,178,0,0,0,0,0,191,255,255,255,255,223,44,0,0,0,0,0,0,0,18,70,0,0,0,0,0,0,0,0,0,0,0,0,0,0,0,0,0,0,54,1,0,0,0,0,
0,0,0,0,0,0,27,254,255,255,255,254,254,217,48,0,0,0,0,0,193,255,255,255,255,255,225,6,0,0,0,0,0,0,0,0,0,0,0,0,0,0,0,0,0,0,0,0,0,0,0,0,0,0,0,0,0,0,0,0,
0,0,0,0,0,0,0,238,255,255,255,240,22,0,0,0,0,0,0,0,232,255,255,255,255,255,254,69,0,0,49,1,31,0,0,0,0,0,0,0,0,0,0,0,0,0,0,0,0,0,0,0,0,0,0,0,0,0,0,0,
0,0,0,0,0,0,0,184,255,255,255,191,0,0,0,0,0,0,0,27,254,255,255,255,255,255,254,189,76,19,244,132,190,4,0,0,0,0,0,0,45,23,0,0,0,0,0,0,0,0,0,0,0,0,0,0,0,0,0,0,
0,0,0,0,0,0,0,92,254,172,74,17,0,0,0,0,0,0,0,75,255,255,255,255,255,255,244,11,252,204,112,0,156,64,0,0,0,0,0,0,0,0,0,0,0,0,0,0,0,0,0,0,0,0,0,0,0,0,0,0,
0,0,0,0,0,0,0,4,135,94,0,0,0,0,0,0,0,6,54,120,255,255,255,255,255,255,237,160,254,255,226,10,156,64,0,0,0,0,0,0,0,0,0,0,0,0,0,0,0,0,38,13,0,0,0,0,0,0,0,0,
0,0,0,0,0,0,0,0,0,0,0,0,0,0,0,0,0,0,71,152,255,255,255,255,255,255,255,255,255,251,152,217,155,1,0,0,0,0,0,0,0,0,0,82,55,0,0,0,0,0,2,16,0,0,0,0,0,0,0,0,
0,0,0,0,0,0,0,0,0,0,0,0,0,0,0,7,84,0,0,97,254,255,255,255,255,255,255,254,225,49,0,0,0,0,0,0,0,0,0,0,0,0,0,1,38,0,0,0,0,0,0,0,0,0,0,0,0,0,0,0,
0,0,0,33,25,0,0,0,0,0,0,0,0,0,0,2,43,0,0,2,201,254,255,255,255,255,254,139,16,0,0,0,0,0,0,0,0,0,0,0,0,0,0,0,0,0,0,0,0,0,0,0,0,0,0,0,0,0,0,0,
0,0,0,33,99,0,0,0,0,0,0,0,0,0,0,0,0,0,0,0,102,254,255,255,255,255,245,28,0,0,0,0,0,0,0,0,0,0,0,0,0,0,0,0,0,0,0,0,0,0,0,0,0,0,0,0,0,0,0,0,
0,0,0,0,0,0,71,3,0,0,0,0,0,0,0,0,0,0,0,49,238,255,255,255,255,255,253,42,0,0,0,0,0,0,0,0,0,0,0,0,0,0,0,0,0,0,0,0,0,0,0,0,0,0,0,0,0,0,0,0,
0,0,0,0,0,0,20,15,0,0,0,0,0,0,0,0,0,0,28,229,255,255,255,255,255,255,254,26,0,0,0,0,0,0,0,0,0,0,0,0,0,0,0,0,0,0,0,0,0,0,0,0,0,0,0,0,1,11,0,0,
0,0,0,0,0,0,0,0,0,0,0,0,0,0,0,0,0,25,217,255,255,255,255,255,255,255,254,57,0,0,0,0,0,0,0,0,22,32,0,0,0,0,0,0,0,0,0,0,0,0,0,0,0,0,0,0,0,29,11,0,
0,0,0,0,0,0,0,0,0,0,0,0,0,0,0,0,29,216,255,255,255,255,255,255,255,255,254,90,0,0,0,0,0,0,0,0,0,19,0,0,0,0,0,0,0,0,0,0,0,0,0,0,0,0,0,0,0,0,0,0,
0,0,0,0,0,0,0,0,0,0,0,0,0,0,0,74,231,255,255,255,255,255,255,255,255,255,254,117,0,0,0,0,0,0,0,0,0,0,0,0,0,0,0,0,0,0,0,0,0,0,30,142,16,0,0,0,0,0,0,0,
0,0,0,0,0,0,0,0,0,0,0,0,0,57,180,254,255,255,255,255,255,255,255,255,255,255,255,138,0,0,0,0,0,0,0,0,0,0,0,0,0,0,0,0,0,0,0,0,0,7,150,58,46,0,0,0,0,0,0,0,
0,0,0,0,0,0,0,0,0,0,35,104,203,254,255,255,255,255,255,255,255,255,255,255,255,255,255,160,0,0,0,0,0,0,0,0,0,0,0,0,0,0,0,0,0,0,0,0,0,0,106,40,0,0,0,0,0,0,0,0,
0,0,0,0,0,0,0,0,99,217,254,255,255,255,255,255,255,255,255,255,255,255,255,255,255,255,255,176,0,0,0,0,0,0,0,0,0,0,0,0,0,0,0,0,0,0,0,0,0,0,0,1,0,0,0,0,0,0,0,0,
2,10,0,0,0,0,0,140,254,255,255,255,255,255,255,255,255,255,255,255,255,255,255,255,255,255,255,197,0,0,0,0,0,0,0,0,0,0,0,0,0,0,0,0,0,0,0,0,0,0,0,0,0,0,0,0,0,0,0,0,
68,112,50,0,0,0,2,227,255,255,255,255,255,255,255,255,255,255,255,255,255,255,255,255,255,255,255,217,0,0,0,0,0,0,0,0,0,0,0,0,0,0,0,0,0,0,0,0,0,0,0,0,0,0,0,0,0,0,0,0,
0,0,0,0,0,1,163,254,255,255,255,255,255,255,255,255,255,255,255,255,255,255,255,255,255,255,255,238,0,0,0,0,0,0,0,0,0,0,0,0,0,0,0,0,0,0,0,0,0,0,0,0,0,0,0,0,0,0,0,0,
0,0,0,0,0,22,228,254,255,255,255,255,255,255,255,255,255,255,255,255,255,255,255,255,255,255,255,253,8,0,0,0,0,0,0,0,0,0,0,0,0,0,0,0,0,0,0,0,0,0,0,0,0,0,0,0,0,0,0,0,
0,0,0,0,0,0,12,126,120,214,255,255,255,255,255,255,255,255,255,255,255,255,255,255,255,255,255,254,30,0,0,0,0,0,0,0,0,0,0,0,0,0,0,0,0,0,0,0,0,0,0,0,0,0,0,0,0,0,0,0,
0,0,0,0,0,0,0,0,0,23,142,215,254,255,255,255,255,255,255,255,255,255,255,255,255,255,255,254,54,0,0,0,0,0,0,0,0,0,0,0,0,0,0,0,0,0,0,0,0,0,0,0,0,0,0,0,0,0,0,0,
0,0,0,0,0,0,0,0,0,0,0,0,54,232,255,255,255,255,255,255,255,255,255,255,255,255,255,254,67,0,0,0,0,0,0,0,0,0,0,0,0,0,0,0,0,0,0,0,0,21,27,0,0,0,0,0,0,0,0,0,
0,0,0,0,0,0,0,0,0,0,0,0,0,118,254,255,255,255,255,255,255,255,255,255,255,255,255,254,65,0,0,0,0,0,0,0,0,0,0,0,0,0,0,0,0,0,0,0,0,19,129,0,0,0,0,0,0,0,0,0,
