0,0,0,0,0,0,0,0,0,0,0,0,0,0,0,0,0,0,0,0,0,0,0,0,0,12,14,0,0,0,8,16,12,0,0,0,0,0,44,1,0,0,0,0,0,0,0,0,0,0,0,0,0,0,0,0,0,0,0,0,
0,0,0,0,0,0,0,0,0,0,0,0,0,0,0,0,0,0,0,0,0,0,0,0,0,10,110,142,195,229,250,253,253,234,196,135,54,1,78,46,0,0,0,0,0,0,0,0,0,0,0,0,0,0,0,0,0,0,0,0,
0,0,0,0,0,0,0,0,0,0,0,0,0,0,0,0,0,0,0,0,0,0,0,36,148,240,254,255,255,255,255,255,255,255,255,255,254,205,84,3,0,0,0,3,4,0,0,0,0,0,0,0,0,0,0,0,0,0,0,0,
0,3,134,68,0,0,0,0,0,0,0,0,0,0,0,0,0,0,0,0,0,17,146,250,255,255,255,255,255,255,255,255,255,255,255,255,255,255,254,188,36,0,0,0,39,0,0,0,0,0,0,0,0,0,0,0,0,0,0,0,
0,0,0,0,0,0,0,0,0,0,0,0,0,0,0,0,0,0,0,0,66,226,254,255,255,255,255,255,255,255,255,255,255,255,255,255,255,255,255,255,233,66,0,0,0,0,0,0,0,0,54,86,3,0,0,0,0,0,0,0,
0,0,7,66,1,0,0,0,0,0,0,0,0,0,0,0,0,0,0,105,251,255,255,255,255,255,255,255,255,255,255,255,255,255,255,255,255,255,255,255,244,168,30,0,0,0,0,0,0,0,60,79,6,0,0,0,0,0,0,0,
0,0,0,17,10,0,0,0,0,0,0,0,0,0,0,0,0,0,106,254,255,255,255,255,255,255,255,255,255,255,255,255,255,255,255,255,255,255,255,254,174,87,33,0,0,0,0,0,0,0,0,0,0,0,0,0,0,0,0,0,
0,0,0,0,0,0,0,0,0,0,0,0,0,0,0,0,0,67,250,255,255,255,255,255,255,255,255,255,255,255,255,255,255,255,255,255,255,248,195,199,126,25,0,0,0,0,0,0,0,0,0,0,44,70,0,0,0,0,0,32,
0,0,0,0,0,0,0,0,0,0,0,0,0,0,14,0,13,227,255,255,255,255,255,255,255,255,255,255,255,255,255,255,255,255,254,254,254,217,90,8,17,0,0,0,0,0,0,0,0,0,0,0,0,95,32,0,0,0,0,1,
0,0,0,0,0,0,0,0,0,0,0,0,0,57,160,0,135,254,255,255,255,255,255,255,255,255,255,255,255,255,255,255,255,255,209,131,135,93,20,0,0,0,0,0,0,0,0,0,0,0,0,0,0,2,10,0,0,0,0,0,
16,58,23,0,0,0,0,0,0,0,0,0,0,1,0,18,242,255,255,255,255,255,255,255,255,255,255,255,255,255,254,254,254,227,106,9,0,0,0,0,0,0,0,0,0,0,0,0,0,0,0,0,0,0,0,0,0,0,0,0,
0,0,0,0,0,0,14,0,0,0,0,0,0,0,0,106,254,255,255,255,255,255,255,255,255,255,255,255,255,254,166,44,57,45,5,0,0,0,0,0,0,0,0,0,0,0,0,0,0,0,0,0,0,0,0,0,0,0,0,0,
0,0,0,0,0,0,21,0,0,0,0,0,0,0,0,186,255,255,255,255,255,255,255,255,255,255,255,255,255,254,80,0,0,0,0,0,0,0,0,0,0,0,0,0,0,0,0,0,0,0,0,0,0,0,0,0,0,0,0,0,
0,0,0,0,0,0,0,6,14,0,0,0,0,0,0,241,255,255,254,254,255,255,255,255,255,255,255,255,254,240,25,0,0,0,0,0,0,64,0,0,0,0,0,0,0,0,0,0,0,0,0,0,0,0,0,0,0,0,0,0,
0,0,0,0,0,0,0,0,0,0,0,0,0,0,0,136,117,245,190,63,175,227,254,255,255,255,255,255,154,78,40,0,0,0,0,0,0,0,0,0,0,0,0,0,0,0,0,0,0,0,0,0,0,0,0,0,0,0,0,0,
0,0,0,14,0,0,0,0,0,0,0,0,0,0,0,0,0,16,8,0,0,111,255,255,255,255,255,252,56,5,84,0,0,0,0,0,0,0,0,0,0,0,0,0,0,0,0,0,0,0,0,0,0,0,0,0,0,0,0,0,
0,0,0,0,0,0,0,0,0,0,39,0,0,0,0,0,0,9,21,1,0,46,204,248,255,255,145,64,17,0,98,4,0,0,0,0,0,0,0,0,0,0,0,0,0,0,0,0,0,0,0,0,0,0,0,0,0,0,0,0,
0,0,0,0,0,0,0,0,0,24,70,0,0,0,0,0,0,0,0,20,0,0,10,109,255,255,254,117,0,0,79,32,0,0,0,0,0,0,0,0,0,0,0,0,0,0,0,0,0,0,0,0,0,0,0,0,0,0,0,0,
0,0,0,0,0,0,0,0,0,0,0,0,0,0,0,0,0,0,51,42,0,0,0,159,255,255,255,254,141,3,25,98,0,0,0,0,0,0,0,0,0,0,0,0,0,0,0,0,0,0,106,54,0,0,0,0,0,0,0,0,
0,0,0,0,0,0,0,0,0,0,0,0,0,0,0,0,0,0,0,0,0,0,0,182,255,255,255,255,254,186,82,179,0,0,0,0,0,0,0,0,0,0,0,0,0,0,0,0,0,0,92,39,0,0,0,0,0,0,0,0,
0,0,0,0,0,0,0,0,0,0,0,0,0,0,0,0,0,0,0,0,0,0,0,93,254,255,255,255,255,255,179,120,25,0,0,0,0,0,0,0,0,0,0,0,0,0,0,0,0,0,0,0,0,0,0,0,0,0,0,0,
0,0,0,0,0,0,0,0,0,0,0,0,0,0,0,0,0,0,0,0,0,0,0,43,254,255,255,255,255,255,226,53,103,0,0,0,0,0,0,0,0,0,0,0,0,0,0,0,0,0,0,0,0,0,0,0,0,0,0,0,
0,0,0,0,0,0,0,0,0,0,0,0,35,0,0,0,0,38,72,0,0,0,0,120,255,255,255,255,255,255,157,1,166,0,0,0,0,0,0,0,0,0,0,0,0,0,0,0,0,0,0,0,0,0,0,0,0,0,0,0,
0,0,0,0,0,0,0,0,0,0,0,0,0,0,0,0,0,0,0,0,0,0,0,198,255,255,255,255,255,254,54,0,190,57,0,0,0,0,0,0,0,0,0,0,0,0,0,0,0,0,0,0,0,0,0,0,0,0,0,0,
0,0,0,0,0,0,0,0,0,0,0,0,0,0,0,0,0,0,0,0,0,0,5,248,255,255,255,255,255,254,98,116,254,199,0,67,30,0,0,0,0,0,0,0,0,0,0,0,0,0,0,0,0,0,0,0,0,0,0,0,
0,0,0,0,0,0,0,0,0,0,0,0,0,0,0,0,0,0,0,0,0,0,3,235,255,255,255,255,255,255,254,254,255,252,36,60,156,0,0,0,0,0,0,0,0,0,0,0,0,0,0,0,0,0,0,0,0,0,0,0,
0,0,0,0,0,0,0,0,0,0,0,0,0,0,0,0,0,0,0,0,0,0,0,57,128,215,255,255,255,255,255,254,202,207,55,67,165,17,3,0,0,0,0,0,0,0,0,0,0,0,0,0,0,0,0,0,0,0,0,0,
0,0,0,0,0,0,0,0,0,0,0,0,0,0,0,0,0,0,0,0,0,0,0,0,0,142,255,255,255,255,205,67,1,41,186,188,34,1,1,0,0,0,0,0,0,0,0,0,0,0,0,0,0,0,0,0,0,0,0,0,
0,0,0,0,0,0,0,0,0,0,0,0,0,0,0,0,0,0,0,0,0,0,0,0,121,254,255,255,255,255,108,0,0,0,0,0,0,0,0,0,0,0,0,0,0,0,0,0,0,0,0,0,0,0,0,0,0,0,0,0,
0,0,0,0,0,0,0,0,0,0,0,0,0,0,0,0,0,0,0,0,0,0,0,123,254,255,255,255,255,255,140,0,0,0,0,0,0,0,0,0,0,0,0,0,0,0,0,0,0,0,0,0,0,0,0,43,5,0,0,0,
0,0,0,0,0,0,0,0,0,0,0,0,0,0,0,0,2,32,0,0,0,2,139,254,255,255,255,255,255,255,169,0,0,0,0,0,0,0,0,0,0,0,0,0,0,0,0,0,0,0,0,0,0,0,2,38,0,0,0,0,
0,0,0,0,0,0,0,0,0,0,0,0,0,0,0,0,8,2,0,0,19,179,254,255,255,255,255,255,255,255,194,0,84,9,0,0,0,0,0,0,0,0,0,0,31,2,0,0,0,0,0,0,0,0,0,0,0,0,0,0,
0,0,0,0,0,0,0,0,0,0,0,0,0,0,0,0,0,0,3,94,229,255,255,255,255,255,255,255,255,255,220,0,0,0,0,0,0,0,0,0,0,0,0,0,59,144,10,0,0,0,0,0,0,0,0,0,0,0,0,0,
0,0,0,0,0,0,0,0,0,0,0,0,0,0,0,2,59,141,228,254,255,255,255,255,255,255,255,255,255,255,243,0,0,0,0,0,0,0,0,0,0,0,0,0,0,0,3,0,0,0,0,0,0,0,0,0,0,0,0,0,
0,0,0,0,0,0,0,0,0,0,0,0,18,79,149,232,254,255,255,255,255,255,255,255,255,255,255,255,255,255,254,15,0,0,0,0,0,0,0,0,0,0,0,0,0,0,0,0,0,0,0,0,0,0,0,0,0,0,0,0,
0,0,0,0,12,117,1,0,0,0,30,166,250,254,255,255,255,255,255,255,255,255,255,255,255,255,255,255,255,255,254,24,0,0,0,0,0,0,0,0,0,0,0,0,0,0,0,0,0,0,0,0,0,0,0,0,0,0,0,0,
0,0,0,0,0,62,17,0,0,9,231,255,255,255,255,255,255,255,255,255,255,255,255,255,255,255,255,255,255,255,254,25,0,0,0,0,0,0,0,0,0,0,0,0,0,0,0,0,0,0,0,0,32,85,0,0,0,0,0,0,
0,0,0,0,0,0,0,0,0,61,253,255,255,255,255,255,255,255,255,255,255,255,255,255,255,255,255,255,255,255,254,19,0,0,0,0,0,0,0,0,0,0,0,0,0,0,0,0,0,0,0,0,0,0,0,0,0,0,0,0,
0,0,0,0,0,0,0,0,85,252,255,255,255,255,255,255,255,255,255,255,255,255,255,255,255,255,255,255,255,255,248,1,0,0,0,0,0,0,0,0,0,0,0,0,0,0,0,0,0,0,0,0,0,0,0,0,0,0,0,0,
0,0,0,0,3,0,0,0,5,179,254,255,255,255,255,255,255,255,255,255,255,255,255,255,255,255,255,255,255,255,232,0,0,0,0,0,0,0,0,0,0,0,0,0,0,0,0,0,0,0,0,0,0,0,0,0,0,0,0,0,
0,0,0,108,79,0,0,0,0,16,67,172,255,255,255,255,255,255,255,255,255,255,255,255,255,255,255,255,255,255,249,54,33,0,0,0,0,0,0,0,0,0,0,0,0,0,0,0,0,0,0,0,0,0,0,0,0,0,0,0,
0,0,0,0,0,0,0,0,0,0,0,6,117,213,254,255,255,255,255,255,255,255,255,255,255,255,255,255,255,255,255,241,178,1,0,0,0,0,0,0,0,0,0,0,0,0,0,0,0,0,0,0,0,0,0,0,0,0,0,0,
0,0,0,0,0,0,0,21,0,0,0,0,0,51,109,254,255,255,255,255,255,255,255,255,255,255,255,255,255,255,255,118,0,0,0,0,0,0,0,0,0,0,0,0,0,0,0,0,0,0,0,0,0,0,0,0,0,0,0,0,
0,0,0,0,0,0,33,27,0,0,0,0,0,48,3,234,255,255,255,255,255,255,255,255,255,255,255,255,255,255,255,134,0,0,0,0,0,0,0,0,0,0,0,0,0,0,0,0,0,0,0,0,0,0,0,0,0,0,0,0,
0,0,0,0,0,0,0,0,0,0,0,0,0,0,0,125,251,255,255,255,255,255,255,255,255,255,255,255,255,255,255,119,0,0,0,0,0,0,0,0,0,0,0,0,0,0,0,0,0,0,0,0,0,0,0,0,0,0,0,0,
