0,18,60,0,0,0,0,0,0,0,0,0,0,0,0,0,0,0,0,0,0,0,0,0,0,0,0,0,0,0,0,0,0,0,0,0,0,0,0,0,0,0,0,0,0,0,0,0,0,0,0,0,0,0,0,0,0,0,0,0,
0,0,5,0,0,0,0,0,0,0,0,0,0,0,0,0,0,0,0,0,0,0,0,0,0,0,0,0,0,0,0,0,0,0,0,0,0,0,0,0,0,0,0,0,0,0,0,0,0,0,0,0,0,0,0,0,0,0,0,0,
0,0,0,0,0,0,0,0,0,0,0,0,0,0,0,0,0,0,0,0,0,0,0,0,0,0,0,0,0,0,0,0,0,0,0,0,0,0,0,0,0,0,0,0,0,0,0,0,0,0,0,0,0,0,0,0,0,0,0,0,
0,0,0,0,0,0,0,0,0,0,0,0,0,0,0,0,0,0,0,0,0,0,0,0,0,0,0,0,17,66,87,56,3,0,0,0,0,0,0,0,0,0,0,0,0,0,0,0,0,0,0,0,0,0,0,0,0,0,0,0,
0,0,0,0,0,0,0,0,0,0,0,0,0,0,0,0,0,0,0,0,0,0,0,0,0,0,5,138,250,254,255,254,216,68,0,0,0,0,0,2,4,0,0,0,0,0,0,0,0,0,0,0,0,0,0,0,0,0,0,0,
0,0,2,0,0,0,0,0,0,0,0,0,0,0,0,0,0,0,0,0,0,0,0,0,0,25,187,254,255,255,255,255,255,252,150,10,0,0,0,1,26,0,0,0,0,0,0,0,0,0,0,0,0,0,0,0,0,0,0,0,
18,29,64,0,0,0,0,0,0,0,0,0,0,0,0,0,0,0,0,9,0,0,0,0,0,173,254,255,255,255,255,255,255,255,255,147,0,0,0,0,0,0,0,0,0,0,0,0,0,0,0,0,0,0,0,0,0,0,0,0,
0,0,0,0,0,0,0,0,0,0,0,0,0,0,0,0,0,0,0,86,0,0,0,0,43,251,255,255,255,255,255,255,255,255,255,247,32,0,0,0,0,0,0,0,0,0,0,0,0,0,0,0,0,0,0,0,0,0,0,0,
0,0,0,0,0,0,0,0,0,0,0,0,0,0,0,0,0,0,0,0,0,0,0,0,154,254,255,255,255,255,255,255,255,255,255,255,108,0,0,0,0,0,0,0,0,0,0,0,0,0,0,0,0,0,0,0,0,0,0,0,
0,0,0,0,0,0,0,0,0,0,0,0,0,0,0,0,0,0,0,0,0,0,0,0,203,255,255,255,255,255,255,255,255,255,255,255,158,0,0,0,0,0,0,0,0,0,0,0,0,0,0,0,0,0,0,0,0,0,0,0,
0,0,0,0,0,0,0,0,0,0,0,0,0,0,0,0,0,0,0,0,0,0,0,0,150,254,255,255,255,255,255,255,255,255,255,255,183,0,0,0,0,0,0,0,0,0,0,0,0,0,0,1,2,0,0,0,0,0,0,0,
0,0,0,0,0,0,0,0,0,0,0,0,0,0,0,0,0,0,0,22,0,0,0,0,82,252,255,255,255,255,255,255,255,255,255,254,233,10,0,0,0,0,0,0,0,0,0,0,0,0,0,68,41,0,0,0,0,0,0,0,
0,0,0,0,0,0,0,0,0,0,0,0,0,0,0,0,0,0,0,14,0,0,0,0,12,210,254,255,255,255,255,255,255,255,255,255,215,26,0,0,0,0,0,0,0,0,0,0,0,0,0,0,0,0,0,0,0,0,0,0,
0,0,0,0,0,0,0,0,0,0,0,0,0,0,0,0,0,0,0,0,0,0,0,0,1,94,223,255,255,255,255,255,255,255,255,255,228,22,0,0,0,0,0,0,0,0,0,0,0,0,0,0,0,0,0,0,0,0,0,0,
0,0,0,0,0,0,0,0,0,0,0,0,0,0,0,0,0,0,0,0,0,0,0,0,0,0,103,254,255,255,255,255,255,255,201,255,231,15,0,0,0,0,0,0,0,0,0,0,0,0,0,0,0,0,0,0,0,0,0,0,
0,0,0,0,0,0,0,0,0,0,0,0,0,0,0,0,0,0,0,0,0,0,0,0,0,0,2,150,252,255,255,255,254,235,105,254,192,7,0,0,0,0,0,0,0,0,0,0,0,0,0,0,0,0,0,0,0,0,0,0,
0,0,0,0,0,0,0,0,3,16,29,138,216,200,182,164,153,151,146,134,103,80,62,47,33,17,2,14,178,252,255,255,254,166,185,199,28,0,0,0,0,0,0,0,0,0,0,0,0,0,0,0,0,0,0,0,0,0,0,0,
0,0,0,0,0,0,0,0,18,163,247,254,255,255,255,255,255,255,255,255,254,254,255,254,254,254,251,232,221,238,255,255,255,255,227,43,0,0,0,0,0,0,0,0,0,0,0,0,0,0,0,0,0,0,0,0,0,0,0,0,
0,0,0,0,4,44,88,154,232,254,255,255,255,255,255,255,255,255,255,255,255,255,255,255,255,255,255,255,255,255,255,255,255,255,255,224,56,0,0,0,0,0,0,0,0,0,0,0,0,0,0,0,0,0,0,0,0,0,0,0,
0,4,56,142,216,184,174,229,254,255,255,255,255,255,255,255,255,255,255,255,255,255,255,255,255,255,255,255,255,255,255,255,255,255,255,255,248,112,2,0,0,0,0,0,0,0,0,0,0,0,0,0,0,0,0,0,0,0,0,0,
156,225,254,254,255,215,236,247,255,255,255,255,255,255,255,255,254,254,254,248,241,238,243,248,252,254,254,255,255,255,255,255,255,255,255,255,255,254,191,29,0,0,0,0,0,0,0,0,0,0,0,0,0,0,0,0,0,0,0,0,
255,255,255,255,255,254,254,255,255,255,255,255,254,219,157,106,70,41,21,8,5,5,8,13,23,38,61,93,128,234,255,255,255,255,255,255,255,255,255,228,31,0,0,0,0,0,0,0,0,0,0,0,0,0,0,0,0,0,0,0,
255,255,255,255,255,255,255,255,255,255,255,255,254,248,208,89,0,0,0,0,0,39,62,0,0,0,0,0,0,102,254,255,255,255,255,255,254,255,255,254,156,0,0,0,0,0,0,0,0,0,0,0,0,0,0,0,0,0,0,0,
255,255,255,255,255,255,238,236,248,252,254,237,195,170,193,238,84,0,0,0,0,35,27,0,0,0,0,0,0,5,220,255,255,255,255,255,255,255,255,255,203,1,0,0,0,0,0,0,0,0,0,0,0,0,0,0,0,0,0,0,
255,255,255,255,255,254,239,195,112,114,160,74,0,0,28,144,216,5,0,0,0,0,0,0,0,0,0,0,0,0,108,254,255,255,255,255,255,255,255,255,190,1,0,0,0,0,0,0,0,0,0,0,0,0,0,0,0,0,0,0,
165,200,230,249,254,227,134,61,3,0,2,0,0,0,0,67,204,61,0,0,0,0,0,0,0,0,0,0,0,0,17,247,255,255,255,255,255,255,255,255,154,0,0,0,0,0,0,0,0,0,0,0,0,0,0,0,0,0,0,0,
2,18,49,95,152,127,90,43,7,0,0,0,0,0,0,35,187,106,0,0,0,0,0,0,0,0,0,0,0,0,0,190,255,255,255,255,255,255,255,254,87,0,0,0,0,0,0,0,0,0,0,0,0,0,0,0,0,0,0,0,
0,0,0,0,1,8,8,8,0,0,0,0,0,0,0,45,202,92,0,0,0,0,0,0,0,0,85,53,0,0,0,140,255,255,255,255,255,255,255,254,53,0,0,0,0,0,0,0,0,0,0,0,0,0,0,0,0,0,0,0,
0,0,0,0,0,0,0,0,0,0,0,0,10,3,37,162,245,28,0,0,0,0,0,0,0,0,0,0,0,0,0,122,255,255,255,255,255,255,255,254,72,0,0,0,0,0,0,0,0,0,0,0,1,4,0,0,0,0,0,0,
0,0,0,0,0,0,4,0,0,0,0,20,143,234,253,253,151,0,0,0,0,0,0,0,0,0,0,0,0,0,0,163,255,255,255,255,255,255,255,255,106,0,0,0,0,0,0,0,0,0,0,0,101,170,0,0,0,0,0,0,
0,9,11,0,0,1,35,0,0,0,0,7,66,138,177,126,4,0,0,0,0,0,0,0,0,0,0,0,0,0,20,242,255,255,255,255,255,255,255,255,155,0,0,0,0,0,0,0,0,0,0,0,9,30,0,0,0,0,0,0,
0,0,0,0,0,0,0,0,0,0,0,0,0,0,0,0,0,0,0,0,0,0,0,0,0,0,0,0,0,0,43,247,254,255,255,255,255,255,255,255,221,14,0,0,0,0,0,0,0,0,0,0,0,0,0,0,0,0,0,0,
0,0,0,0,0,0,0,0,0,0,0,0,0,0,0,0,0,0,0,0,0,0,0,0,0,0,0,0,0,0,0,52,97,99,254,255,255,255,255,255,254,166,0,0,0,0,0,0,0,0,0,0,0,0,0,0,0,0,0,0,
0,0,0,1,76,0,0,0,0,0,0,0,0,0,0,0,0,0,0,0,0,0,0,0,0,0,0,0,0,0,0,0,0,63,254,255,255,255,255,255,255,143,0,0,0,0,0,0,0,0,0,0,0,0,0,0,0,0,0,0,
0,0,0,5,181,0,0,0,0,0,0,0,0,0,0,0,0,0,0,0,0,0,0,0,0,0,0,0,3,96,0,0,0,150,255,255,255,255,255,255,255,199,1,0,0,0,8,173,12,0,0,0,0,0,0,0,0,0,0,0,
0,0,0,0,10,0,0,0,0,0,0,0,0,0,0,0,0,0,0,0,0,0,0,0,0,0,0,0,0,0,0,0,76,253,255,255,255,255,255,255,255,240,16,0,0,0,62,205,10,0,0,0,0,0,0,0,0,0,0,0,
55,18,0,0,0,0,0,0,0,0,0,0,0,0,0,0,0,0,0,0,0,0,0,0,0,0,0,0,0,0,0,28,235,255,255,255,255,255,255,255,255,254,56,0,0,0,0,0,0,0,0,0,0,0,0,0,0,0,0,0,
2,0,0,0,0,0,0,0,0,0,0,0,0,0,0,0,0,0,0,0,0,0,0,0,0,0,0,0,0,0,2,191,254,255,255,255,255,255,255,255,255,255,111,0,0,0,0,0,0,0,0,0,0,0,0,0,0,0,0,0,
0,0,0,0,0,0,0,0,0,0,0,0,0,0,0,0,0,0,0,0,0,0,0,0,29,4,0,0,0,0,107,254,255,255,255,255,255,255,255,255,255,255,176,0,0,0,0,0,0,0,0,0,0,0,0,0,0,0,0,0,
0,0,0,0,0,0,0,0,0,0,0,0,0,0,0,0,0,0,0,0,0,0,0,0,0,0,0,0,0,23,239,255,255,255,255,255,255,255,255,255,255,255,230,13,0,0,0,0,0,0,0,0,0,0,0,0,0,0,0,0,
0,0,0,0,0,0,0,0,0,0,0,0,0,0,0,0,0,0,0,0,0,0,0,0,0,0,0,0,0,166,255,255,255,255,255,255,255,255,255,255,255,255,254,51,0,0,0,0,0,0,0,0,0,0,0,0,0,0,0,0,
0,0,0,0,0,0,0,0,0,0,0,0,0,0,0,0,0,0,0,0,0,0,0,0,0,0,0,0,69,254,255,255,255,255,255,255,255,255,255,255,255,255,255,107,0,0,0,0,0,0,0,0,0,0,0,0,0,0,0,0,
0,0,0,0,0,0,0,0,0,0,0,0,0,0,0,0,0,0,0,0,0,0,0,0,0,0,0,18,224,255,255,255,255,255,255,255,255,255,255,255,255,255,254,157,0,0,0,0,0,0,0,0,0,0,0,0,0,0,0,0,
0,0,0,0,0,0,0,0,0,0,0,0,0,0,0,0,0,0,0,0,0,0,0,0,0,0,8,188,254,255,255,255,255,255,255,255,255,255,255,255,255,255,255,205,2,0,0,0,0,0,0,0,0,0,0,0,0,0,0,0,
0,0,0,0,0,0,0,0,0,0,0,0,0,0,0,0,0,0,0,0,0,0,0,0,0,35,202,255,255,255,255,255,255,255,255,255,255,255,255,255,255,255,255,239,18,0,0,0,0,0,0,0,0,0,0,0,0,0,0,0,
