0,0,0,0,0,29,33,6,0,0,0,0,0,0,0,0,0,0,0,0,0,0,0,0,0,0,0,0,0,0,0,0,0,0,0,0,0,0,0,0,0,0,0,0,0,0,0,0,0,0,0,0,0,0,0,0,0,0,0,0,
0,4,0,0,0,0,0,0,0,0,0,0,0,0,0,0,0,0,0,0,0,0,0,0,0,0,0,0,0,0,0,0,0,0,0,0,0,0,0,0,0,0,0,0,0,0,0,0,0,0,0,0,0,0,0,0,0,0,0,0,
0,0,0,0,0,0,0,0,0,0,0,0,0,0,0,0,0,0,0,0,0,0,0,0,0,0,0,0,0,0,0,0,0,0,0,0,0,0,0,0,0,0,0,0,0,0,0,0,0,0,0,0,0,0,0,0,0,0,0,0,
0,0,0,0,0,0,0,0,0,0,0,0,0,0,0,0,0,0,0,0,0,0,0,0,0,0,0,0,8,74,121,129,78,5,0,0,0,0,0,0,0,0,0,0,26,0,0,0,0,0,0,0,0,0,0,0,0,0,0,0,
0,0,0,0,0,0,0,0,0,0,0,0,0,0,0,0,0,0,0,0,0,0,0,0,0,0,0,50,228,254,254,255,254,216,65,0,0,0,0,0,0,0,0,0,3,3,0,0,0,0,0,0,0,0,0,0,0,0,0,0,
11,68,11,0,0,0,50,1,0,0,0,0,0,0,0,0,0,0,0,0,0,0,0,0,0,0,104,246,255,255,255,255,255,255,254,158,8,0,0,0,0,0,0,0,0,0,0,0,0,0,0,0,0,0,0,0,0,0,0,0,
0,74,4,0,0,0,3,0,0,0,0,0,0,0,0,0,0,0,0,0,0,0,33,14,0,63,254,255,255,255,255,255,255,255,255,254,129,0,0,0,0,0,0,0,0,0,0,0,0,0,0,0,0,0,0,0,0,0,0,0,
0,0,0,0,0,0,0,0,0,0,0,0,0,0,0,0,0,0,0,0,0,0,15,25,0,166,255,255,255,255,255,255,255,255,255,255,235,18,38,0,0,0,0,0,0,0,0,0,0,0,0,0,0,0,0,0,0,0,0,0,
0,0,0,0,0,0,0,0,0,0,0,0,0,0,0,0,0,0,0,0,4,9,0,0,27,250,255,255,255,255,255,255,255,255,255,255,254,78,0,0,0,0,0,0,0,0,0,0,0,0,0,0,0,0,0,0,0,0,0,0,
0,0,0,0,0,0,0,0,0,0,0,0,0,0,0,0,0,0,0,0,0,0,0,0,87,254,255,255,255,255,255,255,255,255,255,255,254,127,0,0,0,0,0,0,0,0,0,0,0,0,0,0,0,0,0,0,0,0,0,0,
0,0,0,0,0,0,0,0,0,0,0,0,0,0,0,0,0,0,0,0,0,0,19,2,48,254,255,255,255,255,255,255,255,255,255,255,255,154,0,0,0,0,0,0,0,0,0,0,0,0,0,0,0,9,85,40,0,0,0,0,
0,0,0,0,0,0,0,0,0,0,0,0,0,0,0,0,0,0,0,0,0,0,5,0,1,211,255,255,255,255,255,255,255,255,255,255,255,192,1,0,0,0,0,0,0,0,0,0,0,0,0,0,0,0,0,0,0,0,0,0,
0,0,0,0,0,0,0,0,0,0,0,0,0,0,0,0,0,0,0,0,0,0,0,0,0,97,243,255,255,255,255,255,255,255,255,255,255,239,19,0,0,0,0,0,0,0,0,0,0,0,0,0,0,0,0,0,0,0,0,0,
0,0,0,0,0,0,0,0,0,0,0,0,0,0,0,0,0,0,0,0,0,0,0,0,0,19,146,254,255,255,255,255,255,255,255,255,255,243,42,0,0,0,0,0,0,0,0,0,0,0,0,0,0,0,0,0,0,0,0,0,
0,0,0,0,0,0,0,0,0,0,0,0,0,0,0,0,0,0,0,0,0,0,0,0,0,0,13,174,255,255,255,255,255,255,255,244,254,235,36,0,0,0,0,0,0,0,0,0,0,0,0,0,0,0,0,0,0,0,0,0,
0,0,0,0,0,0,0,0,0,0,0,1,0,0,0,0,0,0,0,0,0,0,0,0,0,0,0,88,167,243,254,255,255,255,243,152,254,182,21,0,0,0,0,0,0,0,0,0,0,0,0,0,0,0,0,0,0,0,0,0,
0,0,0,8,0,0,0,0,0,54,93,84,99,62,41,35,33,29,21,1,0,0,0,0,0,0,0,14,31,150,254,255,255,251,163,164,230,37,2,0,0,0,0,0,0,0,0,0,0,0,0,0,0,0,0,0,0,0,0,0,
0,0,0,3,0,0,3,86,173,251,254,254,255,255,254,254,253,254,255,249,232,221,211,199,193,173,163,141,123,124,236,255,255,255,250,177,57,0,0,0,0,0,0,0,0,0,0,0,0,0,0,0,0,0,0,0,0,0,0,0,
0,0,0,0,17,101,191,252,255,255,255,255,255,255,255,255,255,255,255,255,255,255,255,255,255,255,255,255,255,255,255,255,255,255,255,251,124,13,0,0,0,0,0,0,0,0,0,0,0,0,0,0,0,0,0,0,0,0,0,0,
29,94,107,80,180,252,255,255,255,255,255,255,255,255,255,255,255,255,255,255,255,255,255,255,255,255,255,255,255,255,255,255,255,255,255,255,244,212,50,0,0,0,0,0,0,0,0,0,0,0,0,0,0,0,0,0,0,0,0,0,
252,220,201,215,246,254,255,255,255,255,255,255,255,255,255,255,255,255,255,254,254,255,254,255,254,255,255,255,255,255,255,255,255,255,255,255,255,255,250,134,7,0,0,0,0,0,0,0,0,0,0,0,0,0,0,0,0,0,0,0,
255,240,175,238,254,255,255,255,255,255,255,254,253,241,206,176,153,135,121,107,109,116,122,138,159,161,184,211,237,253,255,255,255,255,255,255,255,255,255,255,200,21,0,0,0,0,0,0,0,0,0,0,0,0,0,0,0,0,0,0,
255,254,250,254,255,255,255,255,255,255,253,189,82,1,0,0,0,0,0,0,0,0,0,90,65,0,0,0,2,87,254,255,255,255,255,255,255,254,255,255,254,174,3,0,0,0,0,0,0,0,0,0,0,0,0,0,0,0,0,0,
255,255,255,254,255,254,255,255,255,255,255,254,253,159,2,0,0,0,0,0,0,0,0,0,0,0,0,0,0,0,193,255,255,255,255,255,255,255,255,255,255,235,28,0,0,0,0,0,0,0,0,0,0,0,0,0,0,0,0,0,
255,255,228,180,136,123,177,224,210,88,60,70,147,238,116,0,0,0,0,0,0,0,0,0,0,0,0,0,0,0,41,247,255,255,255,255,255,255,255,255,255,234,35,0,0,0,0,0,0,0,0,0,0,0,0,0,0,0,0,0,
255,248,169,125,98,14,4,59,44,0,0,0,16,160,228,2,0,0,0,0,0,0,0,0,0,0,0,0,0,0,0,140,255,255,255,255,255,255,255,255,255,208,17,0,0,0,0,0,0,0,0,0,0,0,0,0,0,0,0,0,
236,249,215,141,55,0,0,0,0,0,0,0,0,93,239,41,0,0,0,0,0,0,0,0,0,0,0,0,0,5,69,35,254,255,255,255,255,255,255,255,254,153,0,0,0,0,0,0,0,0,0,0,0,0,0,0,0,0,0,0,
37,80,90,42,5,0,0,0,0,0,0,0,0,85,239,49,0,0,0,0,0,0,0,0,0,0,0,0,0,9,51,0,216,255,255,255,255,255,255,255,254,96,0,0,0,0,0,0,0,0,0,0,0,0,0,0,0,0,0,0,
0,0,0,0,0,0,0,0,0,0,0,0,5,151,243,10,0,0,0,0,0,0,0,0,0,0,0,0,0,0,0,0,173,255,255,255,255,255,255,255,254,106,0,0,0,0,0,0,0,0,0,0,7,132,24,0,0,0,0,0,
0,0,0,0,0,1,0,0,1,67,108,86,177,251,155,0,0,0,0,0,0,0,0,0,0,0,0,0,0,0,0,0,166,255,255,255,255,255,255,255,254,123,0,0,0,0,0,0,0,0,0,0,45,198,11,0,0,0,0,0,
0,0,0,0,0,9,5,0,12,145,241,254,254,203,16,0,0,0,0,0,0,0,0,0,0,0,0,0,0,0,0,0,213,255,255,255,255,255,255,255,254,150,0,0,0,0,0,0,0,0,0,0,0,0,0,0,0,0,0,0,
0,0,0,0,0,0,0,0,0,22,74,112,93,8,0,0,0,0,0,0,0,0,0,0,0,0,0,0,0,0,0,73,254,255,255,255,255,255,255,255,255,205,29,0,0,0,0,0,0,0,0,0,0,0,0,0,0,0,0,0,
0,0,0,0,0,59,64,0,0,0,0,0,0,0,0,0,0,0,0,0,0,0,0,0,0,0,0,0,0,0,0,73,253,249,249,255,255,255,255,255,255,251,118,3,0,0,0,0,0,0,0,0,0,0,0,0,0,0,0,0,
0,0,0,0,0,44,92,0,0,0,0,0,0,0,0,0,0,0,0,0,0,0,0,0,0,0,0,0,0,0,0,1,43,37,131,255,255,255,255,255,255,255,201,6,0,116,134,0,0,0,0,0,0,0,0,0,0,0,0,0,
0,0,0,0,0,0,0,0,0,0,0,0,0,0,0,0,0,0,0,0,0,0,0,0,0,0,0,0,0,0,0,14,87,0,167,255,255,255,255,255,255,255,184,1,37,215,90,0,0,0,0,0,0,0,0,0,0,0,0,0,
0,0,0,5,6,0,0,0,0,0,0,0,0,0,0,0,0,0,0,0,0,0,0,0,0,0,0,0,0,0,0,0,0,10,213,255,255,255,255,255,255,255,236,21,0,0,0,0,0,0,0,0,0,0,0,0,0,0,0,0,
0,0,3,49,5,0,0,0,0,0,0,0,0,0,0,0,0,0,0,0,0,0,0,0,0,0,0,0,0,0,0,0,0,152,255,255,255,255,255,255,255,255,254,71,0,0,0,0,0,0,0,0,0,0,0,0,0,0,0,0,
0,0,0,0,0,0,0,0,0,0,0,0,0,0,0,0,0,0,0,0,0,0,0,0,0,0,0,0,0,0,0,0,91,254,255,255,255,255,255,255,255,255,255,137,0,0,0,0,0,0,0,0,0,0,0,0,0,0,0,0,
0,0,0,0,0,0,0,0,0,0,0,0,0,0,0,0,0,0,0,0,0,0,0,0,0,0,0,18,4,0,0,37,243,255,255,255,255,255,255,255,255,255,255,197,3,0,0,0,0,0,0,0,0,0,0,0,0,0,0,0,
0,0,0,0,0,0,0,0,0,0,0,0,0,0,0,0,0,0,0,0,0,0,0,0,0,0,0,0,0,0,1,193,255,255,255,255,255,255,255,255,255,255,255,238,27,0,0,0,0,0,0,0,0,0,0,0,0,0,0,0,
0,0,0,0,0,0,0,0,0,0,0,0,0,0,0,0,0,0,0,0,0,0,0,0,0,0,0,0,0,0,93,254,255,255,255,255,255,255,255,255,255,255,255,254,74,0,0,0,0,0,0,0,0,0,0,0,0,0,0,0,
0,0,0,0,0,0,0,0,0,0,0,0,0,0,0,0,0,0,0,0,0,0,0,0,0,0,0,0,0,14,228,255,255,255,255,255,255,255,255,255,255,255,255,254,131,0,0,0,0,0,0,0,0,0,0,0,0,0,0,0,
0,0,0,0,0,0,0,0,0,0,0,0,0,0,0,0,0,0,0,0,0,0,0,0,0,0,0,0,0,145,255,255,255,255,255,255,255,255,255,255,255,255,255,255,184,1,0,0,0,0,0,0,0,0,0,0,0,0,0,0,
0,0,0,0,0,0,0,0,0,0,0,0,0,0,0,0,0,0,0,0,0,0,0,0,0,0,0,0,64,252,255,255,255,255,255,255,255,255,255,255,255,255,255,255,221,15,0,0,0,0,0,0,0,0,0,0,0,0,0,0,
0,0,0,0,0,0,0,0,0,0,0,0,0,0,0,0,0,0,0,0,0,0,0,0,0,0,0,50,232,254,255,255,255,255,255,255,255,255,255,255,255,255,255,255,247,38,0,0,0,0,0,0,0,0,0,0,0,0,0,0,
