0,0,0,0,0,0,0,0,0,0,0,0,0,0,0,0,0,0,0,0,0,0,0,0,103,255,255,255,255,255,255,255,255,255,255,255,255,255,255,244,5,0,0,0,0,0,0,0,146,255,255,255,255,255,255,255,255,255,255,255,
0,0,0,0,0,0,0,0,0,0,0,0,0,0,0,0,0,0,0,0,0,0,0,0,53,253,255,255,255,255,255,255,255,255,255,255,255,255,255,207,0,0,0,0,0,0,0,0,70,254,255,255,255,255,255,255,255,255,255,255,
0,0,0,0,0,0,0,0,0,0,0,0,0,0,0,0,0,0,0,0,0,0,0,0,7,226,255,255,255,255,255,255,255,255,255,255,255,255,255,169,0,0,0,0,0,0,0,0,163,255,255,255,255,255,255,255,255,255,255,255,
0,0,0,0,0,0,0,0,0,0,0,0,0,0,0,0,0,0,0,0,0,0,0,0,0,125,254,255,255,255,255,255,255,255,255,255,255,255,255,131,0,0,0,0,0,0,0,15,246,255,255,255,255,255,255,255,255,255,255,255,
0,0,0,0,0,0,0,0,0,0,0,0,0,0,0,0,0,0,0,0,0,0,0,0,0,15,201,254,254,254,255,255,255,255,255,255,255,255,254,85,0,0,0,0,0,0,0,102,255,255,255,255,255,255,255,255,255,255,255,255,
0,0,0,0,0,0,0,0,0,0,0,0,0,0,0,0,0,0,0,0,0,0,0,0,0,0,12,96,106,93,254,255,255,255,255,255,255,255,254,43,0,0,0,0,0,0,0,203,255,255,255,255,255,255,255,255,255,255,255,252,
0,0,0,0,0,0,0,0,0,0,0,0,0,0,0,0,0,0,0,0,0,0,0,0,0,0,0,0,0,69,254,255,255,255,255,255,255,255,247,6,0,0,0,0,0,0,46,254,255,255,255,255,255,255,255,255,255,255,254,165,
0,0,0,0,0,0,0,0,0,0,0,0,0,0,0,0,0,0,0,0,0,0,0,0,0,0,0,0,0,99,255,255,255,255,255,255,255,255,207,0,0,0,0,0,0,0,148,255,255,255,255,255,255,255,255,255,255,255,247,35,
0,0,0,0,0,0,0,0,0,0,0,0,0,0,0,0,0,0,0,0,0,0,0,0,0,0,0,0,15,215,255,255,255,255,255,255,255,255,161,0,0,0,0,0,0,11,239,255,255,255,255,255,255,255,255,255,255,254,144,0,
0,0,0,0,0,0,0,0,0,0,0,0,0,0,0,0,0,0,0,0,0,0,0,0,0,0,0,0,149,254,255,255,255,255,255,255,255,255,113,0,0,0,0,0,0,102,255,255,255,255,255,255,255,255,255,255,255,242,22,0,
0,0,0,0,0,0,0,0,0,0,0,0,0,0,0,0,0,0,0,0,0,0,0,0,0,0,0,63,252,255,255,255,255,255,255,255,255,254,60,0,0,0,0,0,0,210,255,255,255,255,255,255,255,255,255,255,255,130,0,0,
0,0,0,0,0,0,0,0,0,0,0,0,0,0,0,0,0,0,0,0,0,0,0,0,0,0,11,218,254,255,255,255,255,255,255,255,255,246,9,0,0,0,0,0,63,254,255,255,255,255,255,255,255,255,255,255,237,17,0,0,
0,0,0,0,0,0,0,0,0,0,0,0,0,0,0,0,0,0,0,0,0,0,0,0,0,0,146,254,255,255,255,255,255,255,255,255,255,185,0,0,0,0,0,0,179,255,255,255,255,255,255,255,255,255,255,254,127,0,0,0,
0,0,0,0,0,0,0,0,0,0,0,0,0,0,0,0,0,0,0,0,0,0,0,0,0,67,252,255,255,255,255,255,255,255,255,255,254,78,0,0,0,0,0,47,253,255,255,255,255,255,255,255,255,255,255,238,17,0,0,0,
0,0,0,0,0,0,0,0,0,0,0,0,0,0,0,0,0,0,0,0,0,0,0,0,17,225,255,255,255,255,255,255,255,255,255,255,155,0,0,0,0,0,0,173,255,255,255,255,255,255,255,255,255,255,255,132,0,0,0,0,
0,0,0,0,0,0,0,0,0,0,0,0,0,0,0,0,0,0,0,0,0,0,0,0,170,255,255,255,255,255,255,255,255,255,255,200,7,0,0,0,0,0,52,253,255,255,255,255,255,255,255,255,255,255,245,22,0,0,0,0,
0,0,0,0,0,0,0,0,0,0,0,0,0,0,0,0,0,0,0,0,0,0,0,105,254,255,255,255,255,255,255,255,255,255,234,27,0,0,0,0,0,1,196,255,255,255,255,255,255,255,255,255,255,255,152,0,0,0,0,0,
0,0,0,0,0,0,0,0,0,0,0,0,0,0,0,0,0,0,0,0,0,0,56,247,255,255,255,255,255,255,255,255,255,251,67,0,0,0,0,0,0,101,255,255,255,255,255,255,255,255,255,255,255,253,42,0,0,0,0,0,
0,0,0,0,0,0,0,0,0,0,0,0,0,0,0,0,0,0,0,0,0,31,229,255,255,255,255,255,255,255,255,255,255,128,0,0,0,0,0,0,31,239,255,255,255,255,255,255,255,255,255,255,255,192,0,0,0,0,0,0,
0,0,0,0,0,0,0,0,0,0,0,0,0,0,0,0,0,0,0,0,23,213,254,255,255,255,255,255,255,255,255,255,190,2,0,0,0,0,0,3,195,255,255,255,255,255,255,255,255,255,255,255,254,96,0,0,0,0,0,0,
0,0,0,0,0,0,0,0,0,0,0,0,0,0,0,0,0,0,0,24,212,255,255,255,255,255,255,255,255,255,255,237,28,0,0,0,0,0,0,120,254,255,255,255,255,255,255,255,255,255,255,255,249,16,0,0,0,0,0,0,
0,0,0,0,0,0,0,0,0,0,0,0,0,0,0,0,0,0,35,219,255,255,254,255,255,255,255,255,255,255,254,92,0,0,0,0,0,0,52,249,255,255,255,255,255,255,255,255,255,255,255,255,189,0,0,0,0,0,0,0,
0,0,0,0,0,0,0,0,0,0,0,0,0,0,0,0,0,46,231,255,255,255,255,255,255,255,255,255,255,255,178,0,0,0,0,0,0,1,201,255,255,255,255,255,255,255,255,255,255,255,255,255,119,0,0,0,0,0,0,0,
0,0,0,0,0,0,0,0,0,0,0,0,0,0,0,0,53,239,255,254,255,255,255,255,255,255,255,255,255,244,31,0,0,0,0,0,0,81,255,255,255,255,255,255,255,255,255,255,255,255,255,254,59,0,0,0,0,0,0,0,
0,0,0,0,0,0,0,0,0,0,0,0,0,0,0,32,234,255,255,255,255,255,255,255,255,255,255,255,254,129,0,0,0,0,0,0,0,181,255,255,255,255,255,255,255,255,255,255,255,255,255,247,9,0,0,0,0,0,0,0,
0,0,0,0,0,0,0,0,0,0,0,0,0,0,0,187,255,255,255,255,255,255,255,255,255,255,255,255,237,14,0,0,0,0,0,0,0,73,247,255,255,255,255,255,255,255,255,255,255,255,255,195,0,0,0,0,0,0,0,0,
0,0,0,0,0,0,0,0,0,0,0,0,0,0,0,64,240,255,255,255,255,255,255,255,255,255,255,255,131,0,0,0,0,0,0,0,0,0,99,255,255,255,255,255,255,255,255,255,255,255,255,123,0,0,0,0,0,0,0,0,
0,0,0,0,0,0,0,0,0,0,0,0,0,0,0,0,126,254,255,255,255,255,255,255,255,255,255,250,27,0,0,0,0,0,0,0,0,28,222,255,255,255,255,255,255,255,255,255,255,255,255,59,0,0,0,0,0,0,0,0,
0,0,0,0,0,0,0,0,0,0,0,0,0,0,0,78,245,254,255,255,255,255,254,255,255,255,255,176,0,0,0,0,0,0,0,0,0,184,254,255,255,255,255,255,255,255,255,255,255,255,217,1,0,0,0,0,0,0,0,0,
0,0,0,0,0,0,0,0,0,0,0,0,0,0,82,252,255,255,255,255,255,255,255,255,255,255,254,73,0,0,0,0,0,0,0,0,72,254,255,255,255,255,255,255,255,255,255,255,255,254,109,0,0,0,0,0,0,0,0,0,
0,0,0,0,0,0,0,0,0,0,0,0,0,28,239,255,255,255,255,255,255,255,255,255,255,255,207,0,0,0,0,0,0,0,0,1,206,255,255,255,255,255,255,255,255,255,255,255,254,208,11,0,0,0,0,0,0,0,0,0,
0,0,0,0,0,0,0,0,0,0,0,0,1,175,255,255,255,255,255,255,255,255,255,255,255,254,88,7,3,0,0,0,0,0,0,93,254,255,255,255,255,255,255,255,255,255,255,255,171,0,0,0,0,0,0,0,0,0,0,0,
2,15,38,65,86,107,128,151,173,192,201,221,227,254,255,255,255,255,255,255,255,255,255,255,255,254,249,241,231,222,200,187,169,142,119,229,255,255,255,255,255,255,255,255,255,255,255,255,190,0,0,0,0,0,0,0,0,0,0,0,
225,248,254,254,254,255,255,255,255,255,255,255,255,255,255,255,255,255,255,255,255,255,255,255,255,255,255,255,255,255,255,255,255,255,254,255,255,255,255,255,255,255,255,255,255,255,255,255,198,0,0,0,0,0,0,0,0,0,0,0,
250,255,255,255,255,255,255,255,255,255,255,255,255,255,255,255,255,255,255,255,255,255,255,255,255,255,255,255,255,255,255,255,255,255,255,255,255,255,255,255,255,255,255,255,255,255,255,255,205,6,0,0,0,0,0,0,0,0,0,0,
250,255,255,255,255,255,255,255,255,255,255,255,255,255,255,255,255,255,255,255,255,255,255,255,255,255,255,255,255,255,255,254,255,255,255,255,255,255,255,255,255,255,255,255,255,255,255,255,254,233,172,107,39,3,0,0,0,0,0,0,
250,255,255,255,255,255,255,255,255,255,255,255,255,255,255,255,255,255,255,255,255,255,255,255,255,255,255,255,255,255,255,255,255,255,255,255,255,255,255,255,255,255,255,255,255,255,255,255,255,255,255,255,253,226,158,77,13,0,0,0,
250,255,255,255,255,255,255,255,255,254,253,254,253,254,255,255,255,255,255,255,255,255,255,255,227,215,224,234,247,251,254,255,255,255,255,255,255,255,255,255,255,255,255,255,255,255,255,255,255,255,255,255,255,255,255,254,240,174,92,19,
227,210,183,154,130,111,92,73,54,33,34,222,167,254,255,255,255,255,255,255,255,255,254,253,32,0,1,3,12,20,31,50,71,96,124,150,189,255,255,255,255,255,255,255,255,255,255,255,255,255,255,255,255,255,255,255,255,255,254,238,
4,0,0,0,0,0,0,0,0,0,0,9,57,254,255,224,254,255,180,254,246,89,210,116,0,0,0,0,0,0,0,0,0,0,0,0,69,254,255,230,255,254,225,255,255,255,255,255,255,255,255,255,255,255,255,255,255,255,255,250,
0,0,0,0,0,0,0,0,0,0,0,0,14,226,242,45,198,214,17,133,81,0,0,0,0,0,0,0,0,0,0,0,0,0,0,0,110,255,250,183,254,238,199,255,254,254,246,157,213,251,254,255,255,255,255,255,255,255,255,250,
0,0,0,0,0,0,0,0,0,0,0,0,0,16,36,0,2,7,0,0,0,0,0,0,0,0,0,0,0,0,0,0,0,0,0,1,194,255,214,218,255,254,254,254,79,134,83,0,1,31,94,158,219,253,255,255,255,255,255,251,
0,0,0,0,0,0,0,0,0,0,0,0,0,0,0,0,0,0,0,0,0,0,0,0,0,0,0,0,0,0,0,0,0,0,0,87,254,255,255,255,248,214,254,158,0,0,0,0,0,0,0,0,2,44,119,197,249,254,255,251,
0,0,0,0,0,0,0,0,0,0,0,0,0,0,0,0,0,0,0,0,0,0,0,0,0,0,0,0,0,0,0,0,0,0,0,51,191,142,213,246,88,0,7,0,0,0,0,0,0,0,0,0,0,0,0,0,27,100,187,244,
0,0,0,0,0,0,0,0,0,0,0,0,0,0,0,0,0,0,0,0,0,0,0,0,0,0,0,0,0,0,0,0,0,0,0,0,0,0,3,10,0,0,0,0,0,0,0,0,0,0,0,0,0,0,0,0,0,0,0,27,
