0,0,0,0,0,0,0,0,0,0,0,0,0,0,0,0,0,0,0,0,0,89,255,255,255,255,255,255,255,255,255,255,255,255,255,255,255,255,252,103,3,1,221,255,255,255,255,255,255,255,255,251,188,133,73,12,0,0,0,0,
0,0,0,0,0,0,0,0,0,0,0,0,0,0,0,0,0,0,0,0,0,105,255,255,255,255,255,255,255,255,255,255,255,255,255,255,255,255,227,0,0,0,150,255,255,255,255,255,255,255,255,244,48,0,0,0,0,0,0,0,
0,0,0,0,0,0,0,0,0,0,0,0,0,0,0,0,0,0,0,0,0,51,254,255,255,255,255,255,255,255,255,255,255,255,255,255,255,255,196,0,0,0,78,255,255,255,255,255,255,255,255,252,74,0,0,0,0,0,0,0,
0,0,0,0,0,0,0,0,0,0,0,0,0,0,0,0,0,0,0,0,0,0,206,255,255,255,255,255,255,255,255,255,255,255,255,255,255,255,161,0,0,0,14,249,255,255,255,255,255,255,255,254,104,0,0,0,0,0,0,0,
0,0,0,0,0,0,0,0,0,0,0,0,0,0,0,0,0,0,0,0,0,0,56,248,255,255,255,255,255,254,216,255,255,255,255,255,255,255,122,0,0,0,0,192,255,255,255,255,255,255,255,254,135,0,0,0,0,0,0,0,
0,0,0,0,0,0,0,0,0,0,0,0,0,0,0,0,0,0,0,0,0,0,0,73,237,255,255,254,153,54,80,254,255,255,255,255,255,254,89,0,0,0,0,125,255,255,255,255,255,255,255,255,159,1,0,0,0,0,0,0,
0,0,0,0,0,0,0,0,0,0,0,0,0,0,0,0,0,0,0,0,0,0,0,0,18,104,120,49,0,0,101,255,255,255,255,255,255,255,49,0,0,0,0,59,255,255,255,255,255,255,255,255,182,6,0,0,0,0,0,0,
0,0,0,0,0,0,0,0,0,0,0,0,0,0,0,0,0,0,0,0,0,0,0,0,0,0,0,0,0,0,122,255,255,255,255,255,255,253,12,0,0,0,0,100,255,255,255,255,255,255,255,255,197,5,0,0,0,0,0,0,
0,0,0,0,0,0,0,0,0,0,0,0,0,0,0,0,0,0,0,0,0,0,0,0,0,0,0,0,0,0,140,255,255,255,255,255,255,225,0,0,0,0,0,154,255,255,255,255,255,255,255,255,175,1,0,0,0,0,0,0,
0,0,0,0,0,0,0,0,0,0,0,0,0,0,0,0,0,0,0,0,0,0,0,0,0,0,0,0,0,0,161,255,255,255,255,255,255,185,0,0,0,0,0,196,255,255,255,255,255,255,255,254,103,0,0,0,0,0,0,0,
0,0,0,0,0,0,0,0,0,0,0,0,0,0,0,0,0,0,0,0,0,0,0,0,0,0,0,0,0,17,226,255,255,255,255,255,255,143,0,0,0,0,2,243,255,255,255,255,255,255,255,245,27,0,0,0,0,0,0,0,
0,0,0,0,0,0,0,0,0,0,0,0,0,0,0,0,0,0,0,0,0,0,0,0,0,0,0,0,0,132,255,255,255,255,255,255,255,102,0,0,0,0,37,255,255,255,255,255,255,255,255,186,1,0,0,0,0,0,0,0,
0,0,0,0,0,0,0,0,0,0,0,0,0,0,0,0,0,0,0,0,0,0,0,0,0,0,0,0,25,239,255,255,255,255,255,255,254,58,0,0,0,0,88,255,255,255,255,255,255,255,254,107,0,0,0,0,0,0,0,0,
0,0,0,0,0,0,0,0,0,0,0,0,0,0,0,0,0,0,0,0,0,0,0,0,0,0,0,0,145,254,255,255,255,255,255,255,246,10,0,0,0,0,140,255,255,255,255,255,255,255,250,33,0,0,0,0,0,0,0,0,
0,0,0,0,0,0,0,0,0,0,0,0,0,0,0,0,0,0,0,0,0,0,0,0,0,0,0,38,245,255,255,255,255,255,255,255,151,0,0,0,0,0,195,255,255,255,255,255,255,255,205,2,0,0,0,0,0,0,0,0,
0,0,0,0,0,0,0,0,0,0,0,0,0,0,0,0,0,0,0,0,0,0,0,0,0,0,0,168,255,255,255,255,255,255,255,233,17,0,0,0,0,7,246,255,255,255,255,255,255,255,135,0,0,0,0,0,0,0,0,0,
0,0,0,0,0,0,0,0,0,0,0,0,0,0,0,0,0,0,0,0,0,0,0,0,0,0,63,250,255,255,255,255,255,255,255,92,0,0,0,0,0,63,254,255,255,255,255,255,255,254,65,0,0,0,0,0,0,0,0,0,
0,0,0,0,0,0,0,0,0,0,0,0,0,0,0,0,0,0,0,0,0,0,0,0,0,9,203,255,255,255,255,255,255,255,194,1,0,0,0,0,0,136,255,255,255,255,255,255,255,243,13,0,0,0,0,0,0,0,0,0,
0,0,0,0,0,0,0,0,0,0,0,0,0,0,0,0,0,0,0,0,0,0,0,0,0,117,254,255,255,255,255,255,255,252,49,0,0,0,0,0,0,217,255,255,255,255,255,255,255,196,0,0,0,0,0,0,0,0,0,0,
0,0,0,0,0,0,0,0,0,0,0,0,0,0,0,0,0,0,0,0,0,0,0,0,50,241,255,255,255,255,255,255,255,158,0,0,0,0,0,0,58,254,255,255,255,255,255,255,255,146,0,0,0,0,0,0,0,0,0,0,
0,0,0,0,0,0,0,0,0,0,0,0,0,0,0,0,0,0,0,0,0,0,0,20,208,255,255,255,255,255,255,255,246,26,0,0,0,0,0,0,167,255,255,255,255,255,255,255,255,105,0,0,0,0,0,0,0,0,0,0,
0,0,0,0,0,0,0,0,0,0,0,0,0,0,0,0,0,0,0,0,0,0,10,175,254,255,255,255,255,255,255,255,145,0,0,0,0,0,0,34,251,255,255,255,255,255,255,255,254,77,0,0,0,0,0,0,0,0,0,0,
0,0,0,0,0,0,0,0,0,0,0,0,0,0,0,0,0,0,0,0,0,5,154,254,255,255,255,255,255,255,255,250,27,0,0,0,0,0,0,154,255,255,255,255,255,255,255,255,254,60,0,0,0,0,0,0,0,0,0,0,
0,0,0,0,0,0,0,0,0,0,0,0,0,0,0,0,0,0,0,0,1,124,252,255,255,255,255,255,255,255,255,169,0,0,0,0,0,0,22,248,255,255,255,255,255,255,255,255,255,46,0,0,0,0,0,0,0,0,0,0,
0,0,0,0,0,0,0,0,0,0,0,0,0,0,0,0,0,0,0,0,70,245,255,255,255,255,255,255,255,255,254,73,0,0,0,0,0,0,105,255,255,255,255,255,255,255,255,255,254,31,0,0,0,0,0,0,0,0,0,0,
0,0,0,0,0,0,0,0,0,0,0,0,0,0,0,0,0,0,0,2,170,254,255,255,255,255,255,255,255,255,242,6,0,0,0,0,0,0,152,255,255,255,255,255,255,255,255,255,254,20,0,0,0,0,0,0,0,0,0,0,
0,0,0,0,0,0,0,0,0,0,0,0,0,0,0,0,0,0,0,0,8,185,255,255,255,255,255,255,255,255,178,0,0,0,0,0,0,0,29,213,255,255,255,255,255,255,255,255,235,2,0,0,0,0,0,0,0,0,0,0,
0,0,0,0,0,0,0,0,0,0,0,0,0,0,0,0,0,0,0,12,170,254,255,255,255,255,255,255,255,255,109,0,0,0,0,0,0,0,22,230,255,255,255,255,255,255,255,255,177,0,0,0,0,0,0,0,0,0,0,0,
0,0,0,0,0,0,0,0,0,0,0,0,0,0,0,0,0,0,2,139,254,255,255,255,255,255,255,255,255,254,28,0,0,0,0,0,0,0,138,255,255,255,255,255,255,255,255,239,69,0,0,0,0,0,0,0,0,0,0,0,
0,0,0,0,0,0,0,0,0,0,0,0,0,0,0,0,0,0,68,243,255,255,255,255,255,255,255,255,255,183,0,0,0,0,0,0,0,9,238,255,255,255,255,255,255,255,254,74,0,0,0,0,0,0,0,0,0,0,0,0,
0,0,0,0,0,9,38,63,86,109,136,159,176,191,205,221,234,251,254,255,255,255,255,255,255,255,255,255,255,247,227,213,192,172,148,125,91,128,254,255,255,255,255,255,255,255,255,103,0,0,0,0,0,0,0,0,0,0,0,0,
93,131,166,200,229,252,254,254,254,254,255,255,255,255,255,255,255,255,255,255,255,255,255,255,255,255,255,255,255,255,255,255,255,255,255,255,255,254,255,255,255,255,255,255,255,255,254,120,0,0,0,0,0,0,0,0,0,0,0,0,
255,255,255,255,255,255,255,255,255,255,255,255,255,255,255,255,255,255,255,255,255,255,255,255,255,255,255,255,255,255,255,255,255,255,255,255,255,255,255,255,255,255,255,255,255,255,255,166,14,0,0,0,0,0,0,0,0,0,0,0,
255,255,255,255,255,255,255,255,255,255,255,255,255,255,255,255,255,255,255,255,255,255,255,255,255,255,255,255,255,255,255,255,255,255,255,255,255,255,255,255,255,255,255,255,255,255,255,255,249,186,115,39,0,0,0,0,0,0,0,0,
255,255,255,255,255,255,255,255,255,255,255,255,255,254,254,254,252,250,244,248,255,255,255,254,254,255,255,254,239,241,246,252,254,254,254,254,255,255,255,255,255,255,255,255,255,255,255,255,255,255,255,254,204,119,27,0,0,0,0,0,
255,255,255,255,254,249,229,203,178,156,132,109,89,71,56,40,28,16,25,152,182,139,167,102,123,144,137,121,12,11,21,32,48,65,87,113,142,173,232,255,254,255,254,255,255,255,255,255,255,255,255,255,255,255,253,187,84,6,0,0,
180,139,104,71,38,12,1,0,0,0,0,0,0,0,0,0,0,0,0,2,0,0,0,0,0,0,0,0,0,0,0,0,0,0,0,0,0,0,114,242,159,249,129,213,219,250,254,255,255,255,255,255,255,255,255,255,255,233,132,25,
0,0,0,0,0,0,0,0,0,0,0,0,0,0,0,0,0,0,0,0,0,0,0,0,0,0,0,0,0,0,0,0,0,0,0,0,0,0,1,17,8,39,0,1,2,29,79,146,213,251,254,255,255,255,255,255,255,255,255,247,
0,0,0,0,0,0,0,0,0,0,0,0,0,0,0,0,0,0,0,0,0,0,0,0,0,0,0,0,0,0,0,0,0,0,0,0,0,0,0,0,0,0,0,0,0,0,0,0,1,35,103,184,246,254,255,255,255,255,255,255,
0,0,0,0,0,0,0,0,0,0,0,0,0,0,0,0,0,0,0,0,0,0,0,0,0,0,0,0,0,0,0,0,0,0,0,0,0,0,0,0,0,0,0,0,0,0,0,0,0,0,0,0,23,99,188,250,254,255,255,255,
0,0,0,0,0,0,0,0,0,0,0,0,0,0,0,0,0,0,0,0,0,0,0,0,0,0,0,0,0,0,0,0,0,0,0,0,0,0,0,0,0,0,0,0,0,0,0,0,0,0,0,0,0,0,0,36,131,225,254,255,
0,0,0,0,0,0,0,0,0,0,0,0,0,0,0,0,0,0,0,0,0,0,0,0,0,0,0,0,0,0,0,0,0,0,0,0,0,0,0,0,0,0,0,0,0,0,0,0,0,0,0,0,0,0,0,0,0,5,86,201,
0,0,0,0,0,0,0,0,0,0,0,0,0,0,0,0,0,0,0,0,0,0,0,0,0,0,0,0,0,0,0,0,0,0,0,0,0,0,0,0,0,0,0,0,0,0,0,0,0,0,0,0,0,0,0,0,0,0,0,1,
0,0,0,0,0,0,0,0,0,0,0,0,0,0,0,0,0,0,0,0,0,0,0,0,0,0,0,0,0,0,0,0,0,0,0,0,0,0,0,0,0,0,0,0,0,0,0,0,0,0,0,0,0,0,0,0,0,0,0,0,
0,0,0,0,0,0,0,0,0,0,0,0,0,0,0,0,0,0,0,0,0,0,0,0,0,0,0,0,0,0,0,0,0,0,0,0,0,0,0,0,0,0,0,0,0,0,0,0,0,0,0,0,0,0,0,0,0,0,0,0,
