0,0,0,0,0,0,0,0,0,0,0,0,0,0,0,0,0,0,0,0,0,0,0,0,0,0,0,0,0,0,0,0,0,0,0,0,0,0,0,0,0,0,0,0,0,0,0,0,0,0,0,0,0,0,0,0,0,0,0,0,
0,0,0,0,0,0,0,0,0,0,0,0,0,0,0,0,0,0,0,0,0,0,0,0,0,0,0,0,0,0,0,0,0,0,0,0,0,0,0,0,0,0,0,0,0,0,0,0,0,0,0,0,0,0,0,0,0,0,0,0,
0,0,0,0,0,0,0,0,0,0,0,0,0,0,0,0,0,0,0,0,0,0,0,0,0,0,0,0,0,0,0,0,0,0,0,0,0,0,0,0,0,0,0,0,0,0,0,0,0,0,0,0,0,0,0,0,0,0,0,0,
0,0,0,0,0,0,0,0,0,0,0,0,0,0,0,0,0,0,0,0,0,0,0,0,0,0,0,0,0,0,0,0,0,0,0,0,0,0,0,0,0,0,0,0,0,31,84,86,74,54,41,28,18,5,0,2,108,54,0,0,
0,0,0,0,0,0,0,0,0,0,0,0,0,0,0,0,0,0,0,0,0,0,0,0,0,0,0,0,0,0,0,0,0,0,0,0,0,0,0,0,0,0,0,0,18,218,254,255,254,252,246,234,219,194,79,122,253,102,0,0,
0,0,0,0,0,0,0,0,0,0,0,0,0,0,0,0,0,0,0,0,0,0,0,0,0,0,0,0,0,0,0,0,0,0,0,0,0,0,0,0,0,0,0,0,133,254,255,255,255,255,255,255,255,255,236,251,254,200,21,0,
0,0,0,0,0,0,0,0,0,0,0,0,0,0,0,0,0,0,0,0,0,0,0,0,0,0,0,0,0,0,0,0,0,0,0,0,0,0,0,0,0,0,0,21,239,255,255,255,255,255,255,255,255,255,255,255,255,253,131,0,
0,0,0,0,0,0,0,0,0,0,0,0,0,0,0,0,0,0,0,0,0,0,0,0,0,0,0,0,0,0,0,0,0,0,0,0,0,0,0,0,13,55,77,172,255,255,255,255,255,255,255,255,255,255,255,255,240,110,20,0,
0,0,0,0,0,0,0,0,0,0,0,0,0,0,0,0,0,0,0,0,0,0,0,0,0,0,0,0,0,0,0,0,0,0,0,0,0,0,0,0,50,203,252,254,255,255,255,255,255,255,255,255,255,255,255,255,228,18,0,0,
0,0,0,0,0,0,0,0,0,0,0,0,0,0,0,0,0,0,0,0,0,0,0,0,0,0,0,0,0,0,0,0,0,0,0,0,0,0,0,0,0,0,192,255,255,255,255,255,255,255,255,255,255,255,255,255,252,203,118,0,
0,0,0,0,0,0,0,0,0,0,0,0,0,0,0,0,0,0,0,0,0,0,0,0,0,0,0,0,0,0,0,0,0,0,0,0,0,0,0,0,0,52,254,255,255,255,255,255,255,255,255,255,255,255,255,156,110,100,75,0,
66,27,0,0,0,0,0,0,0,0,0,0,0,0,0,0,0,0,0,0,0,0,0,0,0,0,0,0,0,0,0,0,0,0,0,0,0,0,0,0,0,127,255,255,255,255,255,255,255,255,255,255,255,255,255,78,0,0,0,0,
254,122,0,0,0,0,0,0,0,0,0,0,0,0,0,0,0,0,0,0,0,0,0,0,0,0,0,0,0,0,0,0,0,0,0,0,0,0,0,0,0,139,255,255,255,255,255,255,255,255,255,255,255,255,254,46,0,0,0,0,
213,8,0,0,0,0,0,0,0,0,0,0,0,0,0,0,0,0,0,0,0,0,0,0,0,0,0,0,0,0,0,0,0,0,0,0,0,0,0,0,55,223,255,255,255,255,255,255,255,255,255,255,255,255,218,2,0,0,0,0,
254,230,170,107,51,4,0,0,0,0,0,0,0,0,0,0,0,0,0,0,0,0,0,0,0,0,0,0,0,0,0,0,0,0,0,0,0,0,0,0,173,255,255,255,255,255,255,255,255,255,255,255,255,186,44,0,0,0,0,0,
255,255,255,255,255,245,197,144,95,53,16,0,0,17,74,130,169,184,184,166,143,111,71,26,0,0,0,0,0,0,0,0,0,0,0,0,0,0,0,0,128,255,255,255,255,255,255,255,255,255,255,255,254,164,55,4,0,0,0,0,
255,255,255,255,255,255,255,255,254,254,253,241,240,252,255,255,255,255,255,255,255,255,254,254,221,159,90,17,0,0,0,0,0,0,0,0,0,0,0,0,223,255,255,255,255,255,255,255,255,255,255,255,255,254,251,133,0,0,0,0,
255,255,255,255,255,255,255,255,255,255,255,255,255,255,254,251,239,233,235,241,249,254,254,255,255,255,254,248,183,86,7,0,0,0,0,0,0,0,0,0,218,255,255,255,255,255,255,255,255,251,255,255,255,255,255,249,32,0,0,0,
255,255,255,255,255,255,255,255,254,254,254,254,251,215,126,58,31,25,30,39,59,94,141,194,234,253,254,255,255,255,236,131,23,0,0,0,0,0,0,25,209,255,255,255,255,255,255,255,255,254,255,255,255,255,255,254,40,0,0,0,
255,255,255,255,255,255,255,254,148,129,134,111,61,8,0,0,0,0,0,0,0,0,0,3,27,80,157,225,253,255,255,255,247,149,29,0,0,0,0,143,254,255,255,255,255,255,255,255,255,255,255,255,255,255,254,213,2,0,0,0,
255,255,255,255,255,255,255,244,11,0,0,0,0,0,0,0,0,0,0,0,0,0,0,0,0,0,0,19,85,182,245,255,255,255,248,146,21,0,61,248,255,255,255,255,255,255,255,255,255,255,255,255,255,242,184,34,0,0,0,0,
255,255,255,255,255,255,255,187,0,0,0,0,0,0,0,0,0,0,0,0,0,0,0,0,0,0,0,0,0,2,49,153,239,255,255,255,238,118,212,255,255,255,255,255,255,255,255,255,255,255,255,255,255,251,160,21,0,0,0,0,
255,255,255,255,255,255,255,125,0,0,0,0,0,0,0,0,0,0,0,0,0,0,0,0,0,0,0,0,0,0,0,0,35,148,242,254,255,254,255,255,255,255,255,255,255,255,255,255,255,255,255,255,255,255,254,189,9,0,0,0,
255,255,255,255,255,255,254,78,0,0,0,0,0,0,0,0,0,0,0,0,0,0,0,0,0,0,0,0,0,0,0,0,0,0,38,163,248,255,255,255,255,255,255,255,255,255,255,255,255,255,255,255,255,255,255,252,73,0,0,0,
255,255,255,255,255,255,254,39,0,0,0,0,0,0,0,0,0,0,0,0,0,0,0,0,0,0,0,0,0,0,0,0,0,0,0,0,59,207,254,255,255,255,255,255,255,255,255,255,255,255,255,255,255,255,255,254,39,0,0,0,
255,255,255,255,255,255,249,6,0,0,0,0,0,0,0,0,0,0,0,0,0,0,0,0,0,0,0,0,0,0,0,0,0,0,0,0,0,131,254,255,255,255,255,255,255,255,255,255,255,255,255,255,255,255,255,252,96,0,0,0,
255,255,255,255,255,255,218,0,0,0,0,0,0,0,0,0,0,0,0,0,0,0,0,0,0,0,0,0,0,0,0,0,0,0,0,0,4,228,255,255,255,255,255,255,255,255,255,255,255,255,247,253,255,255,255,255,226,19,0,0,
255,255,255,255,255,255,185,0,0,0,0,0,0,0,0,0,0,0,0,0,0,0,0,0,0,0,0,0,0,0,0,0,0,0,0,0,90,254,255,255,255,255,255,255,255,255,255,255,255,255,148,25,142,254,255,255,255,137,0,0,
255,255,255,255,255,255,150,0,0,0,0,0,0,0,0,0,0,0,0,0,0,0,0,0,0,0,0,0,0,0,0,0,0,0,0,0,200,255,255,255,255,255,255,255,255,255,255,255,255,253,54,0,4,200,255,255,255,243,31,0,
255,255,255,255,255,255,112,0,0,0,0,0,0,0,0,0,0,0,0,0,0,0,0,0,0,0,0,0,0,0,0,0,0,0,0,55,254,255,255,255,255,255,255,255,255,255,255,255,254,141,6,8,21,94,254,255,255,255,138,0,
255,255,255,255,255,255,81,0,0,0,0,0,0,0,0,0,0,0,0,0,0,0,0,0,0,0,0,0,0,0,0,0,0,0,0,163,254,255,255,255,255,255,255,255,255,255,255,255,255,254,252,246,253,254,254,255,255,255,219,0,
255,255,255,255,255,254,52,0,0,0,0,0,0,0,0,0,0,0,0,0,0,0,0,0,0,0,0,0,0,0,0,0,0,0,0,147,255,255,255,255,255,255,255,255,255,255,255,255,255,255,255,255,255,255,255,255,255,255,224,0,
255,255,255,255,255,254,21,0,0,0,0,0,0,0,0,0,0,0,0,0,0,0,0,0,0,0,0,0,0,0,0,0,0,0,0,24,199,211,169,224,255,255,255,255,255,255,255,254,254,255,255,255,255,255,255,255,254,254,137,0,
255,255,255,255,255,247,0,0,0,0,0,0,0,0,0,0,0,0,0,0,0,0,0,0,0,0,0,0,0,0,0,0,0,0,0,0,0,0,28,235,255,255,255,255,255,255,255,254,251,255,255,255,255,248,169,123,85,48,1,0,
255,255,255,255,255,227,0,0,0,0,0,0,0,0,0,0,0,0,0,0,0,0,0,0,0,0,0,0,0,0,0,0,0,0,0,0,0,6,191,254,255,255,255,255,255,255,255,255,226,253,255,255,255,183,0,0,0,0,0,0,
255,255,255,255,255,212,0,0,0,0,0,0,0,0,0,0,0,0,0,0,0,0,0,0,0,0,0,0,0,0,0,0,0,0,0,0,0,129,254,255,255,255,255,255,255,255,255,255,240,95,83,248,255,211,7,0,0,0,0,0,
255,255,255,255,255,197,0,0,0,0,0,0,0,0,0,0,0,0,0,0,0,0,0,0,0,0,0,0,0,0,0,0,0,0,0,0,45,250,255,255,255,255,255,255,255,255,255,255,255,106,0,105,254,255,128,0,0,0,0,0,
255,255,255,255,255,189,0,0,0,0,0,0,0,0,0,0,0,0,0,0,0,0,0,0,0,0,0,0,0,0,0,0,0,0,0,0,174,255,255,255,255,255,255,255,255,255,255,255,255,192,0,0,180,255,247,37,0,0,0,0,
255,255,255,255,255,196,0,0,0,0,0,0,0,0,0,0,0,0,0,0,0,0,0,0,0,0,0,0,0,0,0,0,0,0,0,34,252,255,255,255,255,255,255,255,255,255,255,255,255,245,17,0,28,242,255,166,0,0,0,0,
255,255,255,255,255,213,0,0,0,0,0,0,0,0,0,0,0,0,0,0,0,0,0,0,0,0,0,0,0,0,0,0,0,0,0,134,255,255,255,255,255,255,255,255,255,255,255,255,255,254,68,0,0,119,255,252,40,0,0,0,
255,255,255,255,255,232,0,0,0,0,0,0,0,0,0,0,0,0,0,0,0,0,0,0,0,0,0,0,0,0,0,0,0,0,6,232,255,255,255,255,255,255,255,255,255,255,255,255,255,255,124,0,0,8,233,255,151,0,0,0,
240,255,255,255,255,252,9,0,0,0,0,0,0,0,0,0,0,0,0,0,0,0,0,0,0,0,0,0,0,0,0,0,0,0,89,254,255,255,255,255,255,255,255,255,255,255,255,255,255,255,177,0,0,0,124,255,241,11,0,0,
164,255,255,255,255,254,50,0,0,0,0,0,0,0,0,0,0,0,0,0,0,0,0,0,0,0,0,0,0,0,0,0,0,0,202,255,255,255,255,255,255,255,255,255,255,255,255,255,255,254,226,8,0,0,26,250,254,86,0,0,
65,254,255,255,255,255,99,0,0,0,0,0,0,0,0,0,0,0,0,0,0,0,0,0,0,0,0,0,0,0,0,0,0,71,254,255,255,255,255,255,255,255,255,255,255,255,255,255,255,254,253,48,0,0,0,188,255,165,0,0,
1,208,255,255,255,255,163,0,0,0,0,0,0,0,0,0,0,0,0,0,0,0,0,0,0,0,0,0,0,0,0,0,2,205,255,255,255,255,255,255,255,255,255,255,255,255,255,255,255,255,255,126,0,0,0,109,255,235,3,0,
