0,0,0,0,0,0,0,0,0,0,0,0,0,0,0,0,0,0,0,0,0,0,0,0,0,0,0,0,0,0,0,0,0,0,0,0,0,0,0,0,0,0,0,0,0,0,0,0,0,0,0,0,0,0,0,0,0,0,0,0,
0,0,0,0,0,0,0,0,0,0,0,0,0,0,0,0,0,0,0,0,0,0,0,0,0,0,0,0,0,0,0,0,0,0,0,0,0,0,0,0,0,0,0,0,0,0,0,0,0,0,0,0,0,0,0,0,0,0,0,0,
0,0,0,0,0,0,0,0,0,0,0,0,0,0,0,0,0,0,0,0,0,0,0,0,0,0,0,0,0,0,0,0,0,0,0,0,0,0,0,0,0,0,0,0,0,0,0,0,0,0,0,0,0,0,0,0,0,0,0,0,
0,0,0,0,0,0,0,0,0,0,0,0,0,0,0,0,0,0,0,0,0,0,0,0,0,0,0,0,0,0,0,0,0,0,0,0,0,0,0,0,0,0,0,0,0,0,0,0,0,0,0,0,0,0,0,0,0,0,0,0,
0,0,0,0,0,0,0,0,0,0,0,0,0,0,0,0,0,0,0,0,0,0,0,0,0,0,0,0,0,0,0,0,75,181,244,207,51,0,0,0,0,0,0,0,0,0,0,0,0,0,0,0,0,0,0,0,0,0,0,0,
0,0,0,0,0,0,0,0,0,0,0,0,0,0,0,0,0,0,0,0,0,0,0,0,0,0,0,0,0,0,51,198,254,255,255,255,245,105,114,189,186,4,0,0,0,0,0,0,0,0,0,0,0,0,0,0,0,0,0,0,
0,0,0,0,0,0,0,0,0,0,0,0,0,0,0,0,0,0,0,0,0,0,0,0,0,0,0,0,0,89,248,255,255,255,255,255,255,255,255,236,60,0,0,0,0,0,0,0,0,0,0,0,0,0,0,0,0,0,0,0,
0,0,0,0,0,0,0,0,0,0,0,0,0,0,0,0,0,0,0,0,0,0,0,0,0,0,0,0,3,237,255,255,255,255,255,255,255,255,238,34,0,0,0,0,0,0,0,0,0,0,0,0,0,0,0,0,0,0,0,0,
0,0,0,0,0,0,0,0,0,0,0,0,0,0,0,0,0,0,0,0,0,0,0,0,0,0,0,0,4,244,255,255,255,255,255,255,255,255,253,86,0,0,0,0,0,0,0,0,0,0,0,0,0,0,0,0,0,0,0,0,
0,0,0,0,0,0,0,0,0,0,0,0,0,0,0,0,0,0,0,0,0,0,0,0,0,0,0,0,2,244,255,255,255,255,255,255,255,255,255,236,26,0,0,0,0,0,0,0,0,0,0,0,0,0,0,0,0,0,0,0,
0,0,0,0,0,0,0,0,0,0,0,0,0,0,0,0,0,0,0,0,0,0,0,0,0,0,0,0,32,254,255,255,255,255,255,255,255,255,255,227,9,0,0,0,0,0,0,0,0,0,0,0,0,0,0,0,0,0,0,0,
0,0,0,0,0,0,0,0,0,0,0,0,0,0,0,0,0,0,0,0,0,0,0,0,0,0,0,38,219,254,255,255,255,255,255,255,255,255,231,70,0,0,0,0,0,0,0,0,0,0,0,0,0,0,0,0,0,0,0,0,
0,0,0,0,0,0,0,0,0,0,0,0,0,0,0,0,0,0,0,0,0,0,0,0,0,0,0,150,208,255,255,255,255,255,255,255,255,255,214,20,0,0,0,0,0,0,0,0,0,0,0,0,0,0,0,0,0,0,0,0,
0,0,0,41,129,28,0,0,0,0,0,0,0,0,0,0,0,1,36,73,102,106,109,108,101,74,42,8,136,255,255,255,255,255,255,255,255,255,214,18,0,0,0,0,0,0,0,0,0,0,0,0,0,0,0,0,0,0,0,0,
0,0,75,248,227,17,0,0,0,0,0,0,0,0,0,35,144,230,254,254,255,255,255,255,255,254,254,249,255,255,255,255,255,255,255,255,255,255,162,0,0,0,0,0,0,0,0,0,0,0,0,0,0,0,0,0,0,0,0,0,
0,0,204,255,208,148,135,128,109,102,97,97,107,134,187,251,255,255,227,184,157,148,147,160,182,213,247,254,255,255,255,255,255,255,255,255,255,255,151,0,0,0,0,0,0,0,0,0,0,0,0,0,0,0,0,0,0,0,0,0,
0,0,140,255,255,255,255,255,255,255,255,255,255,255,255,253,159,45,0,0,0,0,0,0,0,0,5,54,246,255,255,255,255,255,255,255,255,251,77,0,0,0,0,0,0,0,0,0,0,0,0,0,0,0,0,0,0,0,0,0,
0,0,1,83,222,255,255,255,255,255,255,255,255,253,192,59,0,0,0,0,0,0,0,0,0,0,0,0,84,248,255,255,255,255,255,255,255,231,106,10,10,0,0,0,0,0,0,0,0,0,0,0,0,0,0,0,0,0,0,0,
0,0,0,0,182,255,255,255,255,255,255,158,62,20,0,0,0,0,0,0,0,0,0,0,0,0,0,0,0,41,144,240,255,255,255,255,255,255,254,240,242,120,7,0,0,0,0,0,0,0,0,0,0,0,0,0,0,0,0,0,
0,0,0,0,205,255,255,255,255,255,254,74,0,0,0,0,0,0,0,0,0,0,0,0,0,0,0,0,0,0,11,248,255,255,255,255,255,250,238,255,255,254,233,101,0,0,0,0,0,0,0,0,0,0,0,0,0,0,0,0,
0,0,0,0,226,255,255,255,255,255,254,45,0,0,0,0,0,0,0,0,0,0,0,0,0,0,0,0,0,0,62,237,255,255,255,255,255,255,133,252,255,255,255,240,74,0,0,0,0,0,0,0,0,0,0,0,0,0,0,0,
0,0,0,0,240,255,255,255,255,255,255,21,0,0,0,0,0,0,0,0,0,0,0,0,0,0,0,0,0,0,36,190,255,255,255,255,255,255,189,231,255,255,255,255,254,167,20,0,0,0,0,0,0,0,0,0,0,0,0,0,
0,0,0,0,246,255,255,255,255,255,253,8,0,0,0,0,0,0,0,0,0,0,0,0,0,0,0,0,0,0,0,202,255,255,255,255,255,255,254,254,255,255,239,160,252,255,229,122,144,15,0,0,0,0,0,0,0,0,0,0,
0,0,0,0,246,255,255,255,255,255,252,8,0,0,0,0,0,0,0,0,0,0,0,0,0,0,0,0,0,0,0,203,255,255,255,255,255,255,255,255,255,255,252,95,58,217,255,254,255,211,28,0,0,0,0,0,0,0,0,0,
0,0,0,0,246,255,255,255,255,255,249,8,0,0,0,0,0,0,0,0,0,0,0,0,0,0,0,0,0,0,0,203,255,255,255,255,255,255,255,255,255,255,252,78,0,22,248,255,255,255,133,0,0,0,0,0,0,0,0,0,
0,0,0,0,243,255,255,255,255,255,247,8,0,0,0,0,0,0,0,0,0,0,0,0,0,0,0,0,0,0,0,203,255,255,255,255,255,255,255,255,255,253,113,10,112,223,254,255,255,255,192,6,0,0,0,0,0,0,0,0,
0,0,0,0,228,255,255,255,255,255,249,8,0,0,0,0,0,0,0,0,0,0,0,0,0,0,0,0,0,0,0,193,255,255,255,255,255,255,255,255,255,209,161,237,254,255,255,255,244,241,255,173,2,0,0,0,0,0,0,0,
0,0,0,0,207,255,255,255,255,255,252,7,0,0,0,0,0,0,0,0,0,0,0,0,0,0,0,0,0,0,0,183,255,255,255,255,255,255,255,255,255,254,255,255,255,255,255,254,76,54,239,255,149,0,0,0,0,0,0,0,
0,0,0,0,189,254,255,255,255,255,252,7,0,0,0,0,0,0,0,0,0,0,0,0,0,0,0,0,0,0,0,176,255,255,255,255,255,255,255,255,255,255,255,255,254,254,255,253,28,0,61,246,254,101,0,0,0,0,0,0,
0,0,0,0,158,255,255,255,255,255,252,7,0,0,0,0,0,0,0,0,0,0,0,0,0,0,0,0,0,0,0,162,255,255,255,255,255,255,254,254,254,251,203,151,116,108,124,92,1,0,0,86,253,245,46,0,0,0,0,0,
0,0,0,0,129,255,255,255,255,255,254,12,0,0,0,0,0,0,0,0,0,0,0,0,0,0,0,0,0,0,0,150,255,255,255,255,255,255,237,53,68,15,0,0,0,0,0,0,0,0,0,0,140,254,210,6,0,0,0,0,
0,0,0,0,92,255,255,255,255,255,255,19,0,0,0,0,0,0,0,0,0,0,0,0,0,0,0,0,0,0,0,180,255,255,255,255,255,218,58,0,0,0,0,0,0,0,0,0,0,0,0,0,6,210,255,122,0,0,0,0,
0,0,0,0,54,254,255,255,255,255,254,31,0,0,0,0,0,0,0,0,0,0,0,0,0,0,0,0,0,0,31,248,255,255,255,255,255,222,0,0,0,0,0,0,0,0,0,0,0,0,0,0,0,55,253,243,27,0,0,0,
0,0,0,0,11,252,255,255,255,255,254,43,0,0,0,0,0,0,0,0,0,0,0,0,0,0,0,0,0,0,173,255,255,255,255,255,255,251,14,0,0,0,0,0,0,0,0,0,0,0,0,0,0,0,161,255,155,0,0,0,
0,0,0,0,0,213,255,255,255,255,254,62,0,0,0,0,0,0,0,0,0,0,0,0,0,0,0,0,0,89,254,255,255,255,255,255,255,254,62,0,0,0,0,0,0,0,0,0,0,0,0,0,0,0,33,247,250,39,0,0,
0,0,0,0,0,158,255,255,255,255,255,88,0,0,0,0,0,0,0,0,0,0,0,0,0,0,0,0,18,234,255,255,255,255,255,255,255,255,111,0,0,0,0,0,0,0,0,0,0,0,0,0,0,0,0,147,255,172,0,0,
0,0,0,0,0,97,254,255,255,255,255,123,0,0,0,0,0,0,0,0,0,0,0,0,0,0,0,0,139,254,255,255,255,255,255,255,255,255,157,0,0,0,0,0,0,0,0,0,0,0,0,0,0,0,0,26,246,254,71,0,
0,0,0,0,0,29,254,255,255,255,255,165,0,0,0,0,0,0,0,0,0,0,0,0,0,0,0,9,241,255,255,255,255,255,255,255,255,255,196,0,0,0,0,0,0,0,0,0,0,0,0,0,0,0,0,0,139,255,242,160,
0,0,0,0,0,0,206,255,255,255,255,214,0,0,0,0,0,0,0,0,0,0,0,0,0,0,0,82,255,255,255,255,255,255,255,255,255,255,226,0,0,0,0,0,0,0,0,0,0,0,0,0,0,0,0,0,14,226,255,255,
0,0,0,0,0,0,122,254,255,255,255,253,22,0,0,0,0,0,0,0,0,0,0,0,0,0,0,156,255,255,255,255,255,255,255,255,255,255,246,8,0,0,0,0,0,0,0,0,0,0,0,0,0,0,0,0,0,63,248,255,
0,0,0,0,0,0,26,250,255,255,255,254,88,0,0,0,0,0,0,0,0,0,0,0,0,0,0,220,255,255,255,255,255,255,255,255,255,255,254,26,0,0,0,0,0,0,0,0,0,0,0,0,0,0,0,0,0,0,78,247,
0,0,0,0,0,0,0,169,255,255,255,255,168,0,0,0,0,0,0,0,0,0,0,0,0,0,25,254,255,255,255,255,255,255,255,255,255,255,254,53,0,0,0,0,0,0,0,0,0,0,0,0,0,0,0,0,0,0,0,42,
0,0,0,0,0,0,0,47,253,255,255,255,244,13,0,0,0,0,0,0,0,0,0,0,0,0,87,254,255,255,255,255,255,255,255,255,255,255,254,80,0,0,0,0,0,0,0,0,0,0,0,0,0,0,0,0,0,0,0,0,
0,0,0,0,0,0,0,0,161,255,255,255,255,103,0,0,0,0,0,0,0,0,0,0,0,0,150,255,255,255,255,255,255,255,255,255,255,255,254,110,0,0,0,0,0,0,0,0,0,0,0,0,0,0,0,0,0,0,0,0,
0,0,0,0,0,0,0,0,24,236,255,255,255,213,2,0,0,0,0,0,0,0,0,0,0,0,214,255,255,255,255,255,255,255,255,255,255,255,254,147,0,0,0,0,0,0,0,0,0,0,0,0,0,0,0,0,0,0,0,0,
