0,0,0,0,0,0,0,0,0,0,0,0,0,0,0,0,0,0,0,0,0,0,0,0,0,0,0,0,0,0,0,0,0,0,0,0,0,0,0,0,0,0,0,0,0,0,0,0,0,0,0,0,0,0,0,0,0,0,0,0,
0,0,0,0,0,0,0,0,0,0,0,0,0,0,0,0,0,0,0,0,0,0,0,0,0,0,0,0,0,0,0,0,0,0,0,0,0,0,0,0,0,0,0,0,0,0,0,0,0,0,0,0,0,0,0,0,0,0,0,0,
0,0,0,0,0,0,0,0,0,0,0,0,0,0,0,0,0,0,0,0,0,0,0,0,0,0,0,0,0,0,0,0,0,0,0,0,0,0,0,0,0,0,0,0,0,0,0,0,0,0,0,0,0,0,0,0,0,0,0,0,
0,0,0,0,0,0,0,0,0,0,0,0,0,0,0,0,0,0,0,0,0,0,0,0,0,0,0,0,0,0,0,0,24,69,30,0,0,0,0,0,0,0,0,0,0,0,0,0,0,0,0,0,0,0,0,0,0,0,0,0,
0,0,0,0,0,0,0,0,0,0,0,0,0,0,0,0,0,0,0,0,0,0,0,0,0,0,0,0,0,0,69,185,253,254,245,92,0,0,0,0,0,0,0,0,0,0,0,0,0,0,0,0,0,0,0,0,0,0,0,0,
0,0,0,0,0,0,0,0,0,0,0,0,0,0,0,0,0,0,0,0,0,0,0,0,0,0,0,0,26,184,254,255,255,255,255,254,152,168,231,174,0,0,0,0,0,0,0,0,0,0,0,0,0,0,0,0,0,0,0,0,
0,0,0,0,0,0,0,0,0,0,0,0,0,0,0,0,0,0,0,0,0,0,0,0,0,0,0,7,216,254,255,255,255,255,255,255,255,254,194,22,0,0,0,0,0,0,0,0,0,0,0,0,0,0,0,0,0,0,0,0,
0,0,0,0,0,0,0,0,0,0,0,0,0,0,0,0,0,0,0,0,0,0,0,0,0,0,0,33,254,255,255,255,255,255,255,255,255,207,4,0,0,0,0,0,0,0,0,0,0,0,0,0,0,0,0,0,0,0,0,0,
0,0,0,0,0,0,0,0,0,0,0,0,0,0,0,0,0,0,0,0,0,0,0,0,0,0,0,44,255,255,255,255,255,255,255,255,255,254,93,0,0,0,0,0,0,0,0,0,0,0,0,0,0,0,0,0,0,0,0,0,
0,0,0,0,0,0,0,0,0,0,0,0,0,0,0,0,0,0,0,0,0,0,0,0,0,0,0,59,254,255,255,255,255,255,255,255,255,255,200,7,0,0,0,0,0,0,0,0,0,0,0,0,0,0,0,0,0,0,0,0,
0,0,0,0,0,0,0,0,0,0,0,0,0,0,0,0,0,0,0,0,0,0,0,0,0,0,26,199,255,255,255,255,255,255,255,255,255,254,127,0,0,0,0,0,0,0,0,0,0,0,0,0,0,0,0,0,0,0,0,0,
0,0,0,0,0,0,0,0,0,0,0,0,0,0,0,0,0,0,0,0,0,0,0,0,0,8,215,254,255,255,255,255,255,255,255,255,255,145,2,0,0,0,0,0,0,0,0,0,0,0,0,0,0,0,0,0,0,0,0,0,
0,0,0,0,0,0,0,0,0,0,0,0,0,0,0,0,0,0,0,0,0,0,0,0,0,0,54,96,255,255,255,255,255,255,255,255,255,214,5,0,0,0,0,0,0,0,0,0,0,0,0,0,0,0,0,0,0,0,0,0,
0,0,2,57,21,0,0,0,0,0,0,0,0,0,0,0,0,11,46,76,100,103,102,94,67,36,35,234,255,255,255,255,255,255,255,255,255,111,0,0,0,0,0,0,0,0,0,0,0,0,0,0,0,0,0,0,0,0,0,0,
0,20,198,252,52,0,0,0,0,0,0,0,0,0,10,107,198,249,254,254,255,255,255,255,254,255,253,255,255,255,255,255,255,255,255,255,254,63,0,0,0,0,0,0,0,0,0,0,0,0,0,0,0,0,0,0,0,0,0,0,
0,161,255,205,89,78,70,60,51,50,50,68,91,144,234,254,255,247,208,177,170,170,171,190,221,248,255,255,255,255,255,255,255,255,255,255,253,42,0,0,0,0,0,0,0,0,0,0,0,0,0,0,0,0,0,0,0,0,0,0,
0,152,255,255,254,254,254,254,254,255,254,255,255,255,254,196,75,9,0,0,0,0,0,0,0,7,60,238,255,255,255,255,255,255,255,253,148,1,0,0,0,0,0,0,0,0,0,0,0,0,0,0,0,0,0,0,0,0,0,0,
0,8,137,238,255,255,255,255,255,255,255,255,254,230,100,1,0,0,0,0,0,0,0,0,0,0,0,50,217,254,255,255,255,255,255,255,233,132,32,32,0,0,0,0,0,0,0,0,0,0,0,0,0,0,0,0,0,0,0,0,
0,0,0,144,255,255,255,255,255,255,201,108,61,4,0,0,0,0,0,0,0,0,0,0,0,0,0,0,3,66,251,255,255,255,255,255,255,255,253,250,155,32,0,0,0,0,0,0,0,0,0,0,0,0,0,0,0,0,0,0,
0,0,0,165,255,255,255,255,255,255,114,0,0,0,0,0,0,0,0,0,0,0,0,0,0,0,0,0,0,49,255,255,255,255,255,255,253,227,255,255,254,250,133,0,0,0,0,0,0,0,0,0,0,0,0,0,0,0,0,0,
0,0,0,180,255,255,255,255,255,254,83,0,0,0,0,0,0,0,0,0,0,0,0,0,0,0,0,0,0,89,236,255,255,255,255,255,255,139,250,255,255,255,244,121,6,0,0,0,0,0,0,0,0,0,0,0,0,0,0,0,
0,0,0,195,255,255,255,255,255,255,60,0,0,0,0,0,0,0,0,0,0,0,0,0,0,0,0,0,0,18,214,255,255,255,255,255,255,209,237,255,255,255,254,255,212,53,0,0,0,0,0,0,0,0,0,0,0,0,0,0,
0,0,0,210,255,255,255,255,255,255,45,0,0,0,0,0,0,0,0,0,0,0,0,0,0,0,0,0,0,0,206,255,255,255,255,255,255,253,255,255,255,224,105,236,255,250,205,196,54,0,0,0,0,0,0,0,0,0,0,0,
0,0,0,210,255,255,255,255,255,255,44,0,0,0,0,0,0,0,0,0,0,0,0,0,0,0,0,0,0,0,203,255,255,255,255,255,255,255,255,255,255,254,97,23,170,254,255,255,227,32,0,0,0,0,0,0,0,0,0,0,
0,0,0,210,255,255,255,255,255,254,44,0,0,0,0,0,0,0,0,0,0,0,0,0,0,0,0,0,0,0,195,255,255,255,255,255,255,255,255,255,255,228,29,0,54,251,255,255,255,120,0,0,0,0,0,0,0,0,0,0,
0,0,0,193,255,255,255,255,255,255,46,0,0,0,0,0,0,0,0,0,0,0,0,0,0,0,0,0,0,0,181,255,255,255,255,255,255,255,255,255,225,41,70,178,253,255,255,255,255,223,37,0,0,0,0,0,0,0,0,0,
0,0,0,179,255,255,255,255,255,254,53,0,0,0,0,0,0,0,0,0,0,0,0,0,0,0,0,0,0,0,166,255,255,255,255,255,255,255,255,254,217,240,254,255,255,255,254,207,207,255,223,27,0,0,0,0,0,0,0,0,
0,0,0,156,255,255,255,255,255,254,58,0,0,0,0,0,0,0,0,0,0,0,0,0,0,0,0,0,0,0,158,255,255,255,255,255,255,255,255,255,255,255,255,255,255,255,253,22,11,193,255,209,13,0,0,0,0,0,0,0,
0,0,0,136,255,255,255,255,255,255,64,0,0,0,0,0,0,0,0,0,0,0,0,0,0,0,0,0,0,0,138,255,255,255,255,255,255,255,255,255,255,255,254,254,254,254,234,4,0,19,210,254,175,1,0,0,0,0,0,0,
0,0,0,108,255,255,255,255,255,255,67,0,0,0,0,0,0,0,0,0,0,0,0,0,0,0,0,0,0,0,128,255,255,255,255,255,255,238,180,210,152,96,51,19,27,44,22,0,0,0,31,231,254,112,0,0,0,0,0,0,
0,0,0,75,255,255,255,255,255,255,75,0,0,0,0,0,0,0,0,0,0,0,0,0,0,0,0,0,0,0,119,255,255,255,255,255,252,99,0,0,0,0,0,0,0,0,0,0,0,0,0,65,251,246,40,0,0,0,0,0,
0,0,0,38,255,255,255,255,255,255,85,0,0,0,0,0,0,0,0,0,0,0,0,0,0,0,0,0,0,0,182,255,255,255,255,255,223,0,0,0,0,0,0,0,0,0,0,0,0,0,0,0,136,255,192,1,0,0,0,0,
0,0,0,4,249,255,255,255,255,255,95,0,0,0,0,0,0,0,0,0,0,0,0,0,0,0,0,0,0,53,254,255,255,255,255,255,250,10,0,0,0,0,0,0,0,0,0,0,0,0,0,0,8,221,254,89,0,0,0,0,
0,0,0,0,207,255,255,255,255,255,112,0,0,0,0,0,0,0,0,0,0,0,0,0,0,0,0,0,6,206,255,255,255,255,255,255,254,51,0,0,0,0,0,0,0,0,0,0,0,0,0,0,0,83,254,221,9,0,0,0,
0,0,0,0,154,255,255,255,255,255,135,0,0,0,0,0,0,0,0,0,0,0,0,0,0,0,0,0,133,254,255,255,255,255,255,255,255,99,0,0,0,0,0,0,0,0,0,0,0,0,0,0,0,1,199,254,116,0,0,0,
0,0,0,0,98,255,255,255,255,255,163,0,0,0,0,0,0,0,0,0,0,0,0,0,0,0,0,42,249,255,255,255,255,255,255,255,255,146,0,0,0,0,0,0,0,0,0,0,0,0,0,0,0,0,70,255,237,24,0,0,
0,0,0,0,35,254,255,255,255,255,196,0,0,0,0,0,0,0,0,0,0,0,0,0,0,0,0,171,255,255,255,255,255,255,255,255,255,189,0,0,0,0,0,0,0,0,0,0,0,0,0,0,0,0,0,185,255,184,29,4,
0,0,0,0,0,219,255,255,255,255,238,2,0,0,0,0,0,0,0,0,0,0,0,0,0,0,23,250,255,255,255,255,255,255,255,255,255,220,0,0,0,0,0,0,0,0,0,0,0,0,0,0,0,0,0,44,250,255,255,216,
0,0,0,0,0,143,255,255,255,255,254,37,0,0,0,0,0,0,0,0,0,0,0,0,0,0,105,255,255,255,255,255,255,255,255,255,255,245,2,0,0,0,0,0,0,0,0,0,0,0,0,0,0,0,0,0,122,254,255,255,
0,0,0,0,0,57,254,255,255,255,255,98,0,0,0,0,0,0,0,0,0,0,0,0,0,0,177,255,255,255,255,255,255,255,255,255,255,254,16,0,0,0,0,0,0,0,0,0,0,0,0,0,0,0,0,0,1,160,254,255,
0,0,0,0,0,0,214,255,255,255,255,169,0,0,0,0,0,0,0,0,0,0,0,0,0,5,243,255,255,255,255,255,255,255,255,255,255,254,40,0,0,0,0,0,0,0,0,0,0,0,0,0,0,0,0,0,0,2,138,247,
0,0,0,0,0,0,105,255,255,255,255,240,9,0,0,0,0,0,0,0,0,0,0,0,0,61,254,255,255,255,255,255,255,255,255,255,255,254,64,0,0,0,0,0,0,0,0,0,0,0,0,0,0,0,0,0,0,0,0,8,
0,0,0,0,0,0,8,230,255,255,255,255,84,0,0,0,0,0,0,0,0,0,0,0,0,131,255,255,255,255,255,255,255,255,255,255,255,255,92,0,0,0,0,0,0,0,0,0,0,0,0,0,0,0,0,0,0,0,0,0,
0,0,0,0,0,0,0,102,255,255,255,255,187,0,0,0,0,0,0,0,0,0,0,0,0,204,255,255,255,255,255,255,255,255,255,255,255,255,120,0,0,0,0,0,0,0,0,0,0,0,0,0,0,0,0,0,0,0,0,0,
0,0,0,0,0,0,0,2,196,255,255,255,254,47,0,0,0,0,0,0,0,0,0,0,27,253,255,255,255,255,255,255,255,255,255,255,255,255,156,0,0,0,0,0,0,0,0,0,0,0,0,0,0,0,0,0,0,0,0,0,
