0,0,0,0,0,0,0,0,0,0,0,0,0,0,0,0,0,0,0,0,0,0,0,0,0,0,0,0,0,0,0,0,0,0,0,0,0,0,0,0,0,0,0,0,0,0,0,0,0,0,0,0,0,0,0,0,0,0,0,0,
0,0,0,0,0,0,0,0,0,0,0,0,0,0,0,0,0,0,0,0,0,0,0,0,0,0,0,0,0,0,0,0,0,0,0,0,0,0,0,0,0,0,0,0,0,0,0,0,0,0,0,0,0,0,0,0,0,0,0,0,
0,0,0,0,0,0,0,0,0,0,0,0,0,0,0,0,0,0,0,0,0,0,0,0,0,0,0,0,0,0,0,0,0,0,0,0,0,0,0,0,0,0,0,0,0,0,0,0,0,0,0,0,0,0,0,0,0,0,0,0,
0,0,0,0,0,0,0,0,0,0,0,0,0,0,0,0,0,0,0,0,0,0,0,0,0,0,0,0,0,0,0,0,0,0,0,0,0,0,0,0,0,0,0,0,0,0,0,0,0,0,0,0,0,0,0,0,0,0,0,0,
0,0,0,0,0,0,0,0,0,0,0,0,0,0,0,0,0,0,0,0,0,0,0,0,0,0,0,0,0,0,0,0,0,0,0,0,0,0,0,0,0,0,0,0,0,0,0,0,0,0,0,0,0,0,0,0,0,0,0,0,
0,0,0,0,0,0,0,0,0,0,0,0,0,0,0,0,0,0,0,0,0,0,0,0,0,0,0,8,86,154,136,14,0,0,0,0,0,0,0,0,0,0,0,0,0,0,0,0,0,0,0,0,0,0,0,0,0,0,0,0,
0,0,0,0,0,0,0,0,0,0,0,0,0,0,0,0,0,0,0,0,0,0,0,0,0,4,106,229,254,255,254,218,43,11,72,109,8,0,0,0,0,0,0,0,0,0,0,0,0,0,0,0,0,0,0,0,0,0,0,0,
0,0,0,0,0,0,0,0,0,0,0,0,0,0,0,0,0,0,0,0,0,0,0,0,29,204,254,255,255,255,255,255,240,243,254,189,4,0,0,0,0,0,0,0,0,0,0,0,0,0,0,0,0,0,0,0,0,0,0,0,
0,0,0,0,0,0,0,0,0,0,0,0,0,0,0,0,0,0,0,0,0,0,0,0,194,255,255,255,255,255,255,255,255,254,159,10,0,0,0,0,0,0,0,0,0,0,0,0,0,0,0,0,0,0,0,0,0,0,0,0,
0,0,0,0,0,0,0,0,0,0,0,0,0,0,0,0,0,0,0,0,0,0,0,0,222,255,255,255,255,255,255,255,255,254,75,0,0,0,0,0,0,0,0,0,0,0,0,0,0,0,0,0,0,0,0,0,0,0,0,0,
0,0,0,0,0,0,0,0,0,0,0,0,0,0,0,0,0,0,0,0,0,0,0,0,228,255,255,255,255,255,255,255,255,255,240,46,0,0,0,0,0,0,0,0,0,0,0,0,0,0,0,0,0,0,0,0,0,0,0,0,
0,0,0,0,0,0,0,0,0,0,0,0,0,0,0,0,0,0,0,0,0,0,0,0,242,255,255,255,255,255,255,255,255,255,248,36,0,0,0,0,0,0,0,0,0,0,0,0,0,0,0,0,0,0,0,0,0,0,0,0,
0,0,0,0,0,0,0,0,0,0,0,0,0,0,0,0,0,0,0,0,0,0,7,162,254,255,255,255,255,255,255,255,255,254,140,5,0,0,0,0,0,0,0,0,0,0,0,0,0,0,0,0,0,0,0,0,0,0,0,0,
0,0,0,0,0,0,0,0,0,0,0,0,0,0,0,0,0,0,0,0,0,0,150,252,254,255,255,255,255,255,255,255,255,243,25,0,0,0,0,0,0,0,0,0,0,0,0,0,0,0,0,0,0,0,0,0,0,0,0,0,
0,0,0,0,0,0,0,0,0,0,0,0,0,0,0,0,0,0,0,0,0,0,28,24,218,255,255,255,255,255,255,255,255,254,84,0,0,0,0,0,0,0,0,0,0,0,0,0,0,0,0,0,0,0,0,0,0,0,0,0,
0,0,0,0,0,0,0,0,0,0,0,0,0,0,0,0,0,0,0,0,0,0,5,181,254,255,255,255,255,255,255,255,255,218,2,0,0,0,0,0,0,0,0,0,0,0,0,0,0,0,0,0,0,0,0,0,0,0,0,0,
0,0,0,0,0,0,0,0,0,0,0,0,1,44,90,120,143,153,155,150,130,108,128,254,255,255,255,255,255,255,255,255,254,92,0,0,0,0,0,0,0,0,0,0,0,0,0,0,0,0,0,0,0,0,0,0,0,0,0,0,
0,0,0,0,0,0,0,0,0,0,33,144,231,255,254,255,255,255,255,255,255,255,254,255,255,255,255,255,255,255,255,255,250,14,0,0,0,0,0,0,0,0,0,0,0,0,0,0,0,0,0,0,0,0,0,0,0,0,0,0,
50,50,43,35,35,39,52,72,106,169,249,255,254,235,183,149,126,119,122,142,163,193,232,254,255,255,255,255,255,255,255,254,141,0,0,0,0,0,0,0,0,0,0,0,0,0,0,0,0,0,0,0,0,0,0,0,0,0,0,0,
254,254,254,254,254,254,254,254,255,255,254,178,55,1,0,0,0,0,0,0,0,0,0,36,203,254,255,255,255,255,255,248,131,31,0,0,0,0,0,0,0,0,0,0,0,0,0,0,0,0,0,0,0,0,0,0,0,0,0,0,
255,255,255,255,255,255,255,255,254,222,80,0,0,0,0,0,0,0,0,0,0,0,0,0,3,70,174,255,255,255,255,255,255,252,180,121,91,4,0,0,0,0,0,0,0,0,0,0,0,0,0,0,0,0,0,0,0,0,0,0,
255,255,255,255,255,254,178,125,69,4,0,0,0,0,0,0,0,0,0,0,0,0,0,0,0,0,133,255,255,255,255,255,255,255,255,255,254,211,100,9,0,0,0,0,0,0,0,0,0,0,0,0,0,0,0,0,0,0,0,0,
255,255,255,255,255,254,20,0,0,0,0,0,0,0,0,0,0,0,0,0,0,0,0,0,0,0,150,254,255,255,255,255,255,254,236,254,255,255,254,137,0,0,0,0,0,0,0,0,0,0,0,0,0,0,0,0,0,0,0,0,
255,255,255,255,255,243,1,0,0,0,0,0,0,0,0,0,0,0,0,0,0,0,0,0,0,0,53,254,255,255,255,255,255,254,231,254,255,255,255,254,188,42,0,0,0,0,0,0,0,0,0,0,0,0,0,0,0,0,0,0,
255,255,255,255,255,219,0,0,0,0,0,0,0,0,0,0,0,0,0,0,0,0,0,0,0,0,3,251,255,255,255,255,255,255,252,254,255,255,240,249,255,248,125,31,8,0,0,0,0,0,0,0,0,0,0,0,0,0,0,0,
255,255,255,255,255,201,0,0,0,0,0,0,0,0,0,0,0,0,0,0,0,0,0,0,0,0,0,228,255,255,255,255,255,255,255,255,255,255,155,42,184,254,254,253,204,34,0,0,0,0,0,0,0,0,0,0,0,0,0,0,
255,255,255,255,255,199,0,0,0,0,0,0,0,0,0,0,0,0,0,0,0,0,0,0,0,0,0,198,255,255,255,255,255,255,255,255,255,255,252,32,0,97,254,255,255,226,11,0,0,0,0,0,0,0,0,0,0,0,0,0,
255,255,255,255,255,199,0,0,0,0,0,0,0,0,0,0,0,0,0,0,0,0,0,0,0,0,0,163,255,255,255,255,255,255,255,255,255,252,113,0,18,133,254,255,255,254,125,0,0,0,0,0,0,0,0,0,0,0,0,0,
255,255,255,255,255,200,0,0,0,0,0,0,0,0,0,0,0,0,0,0,0,0,0,0,0,0,0,132,255,255,255,255,255,255,255,255,255,204,157,200,249,255,255,255,254,254,254,125,0,0,0,0,0,0,0,0,0,0,0,0,
255,255,255,255,255,202,0,0,0,0,0,0,0,0,0,0,0,0,0,0,0,0,0,0,0,0,0,104,255,255,255,255,255,255,255,255,255,255,255,255,255,255,255,255,155,102,251,255,122,0,0,0,0,0,0,0,0,0,0,0,
255,255,255,255,255,205,0,0,0,0,0,0,0,0,0,0,0,0,0,0,0,0,0,0,0,0,0,84,255,255,255,255,255,255,254,255,255,255,255,255,255,255,255,227,0,0,87,251,254,98,0,0,0,0,0,0,0,0,0,0,
255,255,255,255,255,207,0,0,0,0,0,0,0,0,0,0,0,0,0,0,0,0,0,0,0,0,0,60,255,255,255,255,255,254,151,187,215,188,167,158,186,234,254,168,0,0,0,89,252,250,61,0,0,0,0,0,0,0,0,0,
255,255,255,255,255,216,0,0,0,0,0,0,0,0,0,0,0,0,0,0,0,0,0,0,0,0,0,53,254,255,255,255,255,253,27,0,0,0,0,0,0,1,18,5,0,0,0,0,117,254,231,24,0,0,0,0,0,0,0,0,
255,255,255,255,255,223,0,0,0,0,0,0,0,0,0,0,0,0,0,0,0,0,0,0,0,0,0,102,255,255,255,255,255,254,38,0,0,0,0,0,0,0,0,0,0,0,0,0,0,169,254,180,0,0,0,0,0,0,0,0,
255,255,255,255,255,230,0,0,0,0,0,0,0,0,0,0,0,0,0,0,0,0,0,0,0,0,6,213,255,255,255,255,255,254,74,0,0,0,0,0,0,0,0,0,0,0,0,0,0,13,222,254,95,0,0,0,0,0,0,0,
255,255,255,255,255,239,0,0,0,0,0,0,0,0,0,0,0,0,0,0,0,0,0,0,0,0,129,254,255,255,255,255,255,255,114,0,0,0,0,0,0,0,0,0,0,0,0,0,0,0,66,253,236,21,0,0,0,0,0,0,
255,255,255,255,255,248,3,0,0,0,0,0,0,0,0,0,0,0,0,0,0,0,0,0,0,50,249,255,255,255,255,255,255,255,159,0,0,0,0,0,0,0,0,0,0,0,0,0,0,0,0,162,254,156,0,0,0,0,0,0,
255,255,255,255,255,254,11,0,0,0,0,0,0,0,0,0,0,0,0,0,0,0,0,0,2,205,255,255,255,255,255,255,255,255,207,0,0,0,0,0,0,0,0,0,0,0,0,0,0,0,0,26,243,253,56,0,0,0,0,0,
255,255,255,255,255,254,30,0,0,0,0,0,0,0,0,0,0,0,0,0,0,0,0,0,92,254,255,255,255,255,255,255,255,255,241,0,0,0,0,0,0,0,0,0,0,0,0,0,0,0,0,0,122,254,208,7,0,0,0,0,
255,255,255,255,255,255,56,0,0,0,0,0,0,0,0,0,0,0,0,0,0,0,0,0,206,255,255,255,255,255,255,255,255,255,254,14,0,0,0,0,0,0,0,0,0,0,0,0,0,0,0,0,8,222,255,169,47,16,0,0,
255,255,255,255,255,255,89,0,0,0,0,0,0,0,0,0,0,0,0,0,0,0,0,41,254,255,255,255,255,255,255,255,255,255,254,38,0,0,0,0,0,0,0,0,0,0,0,0,0,0,0,0,0,73,254,255,254,214,4,0,
244,255,255,255,255,255,127,0,0,0,0,0,0,0,0,0,0,0,0,0,0,0,0,117,255,255,255,255,255,255,255,255,255,255,254,48,0,0,0,0,0,0,0,0,0,0,0,0,0,0,0,0,0,0,144,254,255,254,68,0,
185,255,255,255,255,255,174,0,0,0,0,0,0,0,0,0,0,0,0,0,0,0,0,190,255,255,255,255,255,255,255,255,255,255,255,67,0,0,0,0,0,0,0,0,0,0,0,0,0,0,0,0,0,0,4,172,254,255,117,0,
108,255,255,255,255,255,227,0,0,0,0,0,0,0,0,0,0,0,0,0,0,0,12,247,255,255,255,255,255,255,255,255,255,255,255,76,0,0,0,0,0,0,0,0,0,0,0,0,0,0,0,0,0,0,0,5,152,253,114,0,
31,252,255,255,255,255,254,35,0,0,0,0,0,0,0,0,0,0,0,0,0,0,74,254,255,255,255,255,255,255,255,255,255,255,255,89,0,0,0,0,0,0,0,0,0,0,0,0,0,0,0,0,0,0,0,0,0,35,9,0,
