0,0,0,0,0,0,0,0,0,0,0,0,0,0,0,0,0,0,0,0,0,0,0,0,0,0,0,0,0,0,92,220,255,255,255,255,255,255,255,255,254,138,0,0,0,0,0,0,0,0,0,0,0,0,0,0,0,0,0,0,
0,0,0,0,0,0,0,0,0,0,0,0,0,0,0,0,0,0,0,0,0,0,0,0,0,0,0,0,0,144,254,255,255,255,255,255,255,255,255,255,255,254,81,0,0,0,0,0,0,0,0,0,0,0,0,0,0,0,0,0,
0,0,0,0,0,0,0,0,0,0,0,0,0,0,0,0,0,0,0,0,0,0,0,0,0,0,0,0,42,253,255,255,255,255,255,255,255,255,255,255,255,255,238,76,74,73,68,37,1,0,0,0,0,0,0,0,0,0,0,0,
0,0,0,0,0,0,0,0,0,0,0,0,0,0,0,0,0,0,0,0,0,0,0,0,0,0,0,0,110,255,255,255,255,255,255,255,255,255,255,255,255,255,255,254,255,255,254,254,208,11,0,0,0,0,0,0,0,0,0,0,
0,0,0,0,0,0,0,0,0,0,0,0,0,0,0,0,0,0,0,0,0,0,0,0,0,0,0,0,184,255,255,255,255,255,255,255,255,255,255,255,255,255,255,255,255,255,255,255,206,5,0,0,0,0,0,0,0,0,0,0,
0,0,0,0,0,0,0,0,0,0,0,0,0,0,0,0,0,0,0,0,0,0,0,0,0,0,0,16,243,255,255,255,255,255,255,255,255,255,255,255,255,255,255,255,255,255,252,158,13,0,0,0,0,0,0,0,0,0,0,0,
0,0,0,0,0,0,0,0,0,0,0,0,0,0,0,0,0,0,0,0,0,0,0,0,0,0,8,137,255,255,255,255,255,255,255,255,255,255,255,255,255,255,255,255,250,168,44,0,0,0,0,0,0,0,0,0,0,0,0,0,
0,0,0,0,0,0,0,0,0,0,0,0,0,0,0,0,0,0,0,0,0,0,0,0,0,89,227,255,255,255,255,255,255,255,255,255,255,255,255,255,255,255,255,255,172,0,0,0,0,0,0,0,0,0,0,0,0,0,0,0,
0,0,0,0,0,0,0,0,0,0,0,0,0,0,0,0,0,0,0,0,0,0,0,2,156,254,255,255,255,255,255,255,255,255,255,255,255,255,255,255,255,255,255,255,248,23,0,0,0,0,0,0,0,0,0,0,0,0,0,0,
0,0,0,0,0,0,0,0,0,0,0,0,0,0,0,0,0,0,0,0,0,0,0,53,246,255,255,255,255,255,255,255,255,255,255,255,255,255,255,255,255,255,255,255,254,121,0,0,0,0,0,0,0,0,0,0,0,0,0,0,
0,0,0,0,0,0,0,0,0,0,0,0,0,0,0,0,0,0,0,0,0,0,0,0,52,132,236,255,255,255,255,255,255,255,255,255,255,255,255,255,255,255,255,255,254,198,8,0,0,0,0,0,0,0,0,0,0,0,0,0,
0,0,0,0,0,0,0,0,0,0,0,0,0,0,0,0,0,0,0,0,0,0,0,0,0,12,242,255,255,255,255,255,255,255,255,255,255,255,255,255,255,255,255,255,254,44,2,0,0,0,0,0,0,0,0,0,0,0,0,0,
0,0,0,0,0,0,0,0,0,0,0,0,0,0,0,0,0,0,0,0,0,0,0,0,53,204,254,255,255,255,255,255,255,255,255,255,255,255,255,255,255,255,251,218,120,0,0,0,0,0,0,0,0,0,0,0,0,0,0,0,
0,0,0,0,0,20,89,153,193,221,244,255,254,238,214,190,160,125,86,40,2,0,0,5,225,255,255,255,255,255,255,255,255,255,255,255,255,255,255,255,255,254,134,15,0,0,0,0,0,0,0,0,0,0,0,0,0,0,0,0,
118,94,111,142,197,251,254,255,255,255,255,255,255,255,255,255,255,255,254,255,237,187,123,77,252,255,255,255,255,255,255,255,255,255,255,255,255,255,255,255,255,255,118,0,0,0,0,0,0,0,0,0,0,0,0,0,0,0,0,0,
254,254,255,255,255,255,255,255,255,255,255,255,255,255,255,255,255,255,255,255,255,255,255,254,254,255,255,255,255,255,255,255,255,255,255,255,255,255,255,255,255,254,185,0,0,0,0,0,0,0,0,0,0,0,0,0,0,0,0,0,
255,255,255,255,255,255,255,228,176,147,127,125,129,154,176,208,244,254,254,255,255,255,255,255,255,255,255,255,255,255,255,255,255,255,255,255,255,255,255,255,255,159,0,0,0,0,0,0,0,0,0,0,0,0,0,0,0,0,0,0,
255,255,255,255,244,150,48,0,0,0,0,0,0,0,0,0,2,33,84,141,200,249,255,255,255,255,255,255,255,255,255,255,255,255,255,255,255,255,255,255,192,9,0,0,0,0,0,0,0,0,0,0,0,0,0,0,0,0,0,0,
254,242,189,110,17,0,0,0,0,0,0,0,0,0,0,0,0,0,0,0,0,18,87,162,238,255,255,255,255,255,255,255,255,255,255,255,255,255,255,255,124,0,0,0,0,0,0,0,0,0,0,0,0,0,0,0,0,0,0,0,
17,0,0,0,0,0,0,0,0,0,0,0,0,0,0,0,0,0,0,0,0,0,0,0,9,92,237,255,255,255,255,255,255,255,255,255,255,255,255,254,98,0,0,0,0,0,0,0,0,0,0,0,0,0,0,0,0,0,0,0,
0,0,0,0,0,0,0,0,0,0,0,0,0,0,0,0,0,0,0,0,0,0,0,0,0,0,39,187,253,254,254,255,255,255,255,255,255,255,255,254,38,0,0,0,0,0,0,0,0,0,0,0,0,0,0,0,0,0,0,0,
0,0,0,0,0,0,0,0,0,0,0,0,0,0,0,0,0,0,0,0,0,0,0,0,0,0,0,0,31,122,254,255,255,255,255,255,255,255,255,180,0,0,0,0,0,0,0,0,0,0,0,0,0,0,0,0,0,0,0,0,
0,0,0,0,0,0,0,0,0,0,0,0,0,0,0,0,0,0,0,0,0,0,0,0,0,0,0,0,0,169,255,255,255,255,255,255,255,255,255,253,159,26,0,0,0,0,0,0,0,0,0,0,0,0,0,0,0,0,0,0,
0,0,0,0,0,0,0,0,0,0,0,0,0,0,0,0,0,0,0,0,0,0,0,0,0,0,0,0,4,231,255,255,255,255,255,255,255,255,255,255,255,239,107,3,0,0,0,0,0,0,0,0,0,0,0,0,0,0,0,0,
0,0,0,0,0,0,0,0,0,0,0,0,0,0,0,0,0,0,0,0,0,0,0,0,0,0,0,0,47,254,255,255,255,255,255,255,255,255,255,255,255,255,254,202,49,0,0,0,0,0,0,0,0,0,0,0,0,0,0,0,
0,0,0,0,0,0,0,0,0,0,0,0,0,0,0,0,0,0,0,0,0,0,0,0,0,0,0,0,107,255,255,255,255,255,255,255,255,255,255,255,255,255,255,255,250,173,191,47,0,0,0,0,0,0,0,0,0,0,0,0,
0,0,0,0,0,0,0,0,0,0,0,0,0,0,0,0,0,0,0,0,0,0,0,0,0,0,0,0,155,235,255,255,255,255,255,255,255,255,255,255,255,255,255,255,255,255,255,243,105,0,0,0,0,0,0,0,0,0,0,0,
0,0,0,0,0,0,0,0,0,0,0,0,0,0,0,0,0,0,0,0,0,0,0,0,0,0,0,0,110,197,255,255,255,255,255,255,255,255,255,255,255,217,229,254,255,255,255,255,254,159,29,0,0,0,0,0,0,0,0,0,
0,0,0,0,0,0,0,0,0,0,0,0,0,0,0,0,0,0,0,0,0,0,0,0,0,0,0,0,20,199,255,255,255,255,255,255,255,255,255,255,255,230,28,186,255,255,255,255,255,254,230,87,0,0,0,0,0,0,0,0,
0,0,0,0,0,0,0,0,0,0,0,0,0,0,0,0,0,0,0,0,0,0,0,0,0,0,0,0,0,207,255,255,255,255,255,255,255,255,255,255,255,252,84,105,254,255,255,255,255,255,255,225,0,0,0,0,0,0,0,0,
0,0,0,0,0,0,0,0,0,0,0,0,0,0,0,0,0,0,0,0,0,0,0,0,0,0,0,0,0,212,255,255,255,255,255,255,255,255,255,255,255,255,98,71,254,255,255,255,255,255,255,247,99,0,0,0,0,0,0,0,
0,0,0,0,0,0,0,0,0,0,0,0,0,0,0,0,0,0,0,0,0,0,0,0,0,0,0,0,0,212,255,255,255,255,255,255,255,255,255,255,255,254,140,138,254,255,255,255,255,255,255,255,254,135,1,0,0,0,0,0,
0,0,0,0,0,0,0,0,0,0,0,0,0,0,0,0,0,0,0,0,0,0,0,0,0,0,0,0,0,208,255,255,255,255,255,255,255,255,255,255,255,255,233,251,254,255,255,255,255,255,255,255,255,254,172,9,0,0,0,0,
0,0,0,0,0,0,0,0,0,0,0,0,0,0,0,0,0,0,0,0,0,0,0,0,0,0,0,0,0,197,255,255,255,255,255,255,255,255,255,255,255,255,255,255,255,255,255,255,255,249,193,254,255,255,255,188,9,0,0,0,
0,0,0,0,0,0,0,0,0,0,0,0,0,0,0,0,0,0,0,0,0,0,0,0,0,0,0,0,0,186,255,255,255,255,255,255,255,255,255,255,255,255,255,255,255,255,255,255,255,216,15,137,252,255,255,255,222,159,1,0,
0,0,0,0,0,0,0,0,0,0,0,0,0,0,0,0,0,0,0,0,0,0,0,0,0,0,0,0,0,175,255,255,255,255,255,255,255,255,255,255,255,255,255,255,255,255,255,255,255,254,153,0,104,249,255,255,255,254,236,58,
0,0,0,0,0,0,0,0,0,0,0,0,0,0,0,0,0,0,0,0,0,0,0,0,0,0,0,0,0,165,255,255,255,255,255,255,255,255,255,255,255,255,255,255,255,255,255,255,255,255,196,0,0,122,254,255,255,255,255,226,
0,0,0,0,0,0,0,0,0,0,0,0,0,0,0,0,0,0,0,0,0,0,0,0,0,0,0,0,0,156,255,255,255,255,255,255,255,255,255,255,255,255,255,255,255,255,255,255,255,203,24,0,6,205,255,255,255,255,255,255,
0,0,0,0,0,0,0,0,0,0,0,0,0,0,0,0,0,0,0,0,0,0,0,0,0,0,0,0,0,149,254,255,255,255,255,255,255,255,255,255,255,255,255,255,255,255,255,255,255,228,214,214,224,254,255,255,255,255,255,255,
0,0,0,0,0,0,0,0,0,0,0,0,0,0,0,0,0,0,0,0,0,0,0,0,0,0,0,0,0,140,255,255,255,255,255,255,255,255,255,255,255,255,255,255,255,255,255,255,255,255,255,255,255,255,255,255,255,255,255,255,
0,0,0,0,0,0,0,0,0,0,0,0,0,0,0,0,0,0,0,0,0,0,0,0,0,0,0,0,0,131,255,255,255,255,255,255,255,255,255,255,255,255,255,255,255,255,255,255,255,255,255,255,255,255,255,255,255,254,254,255,
0,0,0,0,0,0,0,0,0,0,0,0,0,0,0,0,0,0,0,0,0,0,0,0,0,0,0,0,0,116,255,255,255,255,255,255,255,255,255,255,255,255,255,255,255,255,255,255,255,255,255,255,255,255,255,255,251,115,151,254,
0,0,0,0,0,0,0,0,0,0,0,0,0,0,0,0,0,0,0,0,0,0,0,0,0,0,0,0,0,105,254,255,255,255,255,255,255,255,255,255,255,255,254,178,110,160,214,253,254,255,255,255,255,255,255,228,52,0,9,196,
0,0,0,0,0,0,0,0,0,0,0,0,0,0,0,0,0,0,0,0,0,0,0,0,0,0,0,0,0,113,254,255,255,255,255,255,255,255,255,255,255,255,197,12,0,0,0,22,94,184,252,255,255,255,255,152,0,0,0,33,
0,0,0,0,0,0,0,0,0,0,0,0,0,0,0,0,0,0,0,0,0,0,0,0,0,0,0,0,0,169,255,255,255,255,255,255,255,255,255,255,255,216,21,0,0,0,0,0,0,0,40,160,249,255,254,78,0,0,0,0,
