0,0,0,0,0,0,0,0,0,0,0,0,0,0,0,0,0,0,0,0,0,0,0,0,0,0,0,0,0,0,0,0,0,0,0,0,171,254,255,255,255,255,255,255,255,255,255,255,255,255,255,255,255,255,255,255,237,95,0,0,
0,0,0,0,0,0,0,0,0,0,0,0,0,0,0,0,0,0,0,0,0,0,0,0,0,0,0,0,0,0,0,0,0,0,0,50,241,255,255,255,255,255,255,255,255,255,255,255,255,255,255,255,255,255,243,140,19,0,0,0,
0,0,0,0,0,0,0,0,0,0,0,0,0,0,0,0,0,0,0,0,0,0,0,0,0,0,0,0,0,0,0,0,0,19,158,252,255,255,255,255,255,255,255,255,255,255,255,255,255,255,255,255,255,254,64,0,0,0,0,0,
0,0,0,0,0,0,0,0,0,0,0,0,0,0,0,0,0,0,0,0,0,0,0,0,0,0,0,0,0,0,0,0,54,228,255,255,255,255,255,255,255,255,255,255,255,255,255,255,255,255,255,255,255,254,139,0,0,0,0,0,
0,0,0,0,0,0,0,0,0,0,0,0,0,0,0,0,0,0,0,0,0,0,0,0,0,0,0,0,0,0,0,31,238,255,255,255,255,255,255,255,255,255,255,255,255,255,255,255,255,255,255,255,255,255,234,9,0,0,0,0,
0,0,0,0,0,0,0,0,0,0,0,0,0,0,0,0,0,0,0,0,0,0,0,0,0,0,0,0,0,0,0,29,232,254,255,255,255,255,255,255,255,255,255,255,255,255,255,255,255,255,255,255,255,255,242,86,0,0,0,0,
0,0,0,0,0,0,0,0,0,0,0,0,0,0,0,0,0,0,0,0,0,0,0,0,0,0,0,0,0,0,0,0,28,91,194,255,255,255,255,255,255,255,255,255,255,255,255,255,255,255,255,255,255,255,210,43,1,0,0,0,
0,0,0,0,0,0,0,0,0,0,0,0,0,0,0,0,0,0,8,18,30,12,7,0,0,0,0,0,0,0,0,0,0,57,225,255,255,255,255,255,255,255,255,255,255,255,255,255,255,255,255,255,253,248,79,0,0,0,0,0,
213,164,117,73,30,0,0,0,0,0,0,0,0,8,74,140,198,235,254,254,254,254,254,238,213,187,146,103,61,9,0,0,46,239,255,255,255,255,255,255,255,255,255,255,255,255,255,254,255,255,255,252,149,99,6,0,0,0,0,0,
255,255,254,254,254,241,207,175,142,131,130,139,189,244,254,255,255,255,255,255,255,255,255,255,255,255,255,255,254,247,200,142,228,255,255,255,255,255,255,255,255,255,255,255,255,255,255,255,255,255,255,122,0,0,0,0,0,0,0,0,
255,255,255,255,255,255,255,255,255,255,255,255,255,255,255,255,255,255,255,255,255,255,255,255,255,255,255,255,255,255,255,255,255,255,255,255,255,255,255,255,255,255,255,255,255,255,255,255,255,255,255,206,9,0,0,0,0,0,0,0,
255,255,255,255,255,255,255,255,255,255,255,255,255,255,255,255,253,235,212,201,205,212,229,244,253,254,254,255,255,255,255,255,255,255,255,255,255,255,255,255,255,255,255,255,255,255,255,255,255,255,255,227,13,0,0,0,0,0,0,0,
255,255,255,255,255,255,255,255,255,255,255,255,255,251,180,90,29,3,0,0,0,0,4,16,39,80,123,173,227,252,254,255,255,255,255,255,255,255,255,255,255,255,255,255,255,255,255,255,255,255,255,231,0,0,0,0,0,0,0,0,
255,255,255,255,255,254,254,254,255,255,254,233,140,34,0,0,0,0,0,0,0,0,0,0,0,0,0,0,7,44,108,183,242,255,255,255,255,255,255,255,255,255,255,255,255,255,255,255,255,255,255,224,0,0,0,0,0,0,0,0,
255,255,255,255,240,107,124,133,125,102,53,4,0,0,0,0,0,0,0,0,0,0,0,0,0,0,0,0,0,0,0,0,68,244,255,255,255,255,255,255,255,255,255,255,255,255,255,255,255,255,255,178,0,0,0,0,0,0,0,0,
255,255,255,255,167,0,0,0,0,0,0,0,0,0,0,0,0,0,0,0,0,0,0,0,0,0,0,0,0,0,0,0,0,100,245,255,255,255,255,255,255,255,255,255,255,255,255,255,255,255,255,90,0,0,0,0,0,0,0,0,
255,254,255,254,86,0,0,0,0,0,0,0,0,0,0,0,0,0,0,0,0,0,0,0,0,0,0,0,0,0,0,0,0,0,74,219,254,254,255,255,255,255,255,255,255,255,255,255,255,255,195,3,0,0,0,0,0,0,0,0,
255,255,255,250,12,0,0,0,0,0,0,0,0,0,0,0,0,0,0,0,0,0,0,0,0,0,0,0,0,0,0,0,0,0,0,8,66,125,252,255,255,255,255,255,255,255,255,255,255,232,30,0,0,0,0,0,0,0,0,0,
255,255,255,202,0,0,0,0,0,0,0,0,0,0,0,0,0,0,0,0,0,0,0,0,0,0,0,0,0,0,0,0,0,0,0,0,0,159,255,255,255,255,255,255,255,255,255,255,255,255,233,96,1,0,0,0,0,0,0,0,
255,255,255,138,0,0,0,0,0,0,0,0,0,0,0,0,0,0,0,0,0,0,0,0,0,0,0,0,0,0,0,0,0,0,0,0,13,237,255,255,255,255,255,255,255,255,255,255,255,255,255,254,190,34,0,0,0,0,0,0,
255,255,255,75,0,0,0,0,0,0,0,0,0,0,0,0,0,0,0,0,0,0,0,0,0,0,0,0,0,0,0,0,0,0,0,0,71,254,255,255,255,255,255,255,255,255,255,255,255,255,255,255,255,242,110,2,0,0,0,0,
255,255,254,27,0,0,0,0,0,0,0,0,0,0,0,0,0,0,0,0,0,0,0,0,0,0,0,0,0,0,0,0,0,0,0,0,118,254,255,255,255,255,255,255,255,255,255,255,255,255,255,255,255,255,254,190,108,90,4,0,
255,255,240,1,0,0,0,0,0,0,0,0,0,0,0,0,0,0,0,0,0,0,0,0,0,0,0,0,0,0,0,0,0,0,0,0,170,253,255,255,255,255,255,255,255,255,255,255,255,255,255,255,255,255,255,255,255,255,202,41,
255,255,197,0,0,0,0,0,0,0,0,0,0,0,0,0,0,0,0,0,0,0,0,0,0,0,0,0,0,0,0,0,0,0,0,1,201,239,255,255,255,255,255,255,255,255,255,255,255,255,255,229,244,255,255,255,255,255,255,242,
255,255,155,0,0,0,0,0,0,0,0,0,0,0,0,0,0,0,0,0,0,0,0,0,0,0,0,0,0,0,0,0,0,0,0,3,80,180,255,255,255,255,255,255,255,255,255,255,255,255,254,93,57,204,254,255,255,255,255,255,
255,255,117,0,0,0,0,0,0,0,0,0,0,0,0,0,0,0,0,0,0,0,0,0,0,0,0,0,0,0,0,0,0,0,0,0,0,185,255,255,255,255,255,255,255,255,255,255,255,255,255,199,1,36,239,255,255,255,255,255,
255,255,76,0,0,0,0,0,0,0,0,0,0,0,0,0,0,0,0,0,0,0,0,0,0,0,0,0,0,0,0,0,0,0,0,0,0,204,255,255,255,255,255,255,255,255,255,255,255,255,255,242,39,8,216,255,255,255,255,255,
255,254,39,0,0,0,0,0,0,0,0,0,0,0,0,0,0,0,0,0,0,0,0,0,0,0,0,0,0,0,0,0,0,0,0,0,1,216,255,255,255,255,255,255,255,255,255,255,255,255,255,242,7,0,158,255,255,255,255,255,
255,251,6,0,0,0,0,0,0,0,0,0,0,0,0,0,0,0,0,0,0,0,0,0,0,0,0,0,0,0,0,0,0,0,0,0,4,225,255,255,255,255,255,255,255,255,255,255,255,255,255,254,55,26,228,255,255,255,255,255,
255,217,0,0,0,0,0,0,0,0,0,0,0,0,0,0,0,0,0,0,0,0,0,0,0,0,0,0,0,0,0,0,0,0,0,0,5,227,255,255,255,255,255,255,255,255,255,255,255,255,255,255,95,170,255,255,255,255,255,255,
255,178,0,0,0,0,0,0,0,0,0,0,0,0,0,0,0,0,0,0,0,0,0,0,0,0,0,0,0,0,0,0,0,0,0,0,1,218,255,255,255,255,255,255,255,255,255,255,255,255,255,254,167,252,255,255,255,255,255,255,
254,142,0,0,0,0,0,0,0,0,0,0,0,0,0,0,0,0,0,0,0,0,0,0,0,0,0,0,0,0,0,0,0,0,0,0,0,209,255,255,255,255,255,255,255,255,255,255,255,255,255,255,247,255,255,255,255,255,255,255,
254,104,0,0,0,0,0,0,0,0,0,0,0,0,0,0,0,0,0,0,0,0,0,0,0,0,0,0,0,0,0,0,0,0,0,0,0,199,255,255,255,255,255,255,255,255,255,255,255,255,255,255,255,255,255,255,255,255,255,255,
254,67,0,0,0,0,0,0,0,0,0,0,0,0,0,0,0,0,0,0,0,0,0,0,0,0,0,0,0,0,0,0,0,0,0,0,0,188,255,255,255,255,255,255,255,255,255,255,255,255,255,255,255,255,255,255,255,255,255,255,
254,32,0,0,0,0,0,0,0,0,0,0,0,0,0,0,0,0,0,0,0,0,0,0,0,0,0,0,0,0,0,0,0,0,0,0,0,180,255,255,255,255,255,255,255,255,255,255,255,255,255,255,255,255,255,255,255,255,255,255,
247,3,0,0,0,0,0,0,0,0,0,0,0,0,0,0,0,0,0,0,0,0,0,0,0,0,0,0,0,0,0,0,0,0,0,0,0,172,255,255,255,255,255,255,255,255,255,255,255,255,255,255,255,255,255,255,255,255,255,255,
217,0,0,0,0,0,0,0,0,0,0,0,0,0,0,0,0,0,0,0,0,0,0,0,0,0,0,0,0,0,0,0,0,0,0,0,0,164,255,255,255,255,255,255,255,255,255,255,255,255,255,255,255,255,255,255,255,255,255,255,
185,0,0,0,0,0,0,0,0,0,0,0,0,0,0,0,0,0,0,0,0,0,0,0,0,0,0,0,0,0,0,0,0,0,0,0,0,157,255,255,255,255,255,255,255,255,255,255,255,255,255,255,255,255,255,255,255,255,255,255,
155,0,0,0,0,0,0,0,0,0,0,0,0,0,0,0,0,0,0,0,0,0,0,0,0,0,0,0,0,0,0,0,0,0,0,0,0,143,255,255,255,255,255,255,255,255,255,255,255,255,255,255,255,255,255,255,255,255,255,255,
124,0,0,0,0,0,0,0,0,0,0,0,0,0,0,0,0,0,0,0,0,0,0,0,0,0,0,0,0,0,0,0,0,0,0,0,0,134,255,255,255,255,255,255,255,255,255,255,255,255,255,255,255,255,255,255,255,255,255,255,
96,0,0,0,0,0,0,0,0,0,0,0,0,0,0,0,0,0,0,0,0,0,0,0,0,0,0,0,0,0,0,0,0,0,0,0,0,134,255,255,255,255,255,255,255,255,255,255,255,255,255,255,255,232,93,132,187,242,254,255,
71,0,0,0,0,0,0,0,0,0,0,0,0,0,0,0,0,0,0,0,0,0,0,0,0,0,0,0,0,0,0,0,0,0,0,0,0,162,255,255,255,255,255,255,255,255,255,255,255,255,255,255,240,53,0,0,0,7,71,160,
51,0,0,0,0,0,0,0,0,0,0,0,0,0,0,0,0,0,0,0,0,0,0,0,0,0,0,0,0,0,0,0,0,0,0,0,13,231,255,255,255,255,255,255,255,255,255,255,255,255,255,251,73,0,0,0,0,0,0,0,
31,0,0,0,0,0,0,0,0,0,0,0,0,0,0,0,0,0,0,0,0,0,0,0,0,0,0,0,0,0,0,0,0,0,0,0,116,254,255,255,255,255,255,255,255,255,255,255,255,255,254,104,0,0,0,0,0,0,0,0,
30,0,0,0,0,0,0,0,0,0,0,0,0,0,0,0,0,0,0,0,0,0,0,0,0,0,0,0,0,0,0,0,0,0,0,38,241,255,255,255,255,255,255,255,255,255,255,255,255,219,111,0,0,0,0,0,0,0,0,0,
