0,0,0,0,0,0,0,0,0,0,0,0,0,0,0,0,0,0,0,0,0,0,0,0,0,222,213,32,254,255,255,254,32,215,222,0,0,0,0,0,0,0,0,0,0,0,0,0,0,0,0,0,0,0,0,0,0,0,0,0,
0,0,0,0,0,0,0,0,0,0,0,0,0,0,0,0,0,0,0,0,0,0,0,0,0,222,249,3,179,153,118,176,3,250,221,0,0,0,0,0,0,0,0,0,0,0,0,0,0,0,0,0,0,0,0,0,0,0,0,0,
0,0,0,0,0,0,0,0,0,0,0,0,0,0,0,0,0,0,0,0,0,0,0,0,0,190,146,3,0,0,0,0,0,97,156,0,0,0,0,0,0,0,0,0,0,0,0,0,0,0,0,0,0,0,0,0,0,0,0,0,
0,0,0,0,0,0,0,0,0,0,0,0,0,0,0,0,0,0,0,0,0,0,0,0,0,49,0,0,0,0,0,0,0,0,0,0,0,0,0,0,0,0,0,0,0,0,0,0,0,0,0,0,0,0,0,0,0,0,0,0,
0,0,0,0,0,0,0,0,0,0,0,0,0,0,0,0,0,0,0,0,0,0,0,0,0,0,0,0,0,0,0,0,0,0,0,0,0,0,0,0,0,2,54,116,77,23,0,0,0,0,0,0,0,0,0,0,0,0,0,0,
0,0,0,0,0,0,0,0,0,0,0,0,0,0,0,0,0,0,0,0,0,0,0,0,0,63,0,0,0,0,0,0,0,0,7,0,0,0,0,0,0,30,168,253,237,145,40,0,0,6,68,133,174,175,150,106,48,9,0,0,
0,0,0,0,0,0,0,0,0,0,0,0,0,0,0,0,0,0,0,0,0,0,0,0,0,190,12,0,0,0,0,0,0,0,139,0,0,0,0,0,0,27,154,249,253,227,104,12,87,216,254,254,254,255,254,254,241,165,60,5,
0,0,0,0,0,0,0,0,0,0,0,0,0,0,0,0,0,0,0,0,0,0,0,0,0,223,137,0,0,0,0,0,0,95,222,0,0,0,0,0,0,4,110,228,255,252,164,158,243,255,255,255,255,255,255,255,255,232,112,8,
0,0,0,0,0,0,0,0,0,0,0,0,0,0,0,0,0,0,0,0,0,0,0,0,0,223,244,26,0,0,0,0,13,234,221,0,0,0,0,0,0,0,47,175,253,255,250,254,255,255,255,255,255,255,255,255,255,253,187,58,
0,0,0,0,0,0,0,0,0,0,0,0,0,0,0,0,0,0,0,0,0,0,0,0,0,223,254,134,0,0,0,0,119,254,221,0,0,0,0,0,0,0,7,112,232,255,255,255,255,255,255,255,255,255,255,255,255,247,164,36,
0,0,0,0,0,0,0,0,0,0,0,0,0,0,0,0,0,0,0,0,0,0,0,0,0,223,254,227,2,0,0,2,220,254,221,0,0,0,0,0,0,0,0,81,223,255,255,255,255,255,255,255,255,255,255,255,255,232,109,11,
0,0,0,0,0,0,0,0,0,0,0,0,0,0,0,0,0,0,0,0,0,0,0,0,0,223,254,254,88,0,0,86,254,254,222,0,0,0,0,0,0,0,0,79,217,255,255,255,255,255,255,255,255,255,255,255,255,228,129,47,
0,0,0,0,0,0,0,0,0,0,0,0,0,0,0,0,0,0,0,0,0,0,0,0,0,223,255,255,166,0,0,165,255,255,221,0,0,0,0,0,0,0,0,55,206,255,255,255,255,255,255,255,255,255,255,255,255,255,217,79,
0,0,0,0,0,0,0,0,0,0,0,0,0,0,0,0,0,0,0,0,0,0,0,0,0,222,255,255,150,0,0,134,243,255,223,0,0,0,0,0,0,0,0,27,169,253,255,255,255,255,255,255,255,255,255,255,255,255,230,99,
0,0,0,0,0,0,0,0,0,0,0,0,0,0,0,0,0,0,0,0,0,0,0,0,0,158,255,255,133,0,0,32,190,255,158,0,0,0,0,0,0,0,0,27,179,254,255,255,255,255,255,255,255,255,255,255,255,255,238,117,
0,0,0,0,0,0,0,0,0,0,0,0,0,0,0,0,0,0,0,0,0,0,0,0,0,20,81,73,33,0,0,0,47,77,21,0,0,0,0,0,0,0,0,69,220,254,255,255,255,255,255,255,255,255,255,255,255,255,244,125,
0,0,0,0,0,0,0,0,0,0,0,0,0,0,0,0,0,0,0,0,0,0,0,0,0,102,104,76,5,0,0,0,65,103,103,0,0,0,0,0,0,0,15,154,252,255,255,255,255,255,255,255,255,255,255,255,254,242,171,58,
0,0,0,0,0,0,0,0,0,0,0,0,0,0,0,0,0,0,0,0,0,0,0,0,0,221,117,8,0,0,0,0,18,139,220,0,0,0,0,0,0,0,83,228,255,255,255,255,255,255,255,255,255,255,255,255,228,91,1,0,
0,0,0,0,0,0,0,0,0,0,0,0,0,0,0,0,0,0,0,0,0,0,0,0,0,135,0,0,0,0,0,0,0,0,123,0,0,0,0,0,0,27,178,254,255,255,255,255,255,255,255,255,255,255,255,255,245,123,13,0,
0,0,0,0,0,0,0,0,0,0,0,0,0,0,0,0,0,0,0,0,0,0,0,0,0,191,41,0,0,0,0,0,0,4,136,0,0,0,0,0,2,95,207,235,255,255,255,255,255,255,255,255,255,254,253,255,254,154,28,0,
0,0,0,0,0,0,0,0,0,0,0,0,0,0,0,0,0,0,0,0,0,0,0,0,0,222,251,190,99,0,0,81,150,222,221,0,0,0,0,0,0,1,37,193,255,255,255,255,255,255,255,255,255,253,254,255,255,212,100,20,
0,0,0,0,0,0,0,0,0,0,0,0,0,0,0,0,0,0,0,0,0,0,0,0,0,222,255,255,235,2,6,240,255,255,221,0,0,0,0,0,0,0,60,215,255,255,255,255,255,255,255,255,255,255,255,255,255,254,248,179,
0,0,0,0,0,0,0,0,0,0,0,0,0,0,0,0,0,0,0,0,0,0,0,0,0,222,255,255,254,85,101,254,255,255,221,0,0,0,0,0,0,0,92,237,255,255,255,255,255,255,255,255,255,255,255,255,255,255,255,254,
0,0,0,0,0,0,0,0,0,0,0,0,0,0,0,0,0,0,0,0,0,0,0,0,0,222,255,255,255,254,254,254,255,255,221,0,0,0,0,0,0,2,129,250,255,255,255,255,255,255,255,255,255,255,255,255,255,255,255,255,
0,0,0,0,0,0,0,0,0,0,0,0,0,0,0,0,0,0,0,0,0,0,0,0,0,222,255,255,255,255,255,255,255,255,221,0,0,0,0,0,0,19,172,254,255,255,255,255,255,255,255,255,255,255,255,255,255,255,255,255,
0,0,0,0,0,0,0,0,0,0,0,0,0,0,0,0,0,0,0,0,0,0,0,0,0,222,255,255,255,255,255,255,255,255,221,0,0,0,0,0,0,65,226,255,255,255,255,255,255,255,255,255,255,255,255,255,255,255,255,255,
0,0,0,0,0,0,0,0,0,0,0,0,0,0,0,0,0,0,0,0,0,0,0,0,0,222,255,255,255,255,255,255,255,255,221,0,0,0,0,0,7,153,254,255,255,255,255,255,255,255,255,255,255,255,255,255,255,255,255,255,
0,0,0,0,0,0,0,0,0,0,0,0,0,0,0,0,0,0,0,0,0,0,0,0,0,222,255,255,255,255,255,255,255,255,221,0,0,0,0,0,67,233,255,255,255,255,255,255,254,251,255,255,255,255,255,255,255,255,255,255,
0,0,0,0,0,0,0,0,0,0,0,0,0,0,0,0,0,0,0,0,0,0,0,0,0,222,255,255,255,255,255,255,255,255,221,0,0,0,0,20,191,254,255,255,255,255,255,255,253,254,255,255,255,255,255,255,255,255,255,255,
0,0,0,0,0,0,0,0,0,0,0,0,0,0,0,0,0,0,0,0,0,0,0,0,0,222,255,255,255,255,255,255,255,255,221,0,0,0,1,124,251,255,255,255,255,255,255,255,252,255,255,255,255,255,255,255,255,255,255,255,
0,0,0,0,0,0,0,0,0,0,0,0,0,0,0,0,0,0,0,0,0,0,0,0,0,222,255,255,255,255,255,255,255,255,221,0,0,0,57,232,251,254,255,255,255,255,255,255,255,255,255,255,255,255,255,255,255,255,255,255,
0,0,0,0,0,0,0,0,0,0,0,0,0,0,0,0,0,0,0,0,0,0,0,0,0,222,255,255,255,255,255,255,255,255,221,0,0,13,184,254,255,255,255,255,255,255,255,255,255,255,255,255,255,255,255,255,255,255,255,255,
0,0,0,0,0,0,0,0,0,0,0,0,0,0,0,0,0,0,0,0,0,0,0,0,0,222,255,255,255,255,255,255,255,255,222,0,0,110,250,255,255,255,255,255,255,255,255,255,255,255,255,255,255,255,255,255,255,255,255,255,
0,0,0,0,0,0,0,0,0,0,0,0,0,0,0,0,0,0,0,0,0,0,0,0,0,222,255,255,255,255,255,255,255,255,222,0,37,223,254,255,255,255,255,255,255,255,255,255,255,255,255,255,255,255,255,255,255,255,255,255,
0,0,0,0,0,0,0,0,0,0,0,0,0,0,0,0,0,0,0,0,0,0,0,0,0,222,255,255,255,255,255,255,255,255,222,0,128,254,255,255,255,255,255,255,255,255,255,255,255,255,255,255,255,255,255,255,254,249,249,255,
0,0,0,0,0,0,0,0,0,0,0,0,0,0,0,0,0,0,0,0,0,0,0,0,0,222,255,255,255,255,255,255,255,255,222,25,216,255,255,255,255,255,255,255,255,255,255,255,255,255,255,255,255,255,255,255,254,236,229,255,
0,0,0,0,0,0,0,0,0,0,0,0,0,0,0,0,0,0,0,0,0,0,0,0,0,222,255,255,255,255,255,255,255,255,223,101,252,255,255,255,255,255,255,255,255,255,254,255,255,255,255,255,255,255,255,255,255,243,231,255,
0,0,0,0,0,0,0,0,0,0,0,0,0,0,0,0,0,0,0,0,0,0,0,0,0,222,255,255,255,255,255,255,255,255,234,208,255,255,255,255,255,255,255,255,249,225,237,255,255,255,255,255,255,255,255,255,255,241,214,254,
0,0,0,0,0,0,0,0,0,0,0,0,0,0,0,0,0,0,0,0,0,0,0,0,0,222,255,255,255,255,255,255,255,255,245,247,254,255,255,255,255,255,255,255,239,218,252,255,255,255,255,255,255,255,255,255,255,251,240,255,
0,0,0,0,0,0,0,0,0,0,0,0,0,0,0,0,0,0,0,0,0,0,0,0,0,222,255,255,255,255,255,255,255,255,234,162,255,255,255,255,255,255,255,252,241,243,254,255,255,255,255,255,255,255,255,255,255,255,255,255,
0,0,0,0,0,0,0,0,0,0,0,0,0,0,0,0,0,0,0,0,0,0,0,0,0,222,255,255,255,255,255,255,255,255,223,115,254,255,255,255,255,255,255,231,244,254,255,255,255,255,255,255,255,255,255,255,255,255,255,255,
0,0,0,0,0,0,0,0,0,0,0,0,0,0,0,0,0,0,0,0,0,0,0,0,0,222,255,255,255,255,255,255,255,255,223,99,254,255,255,255,255,255,253,204,250,249,254,255,255,255,255,255,255,255,255,255,255,255,255,255,
0,0,0,0,0,0,0,0,0,0,0,0,0,0,0,0,0,0,0,0,0,0,0,0,0,222,255,255,255,255,255,255,255,255,223,116,254,255,254,255,255,255,249,198,224,237,255,255,255,255,255,255,255,255,255,255,255,255,255,255,
0,0,0,0,0,0,0,0,0,0,0,0,0,0,0,0,0,0,0,0,0,0,0,0,0,222,255,255,255,255,255,255,255,255,223,138,255,255,255,255,255,255,237,183,177,236,255,255,255,255,255,255,255,255,255,255,255,255,255,255,
0,0,0,0,0,0,0,0,0,0,0,0,0,0,0,0,0,0,0,0,0,0,0,0,0,222,255,255,255,255,255,255,255,255,222,137,255,255,255,255,255,253,179,105,164,250,255,255,255,255,255,255,255,255,255,255,255,255,255,255,
