0,0,0,0,0,0,0,133,255,255,255,255,255,255,255,255,255,255,255,255,255,255,255,255,255,254,79,0,0,0,0,0,0,0,0,0,39,247,255,255,255,255,255,255,255,255,255,255,255,255,255,255,133,0,0,0,0,0,0,0,
0,0,0,0,0,0,0,134,255,255,255,255,255,255,255,255,255,255,255,255,255,255,255,255,255,255,153,0,0,0,0,0,0,0,0,0,171,255,255,255,255,255,255,255,255,255,255,255,255,255,255,255,132,0,0,0,0,0,0,0,
0,0,0,0,0,0,0,133,255,255,255,255,255,255,255,255,255,255,255,255,255,255,255,255,255,255,215,0,0,0,0,0,0,0,0,35,252,255,255,255,255,255,255,255,255,255,255,255,255,255,255,255,132,0,0,0,0,0,0,0,
0,0,0,0,0,0,0,134,255,255,255,255,255,255,255,255,255,255,255,255,255,255,255,255,255,255,253,21,0,0,0,0,0,0,0,142,255,255,255,255,255,255,255,255,255,255,255,255,255,255,255,255,132,0,0,0,0,0,0,0,
0,0,0,0,0,0,0,133,255,255,255,255,255,255,255,255,255,255,255,255,255,255,255,255,255,255,254,83,0,0,0,0,0,0,16,239,255,255,255,255,255,255,255,255,255,255,255,255,255,255,255,255,131,0,0,0,0,0,0,0,
0,0,0,0,0,0,0,133,255,255,255,255,255,255,255,255,255,255,255,255,255,255,255,255,255,255,255,166,0,0,0,0,0,0,145,254,255,255,255,255,255,255,255,255,255,255,255,255,255,255,255,255,132,0,0,0,0,0,0,0,
0,0,0,0,0,0,0,133,255,255,255,255,255,255,255,255,255,255,255,255,255,255,255,255,255,255,255,246,19,0,0,0,0,68,222,254,203,245,254,255,255,255,255,255,255,255,255,255,255,255,255,255,133,0,0,0,0,0,0,0,
0,0,0,0,0,0,0,134,255,255,255,255,255,255,255,255,255,255,255,255,255,255,255,255,255,255,255,254,78,0,0,0,0,27,207,136,29,82,191,255,255,255,255,255,255,255,255,255,255,255,255,255,132,0,0,0,0,0,0,0,
0,0,0,0,0,0,0,134,255,255,255,255,255,255,255,255,255,255,255,255,255,255,255,255,255,255,255,254,83,0,0,0,0,28,110,18,0,8,97,254,255,255,255,255,255,255,255,255,255,255,255,255,132,0,0,0,0,0,0,0,
0,0,0,0,0,0,0,134,255,255,255,255,255,255,255,255,255,255,255,255,255,255,255,255,255,255,255,254,59,0,0,0,0,10,1,2,0,0,64,251,255,255,255,255,255,255,255,255,255,255,255,255,133,0,0,0,0,0,0,0,
0,0,0,0,0,0,0,133,254,255,255,255,255,255,255,255,255,255,255,255,255,255,255,255,255,255,255,252,17,0,0,0,0,0,0,0,0,0,36,253,255,255,255,255,255,255,255,255,255,255,255,255,133,0,0,0,0,0,0,0,
0,0,0,0,0,0,0,133,254,255,255,255,255,255,255,255,255,255,255,255,255,255,255,255,255,255,255,224,0,0,0,0,0,0,0,0,0,0,131,254,255,255,255,255,255,255,255,255,255,255,255,255,132,0,0,0,0,0,0,0,
0,0,0,0,0,0,0,134,255,255,255,255,255,255,255,255,255,255,255,255,255,255,255,255,255,255,255,229,0,0,0,0,0,0,0,0,0,7,118,174,169,206,225,254,255,255,255,255,255,255,255,255,132,0,0,0,0,0,0,0,
0,0,0,0,0,0,0,134,255,255,255,255,255,255,255,255,255,255,255,254,169,167,180,179,179,179,178,151,23,0,0,0,0,0,0,0,0,0,0,0,0,0,40,208,255,255,255,255,255,255,255,255,133,0,0,0,0,0,0,0,
0,0,0,0,0,0,0,133,255,255,255,255,255,255,255,255,255,254,255,226,23,0,0,0,0,0,0,0,0,0,0,0,0,0,0,0,0,0,0,1,0,0,25,206,255,255,255,255,255,255,255,255,133,0,0,0,0,0,0,0,
0,0,0,0,0,0,0,133,255,255,255,255,255,255,255,255,255,254,252,51,0,35,65,64,57,55,34,19,11,0,0,0,0,0,0,0,43,176,205,241,127,0,68,241,255,255,255,255,255,255,255,255,133,0,0,0,0,0,0,0,
0,0,0,0,0,0,0,134,255,255,255,255,255,255,255,255,255,255,215,121,1,196,254,254,254,254,254,254,254,161,0,0,0,0,0,0,153,255,255,255,249,34,51,201,250,255,255,255,255,255,255,255,133,0,0,0,0,0,0,0,
0,0,0,0,0,0,0,133,255,255,255,255,255,255,255,255,255,255,254,115,170,254,255,255,255,255,255,255,255,180,0,0,0,0,0,8,241,255,255,255,254,199,70,96,216,255,255,255,255,255,255,255,133,0,0,0,0,0,0,0,
0,0,0,0,0,0,0,133,255,255,255,255,255,255,255,255,255,255,254,229,255,255,255,255,255,254,254,207,208,44,0,0,0,0,0,14,104,106,103,209,255,255,254,254,254,255,255,255,255,255,255,255,132,0,0,0,0,0,0,0,
0,0,0,0,0,0,0,133,255,255,255,255,255,255,255,255,255,255,255,255,255,255,255,255,187,67,16,0,0,0,0,0,0,0,0,0,0,0,0,75,254,255,255,255,255,255,255,255,255,255,255,255,132,0,0,0,0,0,0,0,
0,0,0,0,0,0,0,134,255,255,255,255,255,255,255,255,255,255,255,255,255,255,255,236,19,0,0,0,0,0,0,0,0,0,0,0,1,53,156,247,255,255,255,255,255,255,255,255,255,255,255,255,133,0,0,0,0,0,0,0,
0,0,0,0,0,0,0,133,255,255,255,255,255,255,255,255,255,255,255,255,255,255,255,253,120,14,0,0,0,0,0,0,0,0,13,151,220,254,255,255,255,255,255,255,255,255,255,255,255,255,255,255,132,0,0,0,0,0,0,0,
0,0,0,0,0,0,0,133,255,255,255,255,255,255,255,255,255,255,255,255,255,255,255,255,255,243,51,0,1,0,0,0,0,0,86,255,255,255,255,255,255,255,255,255,255,255,255,255,255,255,255,255,132,0,0,0,0,0,0,0,
0,0,0,0,0,0,0,134,255,255,255,255,255,255,255,255,255,255,255,255,255,255,255,255,255,255,248,201,187,34,0,0,0,0,92,253,255,255,255,255,255,255,255,255,255,255,255,255,255,255,255,255,133,0,0,0,0,0,0,0,
0,0,0,0,0,0,0,134,255,255,255,255,255,255,255,255,255,255,255,255,255,255,255,255,255,255,255,255,255,147,0,0,0,0,106,254,255,255,255,255,255,255,255,255,255,255,255,255,255,255,255,255,132,0,0,0,0,0,0,0,
0,0,0,0,0,0,0,133,255,255,255,255,255,255,255,255,255,255,255,255,255,255,255,255,255,255,255,255,255,247,40,0,0,0,159,255,255,255,255,255,255,255,255,255,255,255,255,255,255,255,255,255,132,0,0,0,0,0,0,0,
0,0,0,0,0,0,0,134,255,255,255,255,255,255,255,255,255,255,255,255,255,255,255,255,255,255,255,255,255,255,216,26,0,17,236,255,255,255,255,255,255,255,255,255,255,255,255,255,255,255,255,255,133,0,0,0,0,0,0,0,
0,0,0,0,0,0,0,133,254,255,255,255,255,255,255,255,255,255,255,255,255,255,255,255,255,255,255,255,255,255,255,234,176,221,254,255,255,255,255,255,255,255,255,255,255,255,255,255,255,255,255,255,132,0,0,0,0,0,0,0,
0,0,0,0,0,0,0,133,255,255,255,255,255,255,255,255,255,255,255,255,255,255,255,255,255,255,255,255,255,255,255,255,255,255,255,255,255,255,255,255,255,255,255,255,255,255,255,255,255,255,255,255,132,0,0,0,0,0,0,0,
0,0,0,0,0,0,0,134,255,255,255,255,255,255,255,255,255,255,255,255,255,255,255,255,255,255,255,255,255,255,255,255,255,255,255,255,255,255,255,255,255,255,255,255,255,255,255,255,255,255,255,255,132,0,0,0,0,0,0,0,
0,0,0,0,0,0,0,134,255,255,255,255,255,255,255,255,255,255,255,255,255,255,255,255,255,255,255,255,255,255,255,255,255,255,255,255,255,255,255,255,255,255,255,255,255,255,255,255,255,255,255,255,132,0,0,0,0,0,0,0,
0,0,0,0,0,0,0,134,255,255,255,255,255,255,255,255,255,255,255,255,255,255,255,255,255,255,255,255,255,255,255,255,255,255,255,255,255,255,255,255,255,255,255,255,255,255,255,255,255,255,255,255,132,0,0,0,0,0,0,0,
0,0,0,0,0,0,0,134,255,255,255,255,255,255,255,255,255,255,255,255,255,255,255,255,255,255,255,255,255,255,255,255,255,255,255,255,255,255,255,255,255,255,255,255,255,255,255,255,255,255,255,255,132,0,0,0,0,0,0,0,
0,0,0,0,0,0,0,134,255,255,255,255,255,255,255,255,255,255,255,255,255,255,255,255,255,255,255,255,255,255,255,255,255,255,255,255,255,255,255,255,255,255,255,255,255,255,255,255,255,255,255,255,132,0,0,0,0,0,0,0,
0,0,0,0,0,0,0,134,255,255,255,255,255,255,255,255,255,255,255,255,255,255,255,255,255,255,255,255,255,255,255,255,255,255,255,255,255,255,255,255,255,255,255,255,255,255,255,255,255,255,255,255,132,0,0,0,0,0,0,0,
0,0,0,0,0,0,0,134,255,255,255,255,255,255,255,255,255,255,255,255,255,255,255,255,255,255,255,255,255,255,255,255,255,255,255,255,255,255,255,255,255,255,255,255,255,255,255,255,255,255,255,255,132,0,0,0,0,0,0,0,
0,0,0,0,0,0,0,134,255,255,255,255,255,255,255,255,255,255,255,255,255,255,255,255,255,255,255,255,255,255,255,255,255,255,255,255,255,255,255,255,255,255,255,255,255,255,255,255,255,255,255,255,132,0,0,0,0,0,0,0,
0,0,0,0,0,0,0,134,255,255,255,255,255,255,255,255,255,255,255,255,255,255,255,255,255,255,255,255,255,255,255,255,255,255,255,255,255,255,255,255,255,255,255,255,255,255,255,255,255,255,255,255,132,0,0,0,0,0,0,0,
0,0,0,0,0,0,0,134,255,255,255,255,255,255,255,255,255,255,255,255,255,255,255,255,255,255,255,255,255,255,255,255,255,255,255,255,255,255,255,255,255,255,255,255,255,255,255,255,255,255,255,255,132,0,0,0,0,0,0,0,
0,0,0,0,0,0,0,134,255,255,255,255,255,255,255,255,255,255,255,255,255,255,255,255,255,255,255,255,255,255,255,255,255,255,255,255,255,255,255,255,255,255,255,255,255,255,255,255,255,255,255,255,132,0,0,0,0,0,0,0,
0,0,0,0,0,0,0,134,255,255,255,255,255,255,255,255,255,255,255,255,255,255,255,255,255,255,255,255,255,255,255,255,255,255,255,255,255,255,255,255,255,255,255,255,255,255,255,255,255,255,255,255,132,0,0,0,0,0,0,0,
0,0,0,0,0,0,0,134,255,255,255,255,255,255,255,255,255,255,255,255,255,255,255,255,255,255,255,255,255,255,255,255,255,255,255,255,255,255,255,255,255,255,255,255,255,255,255,255,255,255,255,255,132,0,0,0,0,0,0,0,
0,0,0,0,0,0,0,134,255,255,255,255,255,255,255,255,255,255,255,255,255,255,255,255,255,255,255,255,255,255,255,255,255,255,255,255,255,255,255,255,255,255,255,255,255,255,255,255,255,255,255,255,132,0,0,0,0,0,0,0,
0,0,0,0,0,0,0,134,255,255,255,255,255,255,255,255,255,255,255,255,255,255,255,255,255,255,255,255,255,255,255,255,255,255,255,255,255,255,255,255,255,255,255,255,255,255,255,255,255,255,255,255,132,0,0,0,0,0,0,0,
0,0,0,0,0,0,0,134,255,255,255,255,255,255,255,255,255,255,255,255,255,255,255,255,255,255,255,255,255,255,255,255,255,255,255,255,255,255,255,255,255,255,255,255,255,255,255,255,255,255,255,255,132,0,0,0,0,0,0,0,
