0,0,0,0,0,46,254,255,255,255,255,255,255,255,255,255,255,255,255,255,255,255,255,255,255,255,225,0,0,0,0,0,0,0,0,0,140,255,255,255,255,255,255,255,255,255,255,255,255,255,255,255,255,254,48,0,0,0,0,0,
0,0,0,0,0,46,253,255,255,255,255,255,255,255,255,255,255,255,255,255,255,255,255,255,255,255,253,12,0,0,0,0,0,0,0,12,241,255,255,255,255,255,255,255,255,255,255,255,255,255,255,255,255,254,47,0,0,0,0,0,
0,0,0,0,0,46,254,255,255,255,255,255,255,255,255,255,255,255,255,255,255,255,255,255,255,255,254,54,0,0,0,0,0,0,0,104,255,255,255,255,255,255,255,255,255,255,255,255,255,255,255,255,255,254,48,0,0,0,0,0,
0,0,0,0,0,46,254,255,255,255,255,255,255,255,255,255,255,255,255,255,255,255,255,255,255,255,255,103,0,0,0,0,0,0,4,218,255,255,255,255,255,255,255,255,255,255,255,255,255,255,255,255,255,255,48,0,0,0,0,0,
0,0,0,0,0,46,254,255,255,255,255,255,255,255,255,255,255,255,255,255,255,255,255,255,255,255,255,165,0,0,0,0,0,0,116,255,255,255,255,255,255,255,255,255,255,255,255,255,255,255,255,255,255,254,48,0,0,0,0,0,
0,0,0,0,0,46,254,255,255,255,255,255,255,255,255,255,255,255,255,255,255,255,255,255,255,255,255,235,2,0,0,0,0,52,246,218,246,248,187,243,253,255,255,255,255,255,255,255,255,255,255,255,255,254,48,0,0,0,0,0,
0,0,0,0,0,46,254,255,255,255,255,255,255,255,255,255,255,255,255,255,255,255,255,255,255,255,255,254,46,0,0,0,1,186,139,83,236,96,11,96,191,254,255,255,255,255,255,255,255,255,255,255,255,255,48,0,0,0,0,0,
0,0,0,0,0,46,254,255,255,255,255,255,255,255,255,255,255,255,255,255,255,255,255,255,255,255,255,255,62,0,0,0,15,128,13,153,62,14,0,10,90,254,255,255,255,255,255,255,255,255,255,255,255,255,48,0,0,0,0,0,
0,0,0,0,0,46,255,255,255,255,255,255,255,255,255,255,255,255,255,255,255,255,255,255,255,255,255,254,41,0,0,0,1,21,0,43,0,0,0,4,54,254,255,255,255,255,255,255,255,255,255,255,255,255,48,0,0,0,0,0,
0,0,0,0,0,46,254,255,255,255,255,255,255,255,255,255,255,255,255,255,255,255,255,255,255,255,255,238,1,0,0,0,0,0,0,0,0,0,0,0,77,254,255,255,255,255,255,255,255,255,255,255,255,255,48,0,0,0,0,0,
0,0,0,0,0,46,254,255,255,255,255,255,255,255,255,255,255,255,255,255,255,255,255,255,255,255,255,180,0,0,0,0,0,0,0,0,0,0,0,0,175,255,255,255,255,255,255,255,255,255,255,255,255,255,48,0,0,0,0,0,
0,0,0,0,0,46,254,255,255,255,255,255,255,255,255,255,255,255,255,255,255,255,254,254,255,255,255,129,0,0,0,0,0,0,0,0,0,0,0,50,239,254,255,255,255,255,255,255,255,255,255,255,255,255,48,0,0,0,0,0,
0,0,0,0,0,46,254,255,255,255,255,255,255,255,255,255,255,255,255,255,255,253,110,75,115,136,152,104,0,0,0,0,0,0,0,0,0,0,0,65,169,254,255,255,255,255,255,255,255,255,255,255,255,254,48,0,0,0,0,0,
0,0,0,0,0,46,254,255,255,255,255,255,255,255,255,255,255,255,255,255,254,161,6,0,0,0,0,0,0,0,0,0,0,0,0,0,0,0,0,39,229,255,255,255,255,255,255,255,255,255,255,255,255,254,48,0,0,0,0,0,
0,0,0,0,0,46,254,255,255,255,255,255,255,255,255,255,255,255,255,255,209,20,0,29,68,40,19,1,0,0,0,0,0,0,0,0,0,0,0,59,234,255,255,255,255,255,255,255,255,255,255,255,255,255,48,0,0,0,0,0,
0,0,0,0,0,46,254,255,255,255,255,255,255,255,255,255,255,255,255,254,199,105,11,186,254,253,243,176,69,7,0,0,0,0,0,0,0,7,100,228,254,255,255,255,255,255,255,255,255,255,255,255,255,255,48,0,0,0,0,0,
0,0,0,0,0,46,254,255,255,255,255,255,255,255,255,255,255,255,255,255,252,110,214,254,255,255,255,255,254,240,33,0,0,0,0,0,0,171,254,255,255,255,255,255,255,255,255,255,255,255,255,255,255,255,48,0,0,0,0,0,
0,0,0,0,0,46,254,255,255,255,255,255,255,255,255,255,255,255,255,255,251,250,255,255,255,255,255,255,255,249,20,0,0,0,0,0,25,252,254,254,255,255,255,255,255,255,255,255,255,255,255,255,255,255,48,0,0,0,0,0,
0,0,0,0,0,46,254,255,255,255,255,255,255,255,255,255,255,255,255,255,255,255,255,255,255,255,254,254,223,112,0,0,0,0,0,0,0,17,26,32,188,255,255,255,255,255,255,255,255,255,255,255,255,254,48,0,0,0,0,0,
0,0,0,0,0,46,254,255,255,255,255,255,255,255,255,255,255,255,255,255,255,255,255,255,255,214,115,59,0,0,0,0,0,0,0,0,0,0,0,0,68,254,255,255,255,255,255,255,255,255,255,255,255,254,48,0,0,0,0,0,
0,0,0,0,0,46,254,255,255,255,255,255,255,255,255,255,255,255,255,255,255,255,255,254,97,7,0,0,0,0,0,0,0,0,0,0,0,0,22,135,243,255,255,255,255,255,255,255,255,255,255,255,255,254,48,0,0,0,0,0,
0,0,0,0,0,46,254,255,255,255,255,255,255,255,255,255,255,255,255,255,255,255,255,195,3,0,0,0,0,0,0,0,0,0,0,4,70,159,247,255,255,255,255,255,255,255,255,255,255,255,255,255,255,255,48,0,0,0,0,0,
0,0,0,0,0,46,254,255,255,255,255,255,255,255,255,255,255,255,255,255,255,255,255,201,5,0,0,0,0,0,0,0,0,0,0,131,254,255,255,255,255,255,255,255,255,255,255,255,255,255,255,255,255,255,48,0,0,0,0,0,
0,0,0,0,0,46,254,255,255,255,255,255,255,255,255,255,255,255,255,255,255,255,255,255,218,138,51,0,0,0,0,0,0,0,0,141,228,255,255,255,255,255,255,255,255,255,255,255,255,255,255,255,255,255,48,0,0,0,0,0,
0,0,0,0,0,46,254,255,255,255,255,255,255,255,255,255,255,255,255,255,255,255,255,255,255,255,253,221,201,117,0,0,0,0,0,8,202,255,255,255,255,255,255,255,255,255,255,255,255,255,255,255,255,255,48,0,0,0,0,0,
0,0,0,0,0,46,254,255,255,255,255,255,255,255,255,255,255,255,255,255,255,255,255,255,255,255,255,255,255,246,38,0,0,0,0,70,254,255,255,255,255,255,255,255,255,255,255,255,255,255,255,255,255,255,48,0,0,0,0,0,
0,0,0,0,0,46,254,255,255,255,255,255,255,255,255,255,255,255,255,255,255,255,255,255,255,255,255,255,255,255,198,4,0,0,0,145,255,255,255,255,255,255,255,255,255,255,255,255,255,255,255,255,255,255,48,0,0,0,0,0,
0,0,0,0,0,46,254,255,255,255,255,255,255,255,255,255,255,255,255,255,255,255,255,255,255,255,255,255,255,255,254,166,15,0,36,238,255,255,255,255,255,255,255,255,255,255,255,255,255,255,255,255,255,255,48,0,0,0,0,0,
0,0,0,0,0,46,255,255,255,255,255,255,255,255,255,255,255,255,255,255,255,255,255,255,255,255,255,255,255,255,255,254,244,223,246,255,255,255,255,255,255,255,255,255,255,255,255,255,255,255,255,255,255,255,48,0,0,0,0,0,
0,0,0,0,0,46,255,255,255,255,255,255,255,255,255,255,255,255,255,255,255,255,255,255,255,255,255,255,255,255,255,255,255,255,255,255,255,255,255,255,255,255,255,255,255,255,255,255,255,255,255,255,255,255,48,0,0,0,0,0,
0,0,0,0,0,46,255,255,255,255,255,255,255,255,255,255,255,255,255,255,255,255,255,255,255,255,255,255,255,255,255,255,255,255,255,255,255,255,255,255,255,255,255,255,255,255,255,255,255,255,255,255,255,255,48,0,0,0,0,0,
0,0,0,0,0,46,255,255,255,255,255,255,255,255,255,255,255,255,255,255,255,255,255,255,255,255,255,255,255,255,255,255,255,255,255,255,255,255,255,255,255,255,255,255,255,255,255,255,255,255,255,255,255,255,48,0,0,0,0,0,
0,0,0,0,0,46,255,255,255,255,255,255,255,255,255,255,255,255,255,255,255,255,255,255,255,255,255,255,255,255,255,255,255,255,255,255,255,255,255,255,255,255,255,255,255,255,255,255,255,255,255,255,255,255,48,0,0,0,0,0,
0,0,0,0,0,46,255,255,255,255,255,255,255,255,255,255,255,255,255,255,255,255,255,255,255,255,255,255,255,255,255,255,255,255,255,255,255,255,255,255,255,255,255,255,255,255,255,255,255,255,255,255,255,255,48,0,0,0,0,0,
0,0,0,0,0,46,255,255,255,255,255,255,255,255,255,255,255,255,255,255,255,255,255,255,255,255,255,255,255,255,255,255,255,255,255,255,255,255,255,255,255,255,255,255,255,255,255,255,255,255,255,255,255,255,48,0,0,0,0,0,
0,0,0,0,0,46,255,255,255,255,255,255,255,255,255,255,255,255,255,255,255,255,255,255,255,255,255,255,255,255,255,255,255,255,255,255,255,255,255,255,255,255,255,255,255,255,255,255,255,255,255,255,255,255,48,0,0,0,0,0,
0,0,0,0,0,46,255,255,255,255,255,255,255,255,255,255,255,255,255,255,255,255,255,255,255,255,255,255,255,255,255,255,255,255,255,255,255,255,255,255,255,255,255,255,255,255,255,255,255,255,255,255,255,255,48,0,0,0,0,0,
0,0,0,0,0,46,255,255,255,255,255,255,255,255,255,255,255,255,255,255,255,255,255,255,255,255,255,255,255,255,255,255,255,255,255,255,255,255,255,255,255,255,255,255,255,255,255,255,255,255,255,255,255,255,48,0,0,0,0,0,
0,0,0,0,0,46,255,255,255,255,255,255,255,255,255,255,255,255,255,255,255,255,255,255,255,255,255,255,255,255,255,255,255,255,255,255,255,255,255,255,255,255,255,255,255,255,255,255,255,255,255,255,255,255,48,0,0,0,0,0,
0,0,0,0,0,46,255,255,255,255,255,255,255,255,255,255,255,255,255,255,255,255,255,255,255,255,255,255,255,255,255,255,255,255,255,255,255,255,255,255,255,255,255,255,255,255,255,255,255,255,255,255,255,255,48,0,0,0,0,0,
0,0,0,0,0,46,255,255,255,255,255,255,255,255,255,255,255,255,255,255,255,255,255,255,255,255,255,255,255,255,255,255,255,255,255,255,255,255,255,255,255,255,255,255,255,255,255,255,255,255,255,255,255,255,48,0,0,0,0,0,
0,0,0,0,0,46,255,255,255,255,255,255,255,255,255,255,255,255,255,255,255,255,255,255,255,255,255,255,255,255,255,255,255,255,255,255,255,255,255,255,255,255,255,255,255,255,255,255,255,255,255,255,255,255,48,0,0,0,0,0,
0,0,0,0,0,46,255,255,255,255,255,255,255,255,255,255,255,255,255,255,255,255,255,255,255,255,255,255,255,255,255,255,255,255,255,255,255,255,255,255,255,255,255,255,255,255,255,255,255,255,255,255,255,255,48,0,0,0,0,0,
0,0,0,0,0,46,255,255,255,255,255,255,255,255,255,255,255,255,255,255,255,255,255,255,255,255,255,255,255,255,255,255,255,255,255,255,255,255,255,255,255,255,255,255,255,255,255,255,255,255,255,255,255,255,48,0,0,0,0,0,
0,0,0,0,0,47,254,255,255,255,255,255,255,255,255,255,255,255,255,255,255,255,255,255,255,255,255,255,255,255,255,255,255,255,255,255,255,255,255,255,255,255,255,255,255,255,255,255,255,255,255,255,255,255,48,0,0,0,0,0,
