255,255,255,255,255,255,255,255,255,255,255,255,255,255,255,255,255,255,255,255,255,255,255,255,255,179,0,0,0,0,0,0,0,6,0,0,0,0,0,0,0,26,10,80,254,255,255,255,255,255,255,255,255,255,255,255,255,255,255,142,
255,255,255,255,255,255,255,255,255,255,255,255,255,255,255,255,255,255,255,255,255,255,255,255,255,241,2,0,0,0,0,0,0,0,0,0,0,0,0,0,0,51,0,134,254,255,255,255,255,255,255,255,255,255,255,255,255,255,255,142,
255,255,255,255,255,255,255,255,255,255,255,255,255,255,255,255,255,255,255,255,255,255,255,255,255,254,42,0,0,0,0,0,0,0,0,0,0,0,0,0,11,37,5,227,255,255,255,255,255,255,255,255,255,255,255,255,255,255,255,142,
255,255,255,255,255,255,255,255,255,255,255,255,255,255,255,255,255,255,255,255,255,255,255,255,255,255,90,0,0,0,0,0,0,0,0,0,0,0,0,0,25,0,96,254,255,255,255,255,255,255,255,255,255,255,255,255,255,255,255,142,
255,255,255,255,255,255,255,255,255,255,255,255,255,255,255,255,255,255,255,255,255,255,255,255,255,255,134,0,0,0,0,0,0,0,0,0,0,0,0,0,3,2,212,255,255,255,255,255,255,255,255,255,255,255,255,255,255,255,255,142,
255,255,255,255,255,255,255,255,255,255,255,255,255,255,255,255,255,255,255,255,255,255,255,255,255,255,170,0,0,0,0,0,0,0,0,0,0,0,0,0,0,85,254,255,255,255,255,255,255,255,255,255,255,255,255,255,255,255,255,142,
255,255,255,255,255,255,255,255,255,255,255,255,255,255,255,255,255,255,255,255,255,255,255,255,255,255,189,0,0,0,0,0,0,0,0,0,0,0,0,0,3,217,255,255,255,255,255,255,255,255,255,255,255,255,255,255,255,255,255,142,
255,255,255,255,255,255,255,255,255,255,255,255,255,255,255,255,255,255,255,255,255,255,255,255,255,255,212,0,0,0,0,0,0,0,0,0,0,0,0,0,90,254,255,253,254,255,255,255,255,255,255,255,255,255,255,255,255,255,255,142,
255,255,255,255,255,255,255,255,255,255,255,255,255,255,255,255,255,255,255,255,255,255,255,255,255,255,241,1,0,0,0,0,0,0,0,0,0,0,0,0,188,255,238,55,71,198,255,255,255,255,255,255,255,255,255,255,255,255,255,142,
255,255,255,255,255,255,255,255,255,255,255,255,255,255,255,255,255,255,255,255,255,255,255,255,255,255,254,35,0,0,0,0,0,0,0,0,0,0,0,17,251,229,30,0,1,108,255,255,255,255,255,255,255,255,255,255,255,255,255,142,
255,255,255,255,255,255,255,255,255,255,255,255,255,255,255,255,255,255,255,255,255,255,255,255,255,255,255,91,0,0,0,0,0,0,0,0,0,0,0,1,231,135,0,0,0,161,255,255,255,255,255,255,255,255,255,255,255,255,255,142,
255,255,255,255,255,255,255,255,255,255,255,255,255,255,255,255,255,255,255,255,255,255,255,255,255,255,255,102,0,0,0,0,0,0,0,0,0,0,0,0,84,20,0,0,0,218,255,255,255,255,255,255,255,255,255,255,255,255,255,142,
255,255,255,255,255,255,255,255,255,255,255,255,255,255,255,255,255,255,255,255,255,255,255,255,255,255,248,28,0,0,0,0,0,0,0,0,0,0,0,0,0,0,0,0,28,254,255,255,255,255,255,255,255,255,255,255,255,255,255,142,
255,255,255,255,255,255,255,255,255,255,255,255,255,255,255,255,255,255,255,255,255,255,255,255,255,254,121,0,0,0,0,0,0,0,0,0,0,0,0,0,0,0,0,0,98,255,255,255,255,255,255,255,255,255,255,255,255,255,255,142,
255,255,255,255,255,255,255,255,255,255,255,255,255,255,255,255,255,255,255,255,255,255,255,255,252,116,0,0,0,0,0,0,9,0,0,0,0,0,0,0,0,0,0,0,184,255,255,255,255,255,255,255,255,255,255,255,255,255,255,142,
255,255,255,255,255,255,255,255,255,255,255,255,255,255,255,255,255,255,255,255,255,255,255,254,110,0,0,0,0,18,126,217,199,21,0,0,0,0,0,0,0,0,0,33,252,255,255,255,255,255,254,219,254,255,255,255,255,255,255,142,
255,255,255,255,255,255,255,255,255,255,255,255,255,255,255,255,255,255,255,255,255,255,255,197,0,0,0,0,17,225,255,255,255,88,0,0,0,0,0,0,0,0,0,140,255,255,255,255,255,252,124,144,255,255,255,255,255,255,255,142,
255,255,255,255,255,255,255,255,255,255,255,255,255,255,255,255,255,255,255,255,255,255,254,59,0,0,0,0,130,254,255,255,222,53,0,0,0,0,0,0,0,0,0,212,255,255,255,255,254,99,21,249,255,255,255,255,255,255,255,142,
255,255,255,255,255,255,255,255,255,255,255,255,255,255,255,255,255,255,255,255,255,254,168,0,0,0,0,9,234,255,255,230,10,0,0,0,0,0,0,0,0,0,0,77,246,255,255,254,156,0,100,255,255,255,255,255,255,255,255,142,
255,255,255,255,255,255,255,255,255,255,255,255,255,255,255,255,255,255,255,255,255,234,23,0,0,0,0,126,254,255,255,246,2,0,0,0,0,0,0,0,0,0,0,0,55,237,255,214,13,0,138,255,255,255,255,255,255,255,255,142,
255,255,255,255,255,255,255,255,255,255,255,255,255,255,255,255,255,255,255,255,254,87,0,0,0,0,57,250,255,255,255,254,46,0,0,0,0,0,0,0,0,0,0,0,0,54,141,21,0,0,147,255,255,255,255,255,255,255,255,142,
255,255,255,255,255,255,255,255,255,255,255,255,255,255,255,255,255,255,255,254,171,0,0,0,0,27,228,255,255,255,255,254,105,9,0,0,0,0,0,0,0,0,0,0,0,0,0,0,0,0,134,255,255,255,255,255,255,255,255,142,
255,255,255,255,255,255,255,255,255,255,255,255,255,255,255,255,255,255,255,253,36,0,0,0,11,204,255,255,255,255,255,254,200,7,0,0,0,0,0,0,0,0,0,0,0,0,0,0,0,0,106,255,255,255,255,255,255,255,255,142,
255,255,255,255,255,255,255,255,255,255,255,255,255,255,255,255,255,255,255,223,0,0,0,0,158,255,255,255,255,255,255,243,44,0,0,0,0,0,0,0,0,0,0,0,0,0,0,0,0,0,75,254,255,255,255,255,255,255,255,142,
255,255,255,255,255,255,255,255,255,255,255,255,255,255,255,255,255,255,255,190,0,0,0,1,235,255,255,255,255,255,254,129,0,0,0,0,0,0,0,0,0,0,0,0,0,0,0,0,0,0,68,255,255,255,255,255,255,255,255,142,
255,255,255,255,255,255,255,255,255,255,255,255,255,255,255,255,255,255,255,154,0,0,0,46,254,255,255,255,255,255,247,15,0,0,0,0,0,0,0,0,0,0,0,0,0,0,0,0,0,0,112,254,255,255,255,255,255,255,255,142,
255,255,255,255,255,255,255,255,255,255,255,255,255,255,255,255,255,255,255,113,0,0,0,114,255,255,255,255,255,254,115,0,0,0,0,0,0,0,0,0,0,0,0,0,0,0,0,0,0,20,223,255,255,255,255,255,255,255,255,142,
255,255,255,255,255,255,255,255,255,255,255,255,255,255,255,255,255,255,255,65,0,0,0,176,255,255,255,255,255,254,53,0,0,0,0,0,0,0,31,0,0,0,0,0,0,0,0,0,63,218,255,255,255,255,255,255,255,255,255,142,
255,255,255,255,255,255,255,255,255,255,255,255,255,255,255,255,255,255,244,9,0,0,0,230,255,255,255,255,254,170,0,0,0,0,0,0,20,149,254,209,119,40,3,0,0,13,80,181,253,255,255,255,255,255,255,255,255,255,255,142,
255,255,255,255,255,255,255,255,255,255,255,255,255,255,255,255,255,255,169,0,0,0,13,254,255,255,255,255,254,75,0,0,0,24,171,180,245,255,255,255,255,254,247,217,227,253,255,255,255,255,255,255,255,255,255,255,255,255,255,142,
255,255,255,255,255,255,255,255,255,255,255,255,255,255,255,255,255,254,74,0,0,0,41,254,255,255,255,255,255,92,0,0,44,222,254,255,255,255,255,255,255,255,255,255,255,255,255,255,255,255,255,255,255,255,255,255,255,255,255,142,
255,255,255,255,255,255,255,255,255,255,255,255,255,255,255,255,255,253,47,0,0,0,69,255,255,255,255,255,255,168,5,75,241,255,255,255,255,255,255,255,255,255,255,255,255,255,255,255,255,255,255,255,255,255,255,255,255,255,255,142,
255,255,255,255,255,255,255,255,255,255,255,255,255,255,255,255,254,170,0,0,33,183,236,255,255,255,255,255,255,254,184,252,255,255,255,255,255,255,255,255,255,255,255,255,255,255,255,255,255,255,255,255,255,255,255,255,255,255,255,142,
255,255,255,255,255,255,255,255,255,255,255,255,255,255,255,235,143,12,0,0,154,255,255,255,255,255,255,255,255,255,255,255,255,255,255,255,255,255,255,255,255,255,255,255,255,255,255,255,255,255,255,255,255,255,255,255,255,255,255,142,
255,255,255,255,255,255,255,255,255,255,255,255,255,255,231,89,20,0,0,24,218,255,255,255,255,255,255,255,255,255,255,255,255,255,255,255,255,255,255,255,255,255,255,255,255,255,255,255,255,255,255,255,255,255,255,255,255,255,255,142,
255,255,255,255,255,255,255,255,255,255,255,255,255,255,202,72,49,34,24,234,255,255,255,255,255,255,255,255,255,255,255,255,255,255,255,255,255,255,255,255,255,255,255,255,255,255,255,255,255,255,255,255,255,255,255,255,255,255,255,142,
255,255,255,255,255,255,255,255,255,255,255,255,255,255,245,92,116,80,174,255,255,255,255,255,255,255,255,255,255,255,255,255,255,255,255,255,255,255,255,255,255,255,255,255,255,255,255,255,255,255,255,255,255,255,255,255,255,255,255,142,
255,255,255,255,255,255,255,255,255,255,255,255,255,255,254,250,191,104,254,255,255,255,255,255,255,255,255,255,255,255,255,255,255,255,255,255,255,255,255,255,255,255,255,255,255,255,255,255,255,255,255,255,255,255,255,255,255,255,255,142,
255,255,255,255,255,255,255,255,255,255,255,255,255,255,255,255,252,253,255,255,255,255,255,255,255,255,255,255,255,255,255,255,255,255,255,255,255,255,255,255,255,255,255,255,255,255,255,255,255,255,255,255,255,255,255,255,255,255,255,142,
255,255,255,255,255,255,255,255,255,255,255,255,255,255,255,255,255,255,255,255,255,255,255,255,255,255,255,255,255,255,255,255,255,255,255,255,255,255,255,255,255,255,255,255,255,255,255,255,255,255,255,255,255,255,255,255,255,255,255,142,
255,255,255,255,255,255,255,255,255,255,255,255,255,255,255,255,255,255,255,255,255,255,255,255,255,255,255,255,255,255,255,255,255,255,255,255,255,255,255,255,255,255,255,255,255,255,255,255,255,255,255,255,255,255,255,255,255,255,255,142,
255,255,255,255,255,255,255,255,255,255,255,255,255,255,255,255,255,255,255,255,255,255,255,255,255,255,255,255,255,255,255,255,255,255,255,255,255,255,255,255,255,255,255,255,255,255,255,255,255,255,255,255,255,255,255,255,255,255,255,142,
255,255,255,255,255,255,255,255,255,255,255,255,255,255,255,255,255,255,255,255,255,255,255,255,255,255,255,255,255,255,255,255,255,255,255,255,255,255,255,255,255,255,255,255,255,255,255,255,255,255,255,255,255,255,255,255,255,255,255,142,
255,255,255,255,255,255,255,255,255,255,255,255,255,255,255,255,255,255,255,255,255,255,255,255,255,255,255,255,255,255,255,255,255,255,255,255,255,255,255,255,255,255,255,255,255,255,255,255,255,255,255,255,255,255,255,255,255,255,255,142,
255,255,255,255,255,255,255,255,255,255,255,255,255,255,255,255,255,255,255,255,255,255,255,255,255,255,255,255,255,255,255,255,255,255,255,255,255,255,255,255,255,255,255,255,255,255,255,255,255,255,255,255,255,255,255,255,255,255,255,142,
