255,255,255,255,255,255,255,255,255,254,58,0,0,0,0,0,0,0,0,1,5,61,176,254,255,255,255,255,255,255,255,255,255,255,255,255,255,255,255,255,255,255,255,255,255,255,254,10,0,0,0,0,0,0,0,0,0,0,0,0,
255,255,255,255,255,255,255,255,255,255,166,0,0,0,0,0,0,0,0,0,0,5,134,254,255,255,255,255,255,255,255,255,255,255,255,255,255,255,255,255,255,255,255,255,255,255,255,10,0,0,0,0,0,0,0,0,0,0,0,0,
255,255,255,255,255,255,255,255,255,255,251,40,0,0,0,0,0,0,13,0,0,0,59,228,255,255,255,255,255,255,255,255,255,255,255,255,255,255,255,255,255,255,255,255,255,255,254,11,0,0,0,0,0,0,0,0,0,0,0,0,
255,255,255,255,255,255,255,255,255,255,255,171,0,0,0,0,0,0,0,0,0,0,18,191,255,255,255,255,255,255,255,255,255,255,255,255,255,255,255,255,255,255,255,255,255,255,255,11,0,0,0,0,0,0,0,0,0,0,0,0,
255,255,255,255,255,255,255,255,255,255,255,248,8,0,0,0,0,0,0,0,0,0,0,175,255,255,255,255,255,255,255,255,255,255,255,255,255,255,255,255,255,255,255,255,255,255,255,11,0,0,0,0,0,0,0,0,0,0,0,0,
255,255,255,255,255,255,255,255,255,255,255,254,29,0,0,0,0,0,0,0,0,0,7,203,255,255,255,255,255,255,255,255,255,255,255,255,255,255,255,255,255,255,255,255,255,255,255,11,0,0,0,0,0,0,0,0,0,0,0,0,
255,255,255,255,255,255,255,255,255,255,255,254,47,0,0,0,0,0,0,0,0,0,35,241,255,255,255,255,255,255,255,255,255,255,255,255,255,255,255,255,255,255,255,255,255,255,255,11,0,0,0,0,0,0,0,0,0,0,0,0,
255,255,255,255,255,255,255,255,255,255,255,254,71,0,0,0,0,0,0,0,0,0,58,241,255,255,255,255,255,255,255,255,255,255,255,255,255,255,255,255,255,255,255,255,255,255,255,11,0,0,0,0,0,0,0,0,0,0,0,0,
255,255,255,255,255,255,255,255,255,255,255,255,114,0,0,0,0,0,0,0,0,0,71,251,255,255,255,255,255,255,255,255,255,255,255,255,255,255,255,255,255,255,255,255,255,255,255,11,0,0,0,0,0,0,0,0,0,0,0,0,
255,255,255,255,255,255,255,255,255,255,255,255,150,0,0,0,0,0,0,0,0,0,81,154,238,254,255,255,255,255,255,255,255,255,255,255,255,255,255,255,255,255,255,255,255,255,255,11,0,0,0,0,0,0,0,0,0,0,0,0,
255,255,255,255,255,255,255,255,255,255,255,255,186,0,0,0,0,0,0,0,0,0,0,0,49,225,255,255,255,255,255,255,255,255,255,255,255,255,255,255,255,255,255,255,255,255,255,11,0,0,0,0,0,0,0,0,0,0,0,0,
255,255,255,255,255,255,255,255,255,255,255,255,197,0,0,0,0,0,0,0,0,0,0,0,0,145,254,255,255,255,255,255,255,255,255,255,255,255,255,255,255,255,255,255,255,255,255,11,0,0,0,0,0,0,0,0,0,0,0,0,
255,255,255,255,255,255,255,255,255,255,255,255,155,0,0,0,0,0,0,0,0,0,0,0,0,127,255,255,255,255,255,255,255,255,255,255,255,255,255,255,255,255,255,255,255,255,255,11,0,0,0,0,0,0,0,0,0,0,0,0,
255,255,255,255,255,255,255,255,255,255,255,247,44,0,0,0,0,0,0,0,0,0,0,0,0,171,255,255,255,255,255,255,255,255,255,255,255,255,255,255,255,255,255,255,255,255,255,11,0,0,0,0,0,0,0,0,0,0,0,0,
255,255,255,255,255,255,255,255,255,255,255,122,0,0,28,4,0,0,0,0,0,0,0,0,20,223,245,164,246,254,255,255,255,255,255,255,255,255,255,255,255,255,255,255,255,255,255,11,0,0,0,0,0,0,0,0,0,0,0,0,
255,255,255,255,255,255,255,255,255,255,244,11,0,0,46,0,0,0,0,0,0,0,0,0,100,239,58,151,254,255,255,255,255,255,255,255,255,255,255,255,255,255,255,255,255,255,255,11,0,0,0,0,0,0,0,0,0,0,0,0,
255,255,255,255,255,255,255,255,255,255,163,0,0,17,7,0,0,0,0,0,0,0,0,16,206,79,17,203,255,255,255,255,255,255,255,255,255,255,255,255,255,255,255,255,255,255,255,11,0,0,0,0,0,0,0,0,0,0,0,0,
255,255,255,255,255,255,255,255,255,254,57,0,0,12,0,0,0,0,0,0,0,0,0,1,25,0,26,209,255,255,255,255,255,255,255,255,255,255,255,255,255,255,255,255,255,255,255,11,0,0,0,0,0,0,0,0,0,0,0,0,
255,255,255,255,255,255,255,255,254,192,0,0,19,6,0,0,0,0,0,0,0,0,0,0,0,0,21,199,255,255,255,255,255,255,255,255,255,255,255,255,255,255,255,255,255,255,255,11,0,0,0,0,0,0,0,0,0,0,0,0,
255,255,255,255,255,255,255,255,254,95,0,0,83,0,0,0,0,0,0,0,0,0,0,0,0,0,19,190,255,255,255,255,255,255,255,255,255,255,255,255,255,255,255,255,255,255,255,11,0,0,0,0,0,0,0,0,0,0,0,0,
255,255,255,255,255,255,255,255,255,57,0,9,149,0,0,0,0,0,0,0,0,0,0,0,0,0,33,214,255,255,255,255,255,255,255,255,255,255,255,255,255,255,255,255,255,255,255,11,0,0,0,0,0,0,0,0,0,0,0,0,
255,255,255,255,255,255,255,255,254,34,0,28,178,0,0,0,0,0,0,0,0,0,0,0,0,37,180,254,255,255,255,255,255,255,255,255,255,255,255,255,255,255,255,255,255,255,255,11,0,0,0,0,0,0,0,0,0,0,0,0,
255,255,255,255,255,255,255,255,246,6,0,57,244,26,0,0,0,5,85,126,178,153,107,121,178,246,254,255,255,255,255,255,255,255,255,255,255,255,255,255,255,255,255,255,255,255,255,10,0,0,0,0,0,0,0,0,0,0,0,0,
255,255,255,255,255,255,255,255,179,0,0,89,254,151,0,0,16,137,247,254,255,255,255,255,255,255,255,255,255,255,255,255,255,255,255,255,255,255,255,255,255,255,255,255,255,255,255,10,0,0,0,0,0,0,0,0,0,0,0,0,
255,255,255,255,255,255,255,255,182,1,0,111,254,254,193,137,202,253,255,255,255,255,255,255,255,255,255,255,255,255,255,255,255,255,255,255,255,255,255,255,255,255,255,255,255,255,255,10,0,0,0,0,0,0,0,0,0,0,0,0,
255,255,255,255,255,255,255,255,253,65,0,132,254,255,255,255,255,255,255,255,255,255,255,255,255,255,255,255,255,255,255,255,255,255,255,255,255,255,255,255,255,255,255,255,255,255,255,10,0,0,0,0,0,0,0,0,0,0,0,0,
255,255,255,255,255,255,255,255,225,44,7,47,245,255,255,255,255,255,255,255,255,255,255,255,255,255,255,255,255,255,255,255,255,255,255,255,255,255,255,255,255,255,255,255,255,255,255,10,0,0,0,0,0,0,0,0,0,0,0,0,
255,255,255,255,255,255,255,255,231,84,57,66,246,255,255,255,255,255,255,255,255,255,255,255,255,255,255,255,255,255,255,255,255,255,255,255,255,255,255,255,255,255,255,255,255,255,255,10,0,0,0,0,0,0,0,0,0,0,0,0,
255,255,255,255,255,255,255,255,254,195,148,142,252,255,255,255,255,255,255,255,255,255,255,255,255,255,255,255,255,255,255,255,255,255,255,255,255,255,255,255,255,255,255,255,255,255,255,10,0,0,0,0,0,0,0,0,0,0,0,0,
255,255,255,255,255,255,255,255,255,254,241,245,254,255,255,255,255,255,255,255,255,255,255,255,255,255,255,255,255,255,255,255,255,255,255,255,255,255,255,255,255,255,255,255,255,255,255,10,0,0,0,0,0,0,0,0,0,0,0,0,
255,255,255,255,255,255,255,255,255,255,255,255,255,255,255,255,255,255,255,255,255,255,255,255,255,255,255,255,255,255,255,255,255,255,255,255,255,255,255,255,255,255,255,255,255,255,255,10,0,0,0,0,0,0,0,0,0,0,0,0,
255,255,255,255,255,255,255,255,255,255,255,255,255,255,255,255,255,255,255,255,255,255,255,255,255,255,255,255,255,255,255,255,255,255,255,255,255,255,255,255,255,255,255,255,255,255,255,10,0,0,0,0,0,0,0,0,0,0,0,0,
255,255,255,255,255,255,255,255,255,255,255,255,255,255,255,255,255,255,255,255,255,255,255,255,255,255,255,255,255,255,255,255,255,255,255,255,255,255,255,255,255,255,255,255,255,255,255,10,0,0,0,0,0,0,0,0,0,0,0,0,
255,255,255,255,255,255,255,255,255,255,255,255,255,255,255,255,255,255,255,255,255,255,255,255,255,255,255,255,255,255,255,255,255,255,255,255,255,255,255,255,255,255,255,255,255,255,255,10,0,0,0,0,0,0,0,0,0,0,0,0,
255,255,255,255,255,255,255,255,255,255,255,255,255,255,255,255,255,255,255,255,255,255,255,255,255,255,255,255,255,255,255,255,255,255,255,255,255,255,255,255,255,255,255,255,255,255,255,10,0,0,0,0,0,0,0,0,0,0,0,12,
255,255,255,255,255,255,255,255,255,255,255,255,255,255,255,255,255,255,255,255,255,255,255,255,255,255,255,255,255,255,255,255,255,255,255,255,255,255,255,255,255,255,255,255,255,255,255,10,0,0,0,0,0,0,0,0,0,0,0,111,
255,255,255,255,255,255,255,255,255,255,255,255,255,255,255,255,255,255,255,255,255,255,255,255,255,255,255,255,255,255,255,255,255,255,255,255,255,255,255,255,255,255,255,255,255,255,255,10,0,0,0,0,0,0,0,0,0,0,0,36,
255,255,255,255,255,255,255,255,255,255,255,255,255,255,255,255,255,255,255,255,255,255,255,255,255,255,255,255,255,255,255,255,255,255,255,255,255,255,255,255,255,255,255,255,255,255,255,10,0,0,0,0,0,0,0,0,0,0,0,51,
255,255,255,255,255,255,255,255,255,255,255,255,255,255,255,255,255,255,255,255,255,255,255,255,255,255,255,255,255,255,255,255,255,255,255,255,255,255,255,255,255,255,255,255,255,255,255,10,0,0,0,0,0,0,0,0,0,0,0,51,
255,255,255,255,255,255,255,255,255,255,255,255,255,255,255,255,255,255,255,255,255,255,255,255,255,255,255,255,255,255,255,255,255,255,255,255,255,255,255,255,255,255,255,255,255,255,255,10,0,0,0,0,0,0,0,0,0,0,0,31,
255,255,255,255,255,255,255,255,255,255,255,255,255,255,255,255,255,255,255,255,255,255,255,255,255,255,255,255,255,255,255,255,255,255,255,255,255,255,255,255,255,255,255,255,255,255,255,10,0,0,0,0,0,0,0,0,0,0,0,4,
255,255,255,255,255,255,255,255,255,255,255,255,255,255,255,255,255,255,255,255,255,255,255,255,255,255,255,255,255,255,255,255,255,255,255,255,255,255,255,255,255,255,255,255,255,255,255,10,0,0,0,0,0,0,0,0,0,0,0,0,
255,255,255,255,255,255,255,255,255,255,255,255,255,255,255,255,255,255,255,255,255,255,255,255,255,255,255,255,255,255,255,255,255,255,255,255,255,255,255,255,255,255,255,255,255,255,255,10,0,0,0,0,0,0,0,0,0,0,0,0,
255,255,255,255,255,255,255,255,255,255,255,255,255,255,255,255,255,255,255,255,255,255,255,255,255,255,255,255,255,255,255,255,255,255,255,255,255,255,255,255,255,255,255,255,255,255,255,10,0,0,0,0,0,0,0,0,0,0,0,0,
255,255,255,255,255,255,255,255,255,255,255,255,255,255,255,255,255,255,255,255,255,255,255,255,255,255,255,255,255,255,255,255,255,255,255,255,255,255,255,255,255,255,255,255,255,255,254,11,0,0,0,0,0,0,0,0,0,0,0,0,
