255,255,255,241,5,0,0,0,0,23,71,236,254,255,255,255,255,255,255,255,255,255,255,255,255,255,255,255,255,253,1,0,0,0,0,0,0,0,0,0,0,0,0,0,0,0,0,0,0,0,0,0,0,0,0,0,0,0,0,0,
255,255,255,187,0,0,0,0,0,0,0,19,108,254,255,255,255,255,255,255,255,255,255,255,255,255,255,255,255,254,0,0,0,0,0,0,0,0,0,0,0,0,0,0,0,0,0,0,0,0,0,0,0,0,0,0,0,0,0,0,
255,255,255,169,0,0,0,0,0,0,0,0,54,254,255,255,255,255,255,255,255,255,255,255,255,255,255,255,255,254,0,0,0,0,0,0,0,0,0,0,0,0,0,0,0,0,0,0,0,0,0,0,0,0,0,0,0,0,0,0,
255,255,255,205,0,0,0,0,0,0,0,2,176,255,255,255,255,255,255,255,255,255,255,255,255,255,255,255,255,254,0,0,0,0,0,0,0,0,0,0,0,0,0,0,0,0,0,0,0,0,0,0,0,0,0,0,0,0,0,0,
255,255,255,248,7,0,0,0,0,0,0,148,255,255,255,255,255,255,255,255,255,255,255,255,255,255,255,255,255,254,0,0,0,0,0,0,0,0,0,0,0,0,0,0,0,0,0,0,0,0,0,0,0,0,0,0,0,0,0,0,
255,255,255,255,51,0,0,0,0,0,130,254,255,255,255,255,255,255,255,255,255,255,255,255,255,255,255,255,255,254,0,0,0,0,0,0,0,0,0,0,0,0,0,0,0,0,0,0,0,0,0,0,0,0,0,0,0,0,0,0,
255,255,255,254,90,0,0,0,0,79,254,255,255,255,255,255,255,255,255,255,255,255,255,255,255,255,255,255,255,254,0,0,0,0,0,0,0,0,0,0,0,0,0,0,0,0,0,0,0,0,0,0,0,0,0,0,0,0,0,0,
255,255,255,255,120,0,0,0,5,221,255,255,255,255,255,255,255,255,255,255,255,255,255,255,255,255,255,255,255,254,0,0,0,0,0,0,0,0,0,0,0,0,0,0,0,0,0,0,0,0,0,0,0,0,0,0,0,0,0,0,
255,255,255,255,165,0,0,0,80,235,254,255,255,255,255,255,255,255,255,255,255,255,255,255,255,255,255,255,255,254,0,0,0,0,0,0,0,0,0,0,0,0,0,0,0,0,0,0,0,0,0,0,0,0,0,0,0,0,0,0,
255,255,255,255,231,0,0,0,14,14,164,255,255,255,255,255,255,255,255,255,255,255,255,255,255,255,255,255,255,254,0,0,0,0,0,0,0,0,0,0,0,0,0,0,0,0,0,0,0,0,0,0,0,0,0,0,0,0,0,0,
255,255,255,255,233,0,0,0,0,0,107,255,255,255,255,255,255,255,255,255,255,255,255,255,255,255,255,255,255,254,0,0,0,0,0,0,0,0,0,0,0,0,0,0,0,0,0,0,0,0,0,0,0,0,0,0,0,0,0,0,
255,255,255,255,190,0,0,0,0,0,138,254,255,255,255,255,255,255,255,255,255,255,255,255,255,255,255,255,255,254,0,0,0,0,0,0,0,0,0,0,0,0,0,0,0,0,0,0,0,0,0,0,0,0,0,0,0,0,0,0,
255,255,255,255,176,0,0,0,0,0,127,254,255,255,255,255,255,255,255,255,255,255,255,255,255,255,255,255,255,254,0,0,0,0,0,0,0,0,0,0,0,0,0,0,0,0,0,0,0,0,0,0,0,0,0,0,0,0,0,0,
255,255,255,255,245,21,0,0,0,47,250,255,255,255,255,255,255,255,255,255,255,255,255,255,255,255,255,255,255,254,0,0,0,0,0,0,0,0,0,0,0,0,0,0,0,0,0,0,0,0,0,0,0,0,0,0,0,0,0,0,
255,255,255,255,254,78,0,0,0,157,254,254,255,255,255,255,255,255,255,255,255,255,255,255,255,255,255,255,255,254,0,0,0,0,0,0,0,0,0,0,0,0,0,0,0,0,0,0,0,0,0,0,0,0,0,0,0,0,0,0,
255,255,255,254,253,121,0,0,0,17,17,134,254,255,255,255,255,255,255,255,255,255,255,255,255,255,255,255,255,254,0,0,0,0,0,0,0,0,0,0,0,0,0,0,0,0,0,0,0,0,0,0,0,0,0,0,0,0,0,0,
255,255,252,139,37,0,0,0,0,0,2,152,254,255,255,255,255,255,255,255,255,255,255,255,255,255,255,255,255,254,0,0,0,0,0,0,0,0,0,0,0,0,0,0,0,0,0,0,0,0,0,0,0,0,0,0,0,0,0,0,
255,255,220,14,0,0,0,0,0,0,126,255,255,255,255,255,255,255,255,255,255,255,255,255,255,255,255,255,255,254,0,0,0,0,0,0,0,0,0,0,0,0,0,0,0,0,0,0,0,0,0,0,0,0,0,0,0,0,0,0,
255,255,254,253,237,213,49,0,0,165,254,255,255,255,255,255,255,255,255,255,255,255,255,255,255,255,255,255,255,254,0,0,0,0,0,0,0,0,0,0,0,0,0,0,0,0,0,0,0,0,0,0,0,0,0,0,0,0,0,0,
255,255,255,255,255,255,226,7,2,232,255,255,255,255,255,255,255,255,255,255,255,255,255,255,255,255,255,255,255,254,0,0,0,0,0,0,0,0,0,0,0,0,0,0,0,0,0,0,0,0,0,0,0,0,0,0,0,0,0,0,
255,255,255,255,255,255,254,172,166,254,255,255,255,255,255,255,255,255,255,255,255,255,255,255,255,255,255,255,255,254,0,0,0,0,0,0,0,0,0,0,0,0,0,0,0,0,0,0,0,0,0,0,0,0,0,0,0,0,0,0,
255,255,255,255,255,255,255,255,255,255,255,255,255,255,255,255,255,255,255,255,255,255,255,255,255,255,255,255,255,254,0,0,0,0,0,0,0,0,0,0,0,0,0,0,0,0,0,0,0,0,0,0,0,0,0,0,0,0,0,0,
255,255,255,255,255,255,255,255,255,255,255,255,255,255,255,255,255,255,255,255,255,255,255,255,255,255,255,255,255,254,0,0,0,0,0,0,0,0,0,0,0,0,0,0,0,0,0,0,0,0,0,0,0,0,0,0,0,0,0,0,
255,255,255,255,255,255,255,255,255,255,255,255,255,255,255,255,255,255,255,255,255,255,255,255,255,255,255,255,255,254,0,0,0,0,0,0,0,0,0,0,0,0,0,0,0,0,0,0,0,0,0,0,0,0,0,0,0,0,0,0,
255,255,255,255,255,255,255,255,255,255,255,255,255,255,255,255,255,255,255,255,255,255,255,255,255,255,255,255,255,254,0,0,0,0,0,0,0,0,0,0,0,0,0,0,0,0,0,0,0,0,0,0,0,0,0,0,0,0,0,0,
255,255,255,255,255,255,255,255,255,255,255,255,255,255,255,255,255,255,255,255,255,255,255,255,255,255,255,255,255,254,0,0,0,0,0,0,0,0,0,0,0,0,0,0,0,0,0,0,0,0,0,0,0,59,80,0,0,0,0,0,
255,255,255,255,255,255,255,255,255,255,255,255,255,255,255,255,255,255,255,255,255,255,255,255,255,255,255,255,255,254,0,0,0,0,0,0,0,0,0,0,0,0,0,0,0,0,0,0,0,0,2,90,184,251,204,0,0,0,0,0,
255,255,255,255,255,255,255,255,255,255,255,255,255,255,255,255,255,255,255,255,255,255,255,255,255,255,255,255,255,254,0,0,0,0,0,0,0,0,0,0,0,0,0,0,0,0,0,0,0,0,142,255,255,255,203,0,0,0,0,0,
255,255,255,255,255,255,255,255,255,255,255,255,255,255,255,255,255,255,255,255,255,255,255,255,255,255,255,255,255,254,0,0,0,0,0,0,0,0,0,0,0,0,0,0,0,0,0,0,0,0,121,255,255,255,246,17,0,0,0,0,
255,255,255,255,255,255,255,255,255,255,255,255,255,255,255,255,255,255,255,255,255,255,255,255,255,255,255,255,255,253,0,0,0,0,0,0,0,0,0,0,0,0,0,0,0,0,0,0,0,0,166,255,255,255,139,0,0,0,0,0,
255,255,255,255,255,255,255,255,255,255,255,255,255,255,255,255,255,255,255,255,255,255,255,255,255,255,255,255,255,253,0,0,0,0,0,0,0,0,0,0,0,0,0,0,0,0,0,0,0,7,204,255,255,254,71,0,0,0,0,0,
255,255,255,255,255,255,255,255,255,255,255,255,255,255,255,255,255,255,255,255,255,255,255,255,255,255,255,255,255,253,0,0,0,0,0,0,0,0,0,0,0,0,0,0,0,0,0,0,12,182,254,255,255,255,235,56,16,0,0,0,
255,255,255,255,255,255,255,255,255,255,255,255,255,255,255,255,255,255,255,255,255,255,255,255,255,255,255,255,255,253,0,0,0,0,0,0,0,0,0,0,0,0,0,0,0,0,0,8,133,253,255,255,255,255,255,228,179,74,0,0,
255,255,255,255,255,255,255,255,255,255,255,255,255,255,255,255,255,255,255,255,255,255,255,255,255,255,255,255,255,253,0,0,0,0,0,0,0,0,0,0,0,0,0,0,0,0,0,0,204,255,255,255,255,255,255,251,218,120,0,0,
255,255,255,255,255,255,255,255,255,255,255,255,255,255,255,255,255,255,255,255,255,255,255,255,255,255,255,255,255,253,0,0,0,0,0,0,0,0,0,0,0,0,0,0,0,0,0,11,248,255,255,255,255,255,255,255,255,170,0,0,
255,255,255,255,255,255,255,255,255,255,255,255,255,255,255,255,255,255,255,255,255,255,255,255,255,255,255,255,255,253,0,0,0,0,0,0,0,0,0,0,0,0,0,0,0,0,0,21,217,254,255,255,255,255,255,255,254,97,0,0,
255,255,255,255,255,255,255,255,255,255,255,255,255,255,255,255,255,255,255,255,255,255,255,255,255,255,255,255,255,253,0,0,0,0,0,0,0,0,0,0,0,0,0,0,0,0,0,0,59,227,255,254,255,255,255,254,122,0,0,0,
255,255,255,255,255,255,255,255,255,255,255,255,255,255,255,255,255,255,255,255,255,255,255,255,255,255,255,255,255,253,0,0,0,0,0,0,0,0,0,0,0,0,0,0,0,0,0,0,0,159,204,70,225,255,255,167,0,0,0,0,
255,255,255,255,255,255,255,255,255,255,255,255,255,255,255,255,255,255,255,255,255,255,255,255,255,255,255,255,255,254,0,0,0,0,0,0,0,0,0,0,0,0,0,0,0,0,0,0,0,10,1,0,214,255,255,129,0,0,0,0,
255,255,255,255,255,255,255,255,255,255,255,255,255,255,255,255,255,255,255,255,255,255,255,255,255,255,255,255,255,254,0,0,0,0,0,0,0,0,0,0,0,0,0,0,0,0,0,0,0,0,0,20,254,255,255,164,0,0,0,0,
255,255,255,255,255,255,255,255,255,255,255,255,255,255,255,255,255,255,255,255,255,255,255,255,255,255,255,255,255,253,0,0,0,0,0,0,0,0,0,0,0,0,0,0,0,0,0,0,0,0,0,50,254,255,255,236,4,0,0,0,
255,255,255,255,255,255,255,255,255,255,255,255,255,255,255,255,255,255,255,255,255,255,255,255,255,255,255,255,255,253,0,0,0,0,0,0,0,0,0,0,0,0,0,0,0,0,0,0,0,0,0,67,255,255,255,254,70,0,0,0,
255,255,255,255,255,255,255,255,255,255,255,255,255,255,255,255,255,255,255,255,255,255,255,255,255,255,255,255,255,253,0,0,0,0,0,0,0,0,0,0,0,0,0,0,0,0,0,0,0,0,0,91,255,255,255,255,143,0,0,0,
255,255,255,255,255,255,255,255,255,255,255,255,255,255,255,255,255,255,255,255,255,255,255,255,255,255,255,255,255,253,0,0,0,0,0,0,0,0,0,0,0,0,0,0,0,0,0,0,0,0,0,149,255,255,255,255,196,0,0,0,
255,255,255,255,255,255,255,255,255,255,255,255,255,255,255,255,255,255,255,255,255,255,255,255,255,255,255,255,255,253,1,0,0,0,0,0,0,0,0,0,0,0,0,0,0,0,0,0,0,0,1,222,255,255,255,255,214,0,0,0,
