255,254,79,0,0,0,0,0,0,0,64,165,244,255,255,255,255,255,255,255,255,255,255,255,255,255,255,255,255,253,1,0,0,0,0,0,0,0,0,0,0,0,0,0,0,0,0,0,0,0,0,0,0,0,0,0,0,0,0,0,
255,254,30,0,0,0,0,0,0,0,0,0,79,245,255,255,255,255,255,255,255,255,255,255,255,255,255,255,255,254,0,0,0,0,0,0,0,0,0,0,0,0,0,0,0,0,0,0,0,0,0,0,0,0,0,0,0,0,0,0,
255,254,108,0,0,0,0,0,0,0,0,0,0,219,255,255,255,255,255,255,255,255,255,255,255,255,255,255,255,254,0,0,0,0,0,0,0,0,0,0,0,0,0,0,0,0,0,0,0,0,0,0,0,0,0,0,0,0,0,0,
255,255,179,0,0,0,0,0,0,0,0,0,11,220,255,255,255,255,255,255,255,255,255,255,255,255,255,255,255,254,0,0,0,0,0,0,0,0,0,0,0,0,0,0,0,0,0,0,0,0,0,0,0,0,0,0,0,0,0,0,
255,255,249,18,0,0,0,0,0,0,0,20,196,255,255,255,255,255,255,255,255,255,255,255,255,255,255,255,255,254,0,0,0,0,0,0,0,0,0,0,0,0,0,0,0,0,0,0,0,0,0,0,0,0,0,0,0,0,0,0,
255,255,255,99,0,0,0,0,0,0,34,217,255,255,255,255,255,255,255,255,255,255,255,255,255,255,255,255,255,254,0,0,0,0,0,0,0,0,0,0,0,0,0,0,0,0,0,0,0,0,0,0,0,0,0,0,0,0,0,0,
255,255,255,173,0,0,0,0,0,22,225,255,255,255,255,255,255,255,255,255,255,255,255,255,255,255,255,255,255,254,0,0,0,0,0,0,0,0,0,0,0,0,0,0,0,0,0,0,0,0,0,0,0,0,0,0,0,0,0,0,
255,255,255,210,0,0,0,0,0,167,255,255,255,255,255,255,255,255,255,255,255,255,255,255,255,255,255,255,255,254,0,0,0,0,0,0,0,0,0,0,0,0,0,0,0,0,0,0,0,0,0,0,0,0,0,0,0,0,0,0,
255,255,255,129,0,0,0,0,45,244,255,255,255,255,255,255,255,255,255,255,255,255,255,255,255,255,255,255,255,254,0,0,0,0,0,0,0,0,0,0,0,0,0,0,0,0,0,0,0,0,0,0,0,0,0,0,0,0,0,0,
255,255,255,126,0,0,0,0,20,136,255,255,255,255,255,255,255,255,255,255,255,255,255,255,255,255,255,255,255,254,0,0,0,0,0,0,0,0,0,0,0,0,0,0,0,0,0,0,0,0,0,0,0,0,0,0,0,0,0,0,
255,255,255,238,19,0,0,0,0,106,254,255,255,255,255,255,255,255,255,255,255,255,255,255,255,255,255,255,255,254,0,0,0,0,0,0,0,0,0,0,0,0,0,0,0,0,0,0,0,0,0,0,0,0,0,0,0,0,0,0,
255,255,255,254,126,0,0,0,2,179,254,255,255,255,255,255,255,255,255,255,255,255,255,255,255,255,255,255,255,254,0,0,0,0,0,0,0,0,0,0,0,0,0,0,0,0,0,0,0,0,0,0,0,0,0,0,0,0,0,0,
255,255,255,255,197,0,0,0,26,180,137,126,248,255,255,255,255,255,255,255,255,255,255,255,255,255,255,255,255,254,0,0,0,0,0,0,0,0,0,0,0,0,0,0,0,0,0,0,0,0,0,0,0,0,0,0,0,0,0,0,
255,255,255,255,235,1,0,0,7,0,18,27,77,243,255,255,255,255,255,255,255,255,255,255,255,255,255,255,255,254,0,0,0,0,0,0,0,0,0,0,0,0,0,0,0,0,0,0,0,0,0,0,0,0,0,0,0,0,0,0,
255,255,255,255,255,58,0,0,78,184,244,224,29,62,171,254,255,255,255,255,255,255,255,255,255,255,255,255,255,254,0,0,0,0,0,0,0,0,0,0,0,0,0,0,0,0,0,0,0,0,0,0,0,0,0,0,0,0,0,0,
255,255,255,205,121,25,0,0,61,134,231,254,227,191,231,255,255,255,255,255,255,255,255,255,255,255,255,255,255,254,0,0,0,0,0,0,0,0,0,0,0,0,0,0,0,0,0,0,0,0,0,0,0,0,0,0,0,0,0,0,
255,255,217,11,0,0,0,0,0,0,7,182,255,255,255,255,255,255,255,255,255,255,255,255,255,255,255,255,255,254,0,0,0,0,0,0,0,0,0,0,0,0,0,0,0,0,0,0,0,0,0,0,0,0,0,0,0,0,0,0,
255,255,218,31,0,0,0,0,0,0,0,53,254,255,255,255,255,255,255,255,255,255,255,255,255,255,255,255,255,254,0,0,0,0,0,0,0,0,0,0,0,0,0,0,0,0,0,0,0,0,0,0,0,0,0,0,0,0,0,0,
255,255,255,252,156,69,0,0,0,36,79,178,255,255,255,255,255,255,255,255,255,255,255,255,255,255,255,255,255,254,0,0,0,0,0,0,0,0,0,0,0,0,0,0,0,0,0,0,0,0,0,0,0,0,0,0,0,0,0,0,
255,255,255,255,248,68,0,0,66,254,255,255,255,255,255,255,255,255,255,255,255,255,255,255,255,255,255,255,255,254,0,0,0,0,0,0,0,0,0,0,0,0,0,0,0,0,0,0,0,0,0,0,0,0,0,0,0,0,0,0,
255,255,255,255,255,229,62,75,221,255,255,255,255,255,255,255,255,255,255,255,255,255,255,255,255,255,255,255,255,254,0,0,0,0,0,0,0,0,0,0,0,0,0,0,0,0,0,0,0,0,0,0,0,0,0,0,0,0,0,0,
255,255,255,255,255,255,254,254,255,255,255,255,255,255,255,255,255,255,255,255,255,255,255,255,255,255,255,255,255,254,0,0,0,0,0,0,0,0,0,0,0,0,0,0,0,0,0,0,0,0,0,0,0,0,0,0,0,0,0,0,
255,255,255,255,255,255,255,255,255,255,255,255,255,255,255,255,255,255,255,255,255,255,255,255,255,255,255,255,255,254,0,0,0,0,0,0,0,0,0,0,0,0,0,0,0,0,0,0,0,0,0,0,0,0,0,0,0,0,0,0,
255,255,255,255,255,255,255,255,255,255,255,255,255,255,255,255,255,255,255,255,255,255,255,255,255,255,255,255,255,254,0,0,0,0,0,0,0,0,0,0,0,0,0,0,0,0,0,0,0,0,0,0,0,0,0,0,0,0,0,0,
255,255,255,255,255,255,255,255,255,255,255,255,255,255,255,255,255,255,255,255,255,255,255,255,255,255,255,255,255,254,0,0,0,0,0,0,0,0,0,0,0,0,0,0,0,0,0,0,0,0,0,0,0,0,0,0,0,0,0,0,
255,255,255,255,255,255,255,255,255,255,255,255,255,255,255,255,255,255,255,255,255,255,255,255,255,255,255,255,255,254,0,0,0,0,0,0,0,0,0,0,0,0,0,0,0,0,0,0,0,0,0,0,0,4,116,65,0,0,0,0,
255,255,255,255,255,255,255,255,255,255,255,255,255,255,255,255,255,255,255,255,255,255,255,255,255,255,255,255,255,254,0,0,0,0,0,0,0,0,0,0,0,0,0,0,0,0,0,0,0,0,1,67,153,228,254,223,1,0,0,0,
255,255,255,255,255,255,255,255,255,255,255,255,255,255,255,255,255,255,255,255,255,255,255,255,255,255,255,255,255,254,0,0,0,0,0,0,0,0,0,0,0,0,0,0,0,0,0,0,0,0,118,254,255,255,254,117,0,0,0,0,
255,255,255,255,255,255,255,255,255,255,255,255,255,255,255,255,255,255,255,255,255,255,255,255,255,255,255,255,255,254,0,0,0,0,0,0,0,0,0,0,0,0,0,0,0,0,0,0,0,0,23,233,255,255,255,160,0,0,0,0,
255,255,255,255,255,255,255,255,255,255,255,255,255,255,255,255,255,255,255,255,255,255,255,255,255,255,255,255,255,253,0,0,0,0,0,0,0,0,0,0,0,0,0,0,0,0,0,0,0,0,16,238,255,255,254,98,0,0,0,0,
255,255,255,255,255,255,255,255,255,255,255,255,255,255,255,255,255,255,255,255,255,255,255,255,255,255,255,255,255,253,0,0,0,0,0,0,0,0,0,0,0,0,0,0,0,0,0,0,3,88,210,254,255,255,255,111,5,34,0,0,
255,255,255,255,255,255,255,255,255,255,255,255,255,255,255,255,255,255,255,255,255,255,255,255,255,255,255,255,255,253,0,0,0,0,0,0,0,0,0,0,0,0,0,0,0,0,0,15,145,247,254,255,255,255,255,226,176,226,3,0,
255,255,255,255,255,255,255,255,255,255,255,255,255,255,255,255,255,255,255,255,255,255,255,255,255,255,255,255,255,253,0,0,0,0,0,0,0,0,0,0,0,0,0,0,0,0,0,43,239,255,255,255,255,255,255,255,255,163,0,0,
255,255,255,255,255,255,255,255,255,255,255,255,255,255,255,255,255,255,255,255,255,255,255,255,255,255,255,255,255,253,0,0,0,0,0,0,0,0,0,0,0,0,0,0,0,0,5,191,254,255,255,255,255,255,255,255,255,156,0,0,
255,255,255,255,255,255,255,255,255,255,255,255,255,255,255,255,255,255,255,255,255,255,255,255,255,255,255,255,255,253,0,0,0,0,0,0,0,0,0,0,0,0,0,0,0,0,15,223,254,254,255,255,255,255,255,255,252,47,0,0,
255,255,255,255,255,255,255,255,255,255,255,255,255,255,255,255,255,255,255,255,255,255,255,255,255,255,255,255,255,253,0,0,0,0,0,0,0,0,0,0,0,0,0,0,0,0,1,46,122,171,253,255,255,255,255,255,203,0,0,0,
255,255,255,255,255,255,255,255,255,255,255,255,255,255,255,255,255,255,255,255,255,255,255,255,255,255,255,255,255,253,0,0,0,0,0,0,0,0,0,0,0,0,0,0,0,0,0,0,0,61,239,255,254,255,255,255,180,0,0,0,
255,255,255,255,255,255,255,255,255,255,255,255,255,255,255,255,255,255,255,255,255,255,255,255,255,255,255,255,255,253,0,0,0,0,0,0,0,0,0,0,0,0,0,0,0,0,0,0,0,0,130,211,129,254,255,255,154,0,0,0,
255,255,255,255,255,255,255,255,255,255,255,255,255,255,255,255,255,255,255,255,255,255,255,255,255,255,255,255,255,254,0,0,0,0,0,0,0,0,0,0,0,0,0,0,0,0,0,0,0,0,0,0,45,254,255,255,153,0,0,0,
255,255,255,255,255,255,255,255,255,255,255,255,255,255,255,255,255,255,255,255,255,255,255,255,255,255,255,255,255,254,0,0,0,0,0,0,0,0,0,0,0,0,0,0,0,0,0,0,0,0,0,0,92,254,255,255,173,0,0,0,
255,255,255,255,255,255,255,255,255,255,255,255,255,255,255,255,255,255,255,255,255,255,255,255,255,255,255,255,255,253,0,0,0,0,0,0,0,0,0,0,0,0,0,0,0,0,0,0,0,0,0,0,139,255,255,255,196,0,0,0,
255,255,255,255,255,255,255,255,255,255,255,255,255,255,255,255,255,255,255,255,255,255,255,255,255,255,255,255,255,253,0,0,0,0,0,0,0,0,0,0,0,0,0,0,0,0,0,0,0,0,0,0,155,255,255,255,206,0,0,0,
255,255,255,255,255,255,255,255,255,255,255,255,255,255,255,255,255,255,255,255,255,255,255,255,255,255,255,255,255,253,0,0,0,0,0,0,0,0,0,0,0,0,0,0,0,0,0,0,0,0,0,0,157,255,255,255,213,0,0,0,
255,255,255,255,255,255,255,255,255,255,255,255,255,255,255,255,255,255,255,255,255,255,255,255,255,255,255,255,255,253,0,0,0,0,0,0,0,0,0,0,0,0,0,0,0,0,0,0,0,0,0,0,167,255,255,255,224,0,0,0,
255,255,255,255,255,255,255,255,255,255,255,255,255,255,255,255,255,255,255,255,255,255,255,255,255,255,255,255,255,253,1,0,0,0,0,0,0,0,0,0,0,0,0,0,0,0,0,0,0,0,0,0,182,255,255,255,237,0,0,0,
