0,0,0,0,0,0,0,0,0,0,0,0,0,0,0,0,0,0,0,0,0,0,0,0,0,0,0,0,0,0,0,0,0,0,0,0,0,0,0,9,200,255,255,255,255,255,255,255,255,255,255,173,0,0,0,0,0,0,0,0,
0,0,0,0,0,0,0,0,0,0,0,0,0,0,0,0,0,0,0,0,0,0,0,0,0,0,0,0,0,0,0,0,0,0,0,0,0,0,0,0,32,234,255,255,255,255,255,255,255,255,255,165,0,0,0,0,0,0,0,0,
0,0,0,0,0,0,0,0,0,0,0,0,0,0,0,0,0,0,0,0,0,0,0,0,0,0,0,0,0,0,0,0,0,0,0,0,0,0,0,0,0,76,253,255,255,255,255,255,255,255,255,148,0,0,0,0,0,0,0,0,
0,0,0,0,0,0,0,0,0,0,0,0,0,0,0,0,0,0,0,0,0,0,0,0,0,32,153,66,2,0,0,0,0,0,0,0,0,0,0,0,0,0,140,255,255,255,255,255,255,255,255,126,0,0,0,0,0,0,0,0,
0,0,0,0,0,0,0,0,0,0,0,0,0,0,0,0,0,0,0,0,0,0,0,2,100,238,254,254,227,143,65,5,0,0,0,0,0,0,0,0,0,0,6,204,255,255,255,255,255,255,255,91,0,0,0,0,0,0,0,0,
0,0,0,0,0,0,0,0,0,0,0,0,0,0,0,0,0,0,0,0,0,0,23,191,254,255,255,255,255,255,254,238,171,102,36,0,0,0,0,0,0,0,0,40,245,255,255,255,255,255,254,48,0,0,0,0,0,0,0,0,
0,0,0,0,0,0,0,0,0,0,0,0,0,0,0,0,0,0,0,0,0,60,227,254,255,255,255,255,255,255,255,255,255,255,254,222,19,0,0,0,0,0,0,0,115,255,255,255,255,255,242,5,0,0,0,0,0,0,0,0,
0,0,0,0,0,0,0,0,0,0,0,0,0,0,0,0,0,0,0,0,109,248,255,255,255,255,255,255,255,255,255,255,255,255,255,255,103,0,0,0,0,0,0,0,9,246,255,255,255,255,179,0,0,0,0,0,0,0,0,0,
0,0,0,0,0,0,0,0,0,0,0,0,0,0,0,0,0,0,19,174,254,255,255,255,255,255,255,255,255,255,255,255,255,255,255,255,200,0,0,0,0,0,0,0,0,216,255,255,255,254,99,0,0,0,0,0,0,0,0,0,
0,0,0,0,0,0,0,0,0,0,0,0,0,0,0,0,0,84,230,255,255,255,255,255,255,255,255,255,255,255,255,255,255,255,255,255,254,48,0,0,0,0,0,0,0,209,255,255,255,244,17,0,0,0,0,0,0,0,0,0,
0,0,0,0,0,0,0,0,0,0,0,0,0,0,0,48,187,254,255,255,255,255,255,255,255,255,255,255,255,255,255,255,255,255,255,255,248,29,0,0,0,0,0,0,0,209,255,255,255,153,0,0,0,0,0,0,0,0,0,0,
0,0,0,0,0,0,0,0,0,0,0,0,0,21,139,251,255,255,255,255,255,255,255,255,255,255,255,255,255,255,255,255,255,255,255,255,181,0,0,0,0,0,0,0,0,224,255,255,249,35,0,0,0,0,0,0,0,0,0,0,
19,0,0,0,0,0,0,0,2,18,52,102,172,246,255,255,255,255,255,255,255,255,255,255,255,255,255,255,255,255,255,255,255,255,255,255,91,0,0,0,0,0,0,0,3,248,255,254,143,0,0,0,0,0,0,0,0,0,0,0,
248,170,73,20,82,150,200,230,248,254,254,254,255,255,255,255,255,255,255,255,255,255,255,255,255,255,255,255,255,255,255,255,255,255,255,252,17,0,0,0,0,0,0,0,42,255,255,221,12,0,0,0,0,0,0,0,0,0,0,0,
255,255,255,254,254,255,255,255,255,255,255,255,255,255,255,255,255,255,255,255,255,255,255,255,255,255,255,255,255,255,255,255,255,255,255,210,0,0,0,0,0,0,0,0,136,255,247,54,0,0,0,0,0,0,0,0,0,0,0,0,
255,255,255,255,255,255,255,255,255,255,255,255,255,255,255,255,255,255,255,255,255,255,255,255,255,255,255,255,255,255,255,255,255,255,255,180,0,0,2,17,0,0,4,129,250,252,90,0,0,0,0,0,0,0,0,0,0,0,0,0,
255,255,255,255,255,255,255,255,255,255,255,255,255,255,255,255,255,255,255,255,255,255,255,255,255,255,255,255,255,255,255,255,255,255,255,202,0,4,151,113,0,0,119,254,251,94,0,0,0,0,0,0,0,0,0,0,0,0,0,0,
255,255,255,255,255,255,255,255,255,255,255,255,255,255,255,255,255,255,255,255,255,255,255,255,255,255,255,255,255,255,255,255,255,255,254,255,190,215,254,220,49,116,251,235,70,0,0,0,0,0,0,0,0,0,0,0,0,0,0,0,
255,255,255,255,255,255,255,255,255,255,255,255,255,255,255,255,255,255,255,255,255,255,255,255,255,255,255,255,255,255,255,255,255,255,255,255,255,255,255,255,254,254,178,27,0,0,0,0,0,0,0,0,0,0,0,0,0,0,0,0,
255,255,255,255,255,255,255,255,255,255,255,255,255,255,255,255,255,255,255,255,255,255,255,255,255,255,255,255,255,255,255,255,255,255,255,255,255,255,255,254,199,71,0,0,0,0,0,0,0,0,0,0,0,0,0,0,0,0,0,0,
255,255,255,255,255,255,255,255,255,255,255,255,255,255,255,255,255,255,255,255,255,255,255,255,255,255,255,255,255,255,255,255,255,255,255,255,254,235,155,55,0,0,0,0,0,0,0,0,0,0,0,0,0,0,0,0,0,0,0,0,
255,255,255,255,255,255,255,255,255,255,255,255,255,255,255,255,255,255,255,255,255,255,255,255,255,255,255,255,255,255,255,255,254,233,183,124,60,3,0,0,0,0,0,0,0,0,0,0,0,0,0,0,0,0,0,0,0,0,0,0,
255,255,255,255,255,255,255,255,255,255,255,255,255,255,255,255,255,255,255,255,255,255,255,255,255,254,254,232,192,150,109,69,25,0,0,0,0,0,0,0,0,0,0,0,0,0,0,0,0,0,0,0,0,0,0,0,0,0,0,0,
255,255,255,255,255,255,255,255,255,255,255,255,255,255,255,255,255,255,255,255,255,255,252,202,136,77,28,0,0,0,0,0,0,0,0,0,0,0,0,0,0,0,0,0,0,0,0,0,0,0,0,0,0,0,0,0,0,0,0,0,
255,255,255,255,255,255,255,255,255,255,255,255,255,255,255,255,255,255,255,254,207,109,24,0,0,0,0,0,0,0,0,0,0,0,0,0,0,0,0,0,0,0,0,0,0,0,0,0,0,0,0,0,0,0,0,0,0,0,0,0,
255,255,255,255,255,255,255,255,255,255,255,255,255,255,255,255,255,254,195,95,125,58,0,59,138,63,0,0,0,0,0,0,0,0,0,0,0,0,0,0,0,0,0,0,0,0,0,0,0,0,0,0,0,0,0,0,0,0,0,0,
255,255,255,255,255,255,255,255,255,255,255,255,255,255,255,255,234,91,31,230,254,244,128,252,254,241,16,0,0,0,0,0,0,0,0,0,0,0,0,0,0,0,0,0,0,0,0,0,0,0,0,0,0,0,0,0,0,0,0,0,
255,255,255,255,255,255,255,255,255,255,255,255,255,255,255,197,27,0,183,254,255,255,253,255,255,254,51,0,0,0,0,0,0,0,0,0,0,0,0,0,0,0,0,0,0,0,0,0,0,0,0,0,0,0,0,0,0,0,0,0,
255,255,255,255,255,255,255,255,255,255,255,255,255,254,175,8,0,63,254,255,255,255,255,255,255,255,39,0,0,0,0,0,0,0,0,0,0,0,0,0,0,0,0,0,0,0,0,0,0,0,0,0,0,0,0,0,0,0,0,0,
255,255,255,255,255,255,255,255,255,255,255,255,255,181,5,0,0,172,255,255,255,255,255,255,255,238,12,0,0,0,0,0,0,0,0,0,0,0,0,0,0,0,0,0,0,0,0,0,0,0,0,4,29,51,62,58,46,33,18,5,
255,255,255,255,255,255,255,255,255,255,255,255,211,12,0,0,19,250,255,255,255,255,255,255,255,190,3,0,0,0,0,0,0,0,0,0,0,0,0,0,0,0,0,0,0,0,0,0,8,95,181,240,254,254,254,254,255,254,251,236,
255,255,255,255,255,255,255,255,255,255,255,247,42,0,0,0,87,255,255,255,255,255,255,255,255,121,0,0,0,0,0,0,0,0,0,0,0,0,0,0,0,0,0,0,0,0,0,71,225,254,255,254,255,255,255,255,255,255,255,255,
255,255,255,255,255,255,255,255,255,255,254,126,0,0,0,0,101,255,255,255,255,255,255,255,249,45,0,0,0,0,0,0,0,0,0,0,0,0,0,0,0,0,0,0,0,4,109,251,255,255,255,255,255,255,255,255,255,255,255,255,
255,255,255,255,255,255,255,255,255,255,228,10,0,0,0,0,61,254,255,255,255,255,255,255,247,52,0,0,0,0,0,0,0,0,0,0,0,0,0,0,0,0,0,0,76,217,255,254,255,255,255,255,255,255,255,255,255,255,255,255,
255,255,255,255,255,255,255,255,255,255,114,0,0,0,0,0,11,254,255,255,255,255,255,255,254,159,2,0,0,0,0,0,0,0,0,0,0,0,0,0,0,0,19,164,254,255,255,255,255,255,255,255,255,255,255,255,255,255,255,255,
255,255,255,255,255,255,255,255,255,243,16,0,0,0,0,0,0,226,255,255,255,255,255,255,254,237,35,0,0,0,0,0,0,0,0,0,0,0,0,0,6,95,226,255,255,255,255,255,255,255,255,255,255,255,255,255,255,255,255,255,
255,255,255,255,255,255,255,255,255,167,0,0,0,0,0,0,0,121,255,255,255,255,255,255,255,255,129,2,0,0,0,0,0,0,0,0,0,0,5,103,226,254,255,255,255,255,255,255,255,255,255,255,255,255,255,255,255,255,255,255,
255,255,255,255,255,255,255,255,254,87,0,0,0,0,0,0,0,9,224,255,255,255,255,255,255,255,254,235,181,123,63,13,0,0,0,0,0,72,219,254,255,255,255,255,255,255,255,255,255,255,255,255,255,255,255,255,255,255,255,255,
255,255,255,255,255,255,255,255,253,21,0,0,0,0,0,0,0,0,113,255,255,255,255,255,255,255,255,255,255,255,254,241,190,122,48,6,129,254,255,255,255,255,255,255,255,255,255,255,255,255,255,255,255,255,255,255,255,255,255,255,
255,255,255,255,255,255,255,255,219,0,0,0,0,0,0,0,0,0,16,244,255,255,255,255,255,255,255,255,255,255,255,255,255,255,253,217,254,255,255,255,255,255,255,255,255,255,255,255,255,255,255,255,255,255,255,255,255,255,255,255,
255,255,255,255,255,255,255,255,174,0,0,0,0,0,0,0,0,0,0,139,254,255,255,255,255,255,255,255,255,255,255,255,255,255,255,255,255,255,255,255,255,255,255,255,255,255,255,255,255,255,255,255,255,255,255,255,255,255,255,255,
255,255,255,255,255,255,255,255,138,0,0,0,0,0,0,0,0,0,0,16,222,255,255,255,255,255,255,255,255,255,255,255,255,255,255,255,255,255,255,255,255,255,255,255,255,255,255,255,255,255,255,255,255,255,255,255,255,255,255,255,
255,255,255,255,255,255,255,255,113,0,0,0,0,0,0,0,0,0,0,0,34,221,255,255,255,255,255,255,255,255,255,255,255,255,255,255,255,255,255,255,255,255,255,255,255,255,255,255,255,254,255,255,255,255,255,255,255,255,255,255,
255,255,255,255,255,255,255,255,101,0,0,0,0,0,0,0,0,0,0,0,0,18,198,254,255,255,255,255,255,255,255,255,255,255,255,255,255,255,255,255,255,255,255,255,255,255,255,255,255,255,255,255,255,255,255,255,255,255,255,255,
255,255,255,255,255,255,255,255,91,0,0,0,0,0,0,0,0,0,0,0,0,0,13,169,254,255,255,255,255,255,255,255,255,255,255,255,255,255,255,255,255,254,255,255,255,255,255,255,255,255,255,255,255,255,255,255,255,255,255,255,
