0,0,0,0,0,0,0,0,0,0,0,16,181,254,255,255,255,255,255,255,255,255,255,255,255,255,255,255,255,255,255,255,255,255,255,255,255,255,255,255,255,255,255,247,135,11,0,95,246,255,255,255,255,255,255,255,255,255,255,255,
0,0,0,0,0,0,0,0,0,0,28,212,255,255,255,255,255,255,255,255,255,255,255,255,255,255,255,255,255,255,255,255,255,255,255,255,255,255,255,255,255,255,255,255,226,84,1,0,61,237,255,255,255,255,255,255,255,255,255,255,
0,0,0,0,0,0,0,0,0,30,221,255,255,255,255,255,255,255,255,255,255,255,255,255,255,255,255,255,255,255,255,255,255,255,255,255,255,255,255,255,255,255,255,255,253,169,29,0,0,47,234,255,255,255,255,255,255,255,255,255,
0,0,0,0,0,0,0,0,22,217,255,255,255,255,255,255,255,255,255,255,255,255,255,255,255,255,255,255,255,255,255,255,255,255,255,255,255,255,255,255,255,255,255,255,255,222,83,0,0,0,52,241,255,255,255,255,255,255,255,255,
0,0,0,0,0,0,0,7,194,254,255,255,255,255,255,255,255,255,255,255,255,255,255,255,255,255,255,255,255,255,255,255,254,255,255,255,255,255,255,255,255,255,255,255,255,249,138,14,0,0,0,74,251,255,255,255,255,255,255,255,
0,0,0,0,0,0,0,148,254,255,255,255,255,255,255,255,255,255,255,255,255,255,255,255,255,255,255,255,255,254,233,153,76,57,108,215,254,255,255,255,255,255,255,255,255,254,180,38,0,0,0,0,125,254,255,255,255,255,255,255,
0,0,0,0,0,0,76,253,255,255,255,255,255,255,255,255,255,255,255,255,255,255,255,255,255,255,255,255,255,232,120,19,0,0,0,36,187,254,255,255,255,255,255,255,255,255,204,63,0,0,0,0,3,191,254,255,255,255,255,255,
0,0,0,0,0,15,227,255,255,255,255,255,255,255,255,255,255,255,255,255,255,255,255,255,255,255,255,255,253,175,44,0,0,0,0,0,87,231,255,255,255,255,255,255,255,255,217,80,0,0,0,0,0,35,245,255,255,255,255,255,
0,0,0,0,0,140,255,255,255,255,255,255,255,255,255,255,255,255,255,255,255,255,255,255,255,255,255,255,251,146,18,0,0,0,0,0,49,200,255,255,255,255,255,255,255,255,223,84,0,0,0,0,0,0,131,255,255,255,255,255,
0,0,0,0,31,247,255,255,255,255,255,255,255,255,255,255,255,255,255,255,255,255,255,255,255,255,255,255,253,152,19,0,0,0,0,0,56,200,255,255,255,255,255,255,255,255,220,85,0,0,0,0,0,0,13,234,255,255,255,255,
0,0,0,0,149,255,255,255,255,255,255,255,255,255,255,255,255,255,255,255,255,255,255,255,255,255,255,255,255,204,49,0,0,0,0,4,99,225,255,255,255,255,255,255,255,255,211,76,0,0,0,0,0,0,0,124,255,255,255,255,
0,0,0,20,243,255,255,255,255,255,255,255,255,255,255,255,255,255,255,255,255,255,255,255,255,255,255,255,255,251,165,20,0,0,3,65,183,252,255,255,255,255,255,255,255,254,192,56,0,0,0,0,0,0,0,21,246,255,255,255,
0,0,0,106,254,255,255,255,255,255,255,255,255,255,255,255,255,255,255,255,255,255,255,255,255,255,255,255,255,255,254,216,130,103,147,213,251,255,255,255,255,255,255,255,255,252,161,32,0,0,0,0,0,0,0,0,167,255,255,255,
0,0,0,191,255,255,255,255,255,255,255,255,255,255,255,255,255,255,255,255,255,255,255,255,255,255,255,255,255,255,255,255,255,255,255,254,255,255,255,255,255,255,255,255,255,236,121,11,0,0,0,0,0,0,0,0,78,254,255,255,
0,0,14,248,255,255,255,255,255,255,255,255,255,255,255,255,255,255,255,255,255,255,255,255,255,255,255,255,255,255,255,255,255,255,255,255,255,255,255,255,255,255,255,255,254,199,68,0,0,0,0,0,0,0,0,0,9,244,255,255,
0,0,73,254,255,255,255,255,255,255,255,255,255,255,255,255,255,255,255,255,255,255,255,255,255,255,255,255,255,255,255,255,255,255,255,255,255,255,255,255,255,255,255,255,242,135,21,0,0,0,0,0,0,0,0,0,0,185,255,255,
0,0,136,255,255,255,255,255,255,255,255,255,255,255,255,255,255,255,255,255,255,255,255,255,255,255,255,255,255,255,255,255,255,255,255,255,255,255,255,255,255,255,255,252,181,61,0,0,0,0,0,0,0,0,0,0,0,125,255,255,
0,0,193,255,255,255,255,255,255,255,255,255,255,255,255,255,255,255,255,255,255,255,255,255,255,255,255,255,255,255,255,255,255,255,255,255,255,255,255,255,255,255,254,210,94,6,0,0,0,0,0,0,0,0,0,0,0,76,254,255,
0,2,240,255,255,255,255,255,255,255,255,255,255,255,255,255,255,255,255,255,255,255,255,255,255,255,255,255,255,255,255,255,255,255,255,255,255,255,255,255,255,254,221,111,15,0,0,0,0,0,0,0,0,0,0,0,0,36,254,255,
0,22,254,255,255,255,255,255,255,255,255,255,255,255,255,255,255,255,255,255,255,255,255,255,255,255,255,255,255,255,255,255,255,255,255,255,255,255,255,255,253,210,102,15,0,0,0,0,0,0,0,0,0,0,0,0,0,8,251,255,
0,44,254,255,255,255,255,255,255,255,255,255,255,255,255,255,255,255,255,255,255,255,255,255,255,255,255,255,255,255,255,255,255,255,255,255,255,255,255,240,170,69,8,0,0,0,0,0,0,0,0,0,0,0,0,0,0,0,237,255,
0,56,254,255,255,255,255,255,255,255,255,255,255,255,255,255,255,255,255,255,255,255,254,251,241,232,231,240,253,254,255,255,255,255,255,255,254,234,179,90,23,0,0,0,0,0,0,0,0,0,0,0,0,0,0,0,0,0,226,255,
0,59,254,255,255,255,255,255,255,255,255,255,255,255,255,255,255,255,255,254,241,198,130,71,33,12,5,5,22,65,128,169,191,194,180,147,96,44,11,0,0,0,0,0,0,0,0,0,0,0,0,0,0,0,0,0,0,0,221,255,
0,55,254,255,255,255,255,255,255,255,255,255,255,255,255,255,255,254,239,180,87,20,1,0,0,0,0,0,0,0,0,0,0,0,0,0,0,0,0,0,0,0,0,0,0,0,0,0,0,0,0,0,0,0,0,0,0,0,226,255,
0,40,254,255,255,255,255,255,255,255,255,255,255,255,255,255,252,210,114,26,0,0,0,0,0,0,0,0,0,0,0,0,0,0,0,0,0,0,0,0,0,0,0,0,0,0,0,0,0,0,0,0,0,0,0,0,0,0,238,255,
0,18,254,255,255,255,255,255,255,255,255,255,255,255,255,250,187,80,9,0,0,0,0,0,0,0,0,0,0,0,0,0,0,0,0,0,0,0,0,0,0,0,0,0,0,0,0,0,0,0,0,0,0,0,0,0,0,9,252,255,
0,1,238,255,255,255,255,255,255,255,255,255,255,255,251,189,73,5,0,0,0,0,0,0,0,0,0,0,0,0,0,0,0,0,0,0,0,0,0,0,0,0,0,0,0,0,0,0,0,0,0,0,0,0,0,0,0,39,254,255,
0,0,197,255,255,255,255,255,255,255,255,255,255,254,206,90,6,0,0,0,0,0,0,0,0,0,0,0,0,0,0,0,0,0,0,0,0,0,0,0,0,0,0,0,0,0,0,0,0,0,0,0,0,0,0,0,0,81,255,255,
0,0,146,255,255,255,255,255,255,255,255,255,254,236,127,19,0,0,0,0,0,0,0,0,0,0,0,0,0,0,0,0,0,0,0,0,0,0,0,0,0,0,0,0,0,0,0,0,0,0,0,0,0,0,0,0,0,130,255,255,
0,0,86,255,255,255,255,255,255,255,255,255,253,181,55,0,0,0,0,0,0,0,0,0,0,0,0,0,0,0,0,0,0,0,0,0,0,0,0,0,0,0,0,0,0,0,0,0,0,0,0,0,0,0,0,0,0,191,255,255,
0,0,21,250,255,255,255,255,255,255,255,255,237,118,12,0,0,0,0,0,0,0,0,0,0,0,0,0,0,0,0,0,0,0,0,0,0,0,0,0,0,0,0,0,0,0,0,0,0,0,0,0,0,0,0,0,14,248,255,255,
0,0,0,190,255,255,255,255,255,255,255,254,202,69,0,0,0,0,0,0,0,0,0,0,0,0,0,0,0,0,0,0,0,0,0,0,0,0,0,0,0,0,0,0,0,0,0,0,0,0,0,0,0,0,0,0,89,254,255,255,
0,0,0,100,255,255,255,255,255,255,255,252,163,35,0,0,0,0,0,0,0,0,0,0,22,71,104,66,5,0,0,0,0,0,0,0,0,0,0,0,0,0,0,0,0,0,0,0,0,0,0,0,0,0,0,0,184,255,255,255,
0,0,0,13,239,255,255,255,255,255,255,244,131,14,0,0,0,0,0,0,0,0,0,45,161,241,254,254,177,29,0,0,0,0,0,0,0,0,0,0,0,0,0,0,0,0,0,0,0,0,0,0,0,0,0,35,251,255,255,255,
0,0,0,0,139,255,255,255,255,255,255,237,110,6,0,0,0,0,0,0,0,0,13,126,240,255,255,255,250,132,7,0,0,0,0,0,0,0,0,0,0,0,0,0,0,0,0,0,0,0,0,0,0,0,0,147,255,255,255,255,
0,0,0,0,26,243,255,255,255,255,255,231,99,2,0,0,0,0,0,0,0,0,28,165,254,255,255,255,254,177,31,0,0,0,0,0,0,0,0,0,0,0,0,0,0,0,0,0,0,0,0,0,0,0,29,245,255,255,255,255,
0,0,0,0,0,129,254,255,255,255,255,230,101,2,0,0,0,0,0,0,0,0,22,164,254,255,255,255,253,167,30,0,0,0,0,0,0,0,0,0,0,0,0,0,0,0,0,0,0,0,0,0,0,0,160,254,255,255,255,255,
0,0,0,0,0,11,221,255,255,255,255,237,109,3,0,0,0,0,0,0,0,0,2,103,239,255,255,254,232,114,8,0,0,0,0,0,0,0,0,0,0,0,0,0,0,0,0,0,0,0,0,0,0,61,252,255,255,255,255,255,
0,0,0,0,0,0,63,252,255,255,255,247,130,10,0,0,0,0,0,0,0,0,0,10,118,240,252,223,132,27,0,0,0,0,0,0,0,0,0,0,0,0,0,0,0,0,0,0,0,0,0,0,11,216,254,255,255,255,255,255,
0,0,0,0,0,0,0,128,254,255,255,254,162,23,0,0,0,0,0,0,0,0,0,0,0,11,42,31,6,0,0,0,0,0,0,0,0,0,0,0,0,0,0,0,0,0,0,0,0,0,0,0,158,255,255,255,255,255,255,255,
0,0,0,0,0,0,0,2,174,254,255,254,204,57,0,0,0,0,0,0,0,0,0,0,0,0,0,0,0,0,0,0,0,0,0,0,0,0,0,0,0,0,0,0,0,0,0,0,0,0,0,106,254,255,255,255,255,255,255,255,
0,0,0,0,0,0,0,0,10,195,255,255,239,110,5,0,0,0,0,0,0,0,0,0,0,0,0,0,0,0,0,0,0,0,0,0,0,0,0,0,0,0,0,0,0,0,0,0,0,0,78,250,255,255,255,255,255,255,255,255,
0,0,0,0,0,0,0,0,0,16,199,254,254,179,36,0,0,0,0,0,0,0,0,0,0,0,0,0,0,0,0,0,0,0,0,0,0,0,0,0,0,0,0,0,0,0,0,0,0,72,245,255,255,255,255,255,255,255,255,255,
0,0,0,0,0,0,0,0,0,0,13,183,255,239,110,4,0,0,0,0,0,0,0,0,0,0,0,0,0,0,0,0,0,0,0,0,0,0,0,0,0,0,0,0,0,0,0,0,86,247,255,255,255,255,255,255,255,255,255,255,
0,0,0,0,0,0,0,0,0,0,0,4,143,252,210,58,0,0,0,0,0,0,0,0,0,0,0,0,0,0,0,0,0,0,0,0,0,0,0,0,0,0,0,0,0,0,3,124,252,255,255,255,255,255,255,255,255,255,255,255,
