0,0,0,0,0,0,0,0,0,0,63,235,255,255,255,255,255,255,255,255,255,255,255,255,255,255,255,255,255,255,255,255,255,255,255,255,255,255,255,255,255,255,255,255,255,255,255,255,244,84,0,0,0,0,0,11,112,223,255,255,
0,0,0,0,0,0,0,0,0,77,245,255,255,255,255,255,255,255,255,255,255,255,255,255,255,255,255,255,255,255,255,255,255,255,255,255,255,255,255,255,255,255,255,255,255,255,255,255,255,251,101,0,0,0,0,1,69,195,254,255,
0,0,0,0,0,0,0,0,72,247,255,255,255,255,255,255,255,255,255,255,255,255,255,255,255,255,255,255,255,255,255,255,255,255,255,255,255,255,255,255,255,255,255,255,255,255,255,255,255,255,252,94,0,0,0,0,34,161,251,255,
0,0,0,0,0,0,0,48,242,255,255,255,255,255,255,255,255,255,255,255,255,255,255,255,255,255,255,255,255,255,255,255,255,255,255,255,255,255,255,255,255,255,255,255,255,255,255,255,255,255,255,249,68,0,0,0,11,127,240,255,
0,0,0,0,0,0,19,222,255,255,255,255,255,255,255,255,255,255,255,255,255,255,255,255,255,255,255,255,255,255,255,255,255,255,255,255,255,255,255,255,255,255,255,255,255,255,255,255,255,255,255,255,234,32,0,0,1,90,224,255,
0,0,0,0,0,0,175,255,255,255,255,255,255,255,255,255,255,255,255,255,255,255,255,255,255,255,255,255,255,255,255,255,255,255,255,255,255,255,255,255,255,255,255,255,255,255,255,255,255,255,255,255,255,197,4,0,0,54,200,254,
0,0,0,0,0,93,254,255,255,255,255,255,255,254,254,255,254,255,255,255,255,255,255,255,255,255,255,255,255,255,255,255,255,255,255,255,255,255,255,255,255,255,255,255,255,255,255,255,255,255,255,255,255,254,119,0,0,28,174,254,
0,0,0,0,18,233,255,255,255,254,253,242,226,211,200,196,200,212,225,242,253,254,255,255,255,255,255,255,255,255,255,255,255,255,255,255,255,255,255,255,255,255,255,255,255,255,255,255,255,255,255,255,255,255,244,33,0,10,144,251,
0,0,0,0,140,254,255,255,250,222,181,143,115,95,83,81,84,96,112,141,178,221,249,254,255,255,255,255,255,255,255,255,255,255,255,255,255,255,255,255,255,255,255,255,255,255,255,255,255,255,255,255,255,255,254,167,0,1,112,246,
0,0,0,26,245,255,254,228,169,113,68,33,14,6,3,2,2,5,12,29,64,114,171,229,254,255,255,255,255,255,255,255,255,255,255,255,255,255,255,255,255,255,255,255,255,255,255,255,255,255,255,255,255,255,255,252,47,1,82,236,
0,0,0,136,254,250,201,124,58,16,1,0,0,0,0,0,0,0,0,0,0,14,54,125,207,252,255,255,255,255,255,255,255,255,255,255,255,255,255,255,255,255,255,255,255,255,255,255,255,255,255,255,255,255,255,255,164,0,55,224,
0,0,9,234,249,184,93,22,1,0,0,0,0,0,0,0,0,0,0,0,0,0,1,21,95,194,251,255,255,255,255,255,255,255,255,255,255,255,255,255,255,255,255,255,255,255,255,255,255,255,255,255,255,255,255,255,247,25,36,212,
0,0,87,252,185,77,9,0,0,0,0,0,0,0,0,0,0,0,0,0,0,0,0,0,7,79,197,253,255,255,255,255,255,255,255,255,255,255,255,255,255,255,255,255,255,255,255,255,255,255,255,255,255,255,255,255,254,116,21,201,
0,0,174,206,76,5,0,0,0,0,0,0,0,0,0,0,0,0,0,0,0,0,0,0,0,5,85,219,254,255,255,255,255,255,255,255,255,255,255,255,255,255,255,255,255,255,255,255,255,255,255,255,255,255,255,255,255,202,11,187,
0,8,225,106,8,0,0,0,0,0,0,0,0,0,0,0,0,0,0,0,0,0,0,0,0,0,7,116,245,255,255,255,255,255,255,255,255,255,255,255,255,255,255,255,255,255,255,255,255,255,255,255,255,255,255,255,255,252,31,175,
0,62,163,22,0,0,0,0,0,0,0,0,0,0,0,0,0,0,0,0,0,0,0,0,0,0,0,22,187,254,255,255,255,255,255,255,255,255,255,255,255,255,255,255,255,255,255,255,255,255,255,255,255,255,255,255,255,254,93,163,
0,96,70,0,0,0,0,0,0,0,0,0,0,0,0,0,0,0,0,0,0,0,0,0,0,0,0,0,81,246,255,255,255,255,255,255,255,255,255,255,255,255,255,255,255,255,255,255,255,255,255,255,255,255,255,255,255,255,151,152,
0,88,13,0,0,0,0,0,0,0,0,0,0,0,0,0,0,0,0,0,0,0,0,0,0,0,0,0,12,204,255,255,255,255,255,255,255,255,255,255,255,254,242,219,212,228,252,255,255,255,255,255,255,255,255,255,255,255,197,147,
0,52,0,0,0,0,0,0,0,0,0,0,0,0,13,30,27,6,0,0,0,0,0,0,0,0,0,0,0,128,254,255,255,255,255,255,255,255,255,255,254,220,145,101,90,112,176,248,255,255,255,255,255,255,255,255,255,255,231,147,
0,21,0,0,0,0,0,0,0,0,0,0,0,43,115,147,143,99,20,0,0,0,0,0,0,0,0,0,0,60,254,255,255,255,255,255,255,255,255,255,240,117,33,7,3,11,54,182,254,255,255,255,255,255,255,255,255,255,247,155,
1,5,0,0,0,0,0,0,0,0,0,0,20,153,225,245,244,217,117,3,0,0,0,0,0,0,0,0,0,16,251,255,255,255,255,255,255,255,255,255,189,21,0,0,0,0,0,69,254,255,255,255,255,255,255,255,255,255,253,171,
2,0,0,0,0,0,0,0,0,0,0,0,78,240,254,255,255,254,226,26,0,0,0,0,0,0,0,0,0,1,237,255,255,255,255,255,255,255,255,255,129,0,0,0,0,0,0,6,243,255,255,255,255,255,255,255,255,255,255,188,
8,0,0,0,0,0,0,0,0,0,0,0,128,254,255,255,255,255,254,61,0,0,0,0,0,0,0,0,0,0,224,255,255,255,255,255,255,255,255,255,122,0,0,0,0,0,0,9,238,255,255,255,255,255,255,255,255,255,254,201,
19,0,0,0,0,0,0,0,0,0,0,0,108,254,255,255,255,255,247,48,0,0,0,0,0,0,0,0,0,0,211,255,255,255,255,255,255,255,255,255,178,7,0,0,0,0,0,68,249,255,255,255,255,255,255,255,255,255,247,211,
39,2,0,0,0,0,0,0,0,0,0,0,41,209,253,254,254,247,174,13,0,0,0,0,0,0,0,0,0,0,171,255,255,255,255,255,255,255,255,255,237,91,16,1,0,7,50,171,254,255,255,255,255,255,255,255,255,255,222,224,
50,15,0,0,0,0,0,0,0,0,0,0,2,90,174,205,200,156,62,0,0,0,0,0,0,0,0,0,0,0,114,255,255,255,255,255,255,255,255,255,254,208,122,81,75,103,164,243,255,255,255,255,255,255,255,255,255,255,177,242,
56,44,0,0,0,0,0,0,0,0,0,0,0,6,51,83,77,40,2,0,0,0,0,0,0,0,0,0,0,0,46,247,255,255,255,255,255,255,255,255,255,253,233,201,194,217,247,254,255,255,255,255,255,255,255,255,255,250,125,254,
55,85,0,0,0,0,0,0,0,0,0,0,0,0,0,2,1,0,0,0,0,0,0,0,0,0,0,0,0,0,7,189,254,255,255,255,255,255,255,255,255,255,255,254,254,255,255,255,255,255,255,255,255,255,255,255,254,212,99,254,
53,131,0,0,0,0,0,0,0,0,0,0,0,0,0,0,0,0,0,0,0,0,0,0,0,0,0,0,0,0,0,88,245,255,255,255,255,255,255,255,255,255,255,255,255,255,255,255,255,255,255,255,255,255,255,255,247,131,116,255,
48,184,0,0,0,0,0,0,0,0,0,0,0,0,0,0,0,0,0,0,0,0,0,0,0,0,0,0,0,0,0,16,173,253,255,255,255,255,255,255,255,255,255,255,255,255,255,255,255,255,255,255,255,255,255,254,190,43,172,255,
42,227,19,0,0,0,0,0,0,0,0,0,0,0,0,0,0,0,0,0,0,0,0,0,0,0,0,0,0,0,0,0,62,210,253,255,255,255,255,255,255,255,255,255,255,255,255,255,255,255,255,255,255,255,254,218,91,6,235,255,
35,221,90,0,0,0,0,0,0,0,0,0,0,0,0,0,0,0,0,0,0,0,0,0,0,0,0,0,0,0,0,0,5,97,218,254,255,255,255,255,255,255,255,255,255,255,255,255,255,255,255,255,255,254,223,121,15,63,254,255,
25,205,179,0,0,0,0,0,0,0,0,0,0,0,0,0,0,0,0,0,0,0,0,0,0,0,0,0,0,0,0,0,0,14,110,213,253,255,255,255,255,255,255,255,255,255,255,255,255,255,255,255,252,214,126,26,0,152,255,255,
17,185,249,30,0,0,0,0,0,0,0,0,0,0,0,0,0,0,0,0,0,0,0,0,0,0,0,0,0,0,0,0,0,0,15,97,186,241,254,255,255,255,255,255,255,255,255,255,255,255,254,238,186,111,27,0,12,238,255,255,
10,159,254,134,0,0,0,0,0,0,0,0,0,0,0,0,0,0,0,0,0,0,0,0,0,0,0,0,0,0,0,0,0,0,0,10,67,140,199,236,252,254,255,255,255,255,254,254,251,234,197,143,77,17,0,0,104,255,255,255,
4,130,252,238,18,0,0,0,0,0,0,0,0,0,0,0,0,0,0,0,0,0,0,0,0,0,0,0,0,0,0,0,0,0,0,0,2,28,82,129,169,200,219,226,229,225,215,197,167,130,86,36,4,0,0,5,220,255,255,255,
0,101,243,254,134,0,0,0,0,0,0,0,0,0,0,0,0,0,0,0,0,0,0,0,0,0,0,0,0,0,0,0,0,0,0,0,0,0,3,22,54,83,104,115,118,114,101,82,53,24,4,0,0,0,0,105,254,255,255,255,
0,72,224,255,245,35,0,0,0,0,0,0,0,0,0,0,0,0,0,0,0,0,0,0,0,0,0,0,0,0,0,0,0,0,0,0,0,0,0,0,0,2,9,13,15,14,8,2,0,0,0,0,0,0,18,232,255,255,255,255,
0,46,198,255,254,184,1,0,0,0,0,0,0,0,0,0,0,0,0,0,0,0,0,0,0,0,0,0,0,0,0,0,0,0,0,0,0,0,0,0,0,0,0,0,0,0,0,0,0,0,0,0,0,0,156,255,255,255,255,255,
0,26,164,253,255,254,106,0,0,0,0,0,0,0,0,0,0,0,0,0,0,0,0,0,0,0,0,0,0,0,0,0,0,0,0,0,0,0,0,0,0,0,0,0,0,0,0,0,0,0,0,0,0,76,253,255,255,255,255,255,
0,11,127,244,255,254,245,51,0,0,0,0,0,0,0,0,0,0,0,0,0,0,0,0,0,0,0,0,0,0,0,0,0,0,0,0,0,0,0,0,0,0,0,0,0,0,0,0,0,0,0,0,30,234,255,255,255,255,255,255,
0,2,92,223,255,255,255,225,26,0,0,0,0,0,0,0,0,0,0,0,0,0,0,0,0,0,0,0,0,0,0,0,0,0,0,0,0,0,0,0,0,0,0,0,0,0,0,0,0,0,0,13,205,255,255,255,255,255,255,255,
0,0,59,189,253,255,255,255,207,17,0,0,0,0,0,0,0,0,0,0,0,0,0,0,0,0,0,0,0,0,0,0,0,0,0,0,0,0,0,0,0,0,0,0,0,0,0,0,0,0,9,186,255,255,255,255,255,255,255,255,
0,0,31,149,247,255,255,255,254,201,19,0,0,0,0,0,0,0,0,0,0,0,0,0,0,0,0,0,0,0,0,0,0,0,0,0,0,0,0,0,0,0,0,0,0,0,0,0,0,11,183,255,255,255,255,255,255,255,255,255,
0,0,11,111,225,255,255,255,255,254,214,34,0,0,0,0,0,0,0,0,0,0,0,0,0,0,0,0,0,0,0,0,0,0,0,0,0,0,0,0,0,0,0,0,0,0,0,0,24,199,254,255,255,255,255,255,255,255,255,255,
