255,255,255,255,255,255,253,118,71,140,198,230,247,251,254,255,253,253,251,246,234,208,172,134,91,42,7,0,0,0,0,0,0,0,0,0,0,0,0,0,0,0,0,0,0,0,0,0,0,0,0,3,152,252,255,255,255,255,255,255,
255,255,255,255,255,254,144,123,204,244,254,255,255,255,255,255,255,255,255,255,255,254,243,216,171,119,66,14,0,0,0,0,0,0,0,0,0,0,0,0,0,0,0,0,0,0,0,0,0,0,0,0,4,169,254,255,255,255,255,255,
255,255,255,255,254,184,168,241,254,254,255,255,255,255,255,255,255,255,255,255,255,255,254,254,241,198,139,77,18,0,0,0,0,0,0,0,0,0,0,0,0,0,0,0,0,0,0,0,0,0,0,0,0,8,198,254,255,255,255,255,
255,255,255,254,216,193,252,254,255,255,255,255,255,255,255,255,255,255,255,255,255,255,255,255,254,250,211,144,77,13,0,0,0,0,0,0,0,0,0,0,0,0,0,0,0,0,0,0,0,0,0,0,0,0,28,233,255,255,255,255,
255,255,255,233,198,253,255,255,255,255,255,255,255,255,255,255,255,255,255,255,255,255,255,255,255,255,252,210,136,61,4,0,0,0,0,0,0,0,0,0,0,0,0,0,0,0,0,0,0,0,0,0,0,0,0,76,253,255,255,255,
255,255,246,184,253,255,255,255,255,255,255,255,255,255,255,255,255,255,255,255,255,255,255,255,255,255,255,250,200,118,34,0,0,0,0,0,0,0,0,0,0,0,0,0,0,0,0,0,0,0,0,0,0,0,0,0,159,255,255,255,
255,253,174,242,255,255,255,255,255,255,255,255,255,255,255,255,255,255,255,255,255,255,255,255,255,255,255,254,246,175,85,8,0,0,0,0,0,0,0,0,0,0,0,0,0,0,0,0,0,0,0,0,0,0,0,0,21,235,255,255,
254,197,188,254,255,255,255,255,255,255,255,255,255,255,255,255,255,255,255,255,255,255,255,255,255,255,255,255,254,225,135,38,0,0,0,0,0,0,0,0,0,0,0,0,0,0,0,0,0,0,0,0,0,0,0,0,0,109,254,255,
234,123,251,255,255,255,255,255,255,255,255,255,255,255,255,255,255,255,255,255,255,255,255,255,255,255,255,255,255,250,182,76,2,0,0,0,0,0,0,0,0,0,0,0,0,0,0,0,0,0,0,0,0,0,0,0,0,7,223,255,
132,188,255,255,255,255,255,255,255,255,255,255,255,255,255,254,241,228,230,245,254,255,255,255,255,255,255,255,255,254,222,110,12,0,0,0,0,0,0,0,0,0,0,0,0,0,0,0,0,0,0,0,0,0,0,0,0,0,108,254,
77,252,255,255,255,255,255,255,255,255,255,255,255,255,249,179,125,118,134,171,224,253,255,255,255,255,255,255,255,255,247,149,27,0,0,0,0,0,0,0,0,0,0,0,0,0,0,0,0,0,0,0,0,0,0,0,0,0,13,238,
145,255,255,255,255,255,255,255,255,255,255,255,255,254,136,34,15,18,42,87,154,230,254,255,255,255,255,255,255,255,253,178,43,0,0,0,0,0,0,0,0,0,0,0,0,0,0,0,0,0,0,0,0,0,0,0,0,0,0,148,
229,255,255,255,255,255,255,255,255,255,255,255,255,183,5,0,0,0,0,17,87,185,254,255,255,255,255,255,255,255,254,203,54,0,0,0,0,0,0,0,0,0,0,0,0,0,0,0,0,0,0,0,0,0,0,0,0,0,0,59,
254,255,255,255,255,255,255,255,255,255,255,255,252,72,0,0,0,0,0,0,33,149,252,255,255,255,255,255,255,255,255,217,62,0,0,0,0,0,0,0,0,0,0,0,0,0,0,0,0,0,0,0,0,0,0,0,0,0,0,4,
255,255,255,255,255,255,255,255,255,255,255,255,229,54,0,0,0,0,0,0,8,136,253,255,255,255,255,255,255,255,255,223,62,0,0,0,0,0,0,0,0,0,0,0,0,0,0,0,0,0,0,0,0,0,0,0,0,0,0,0,
255,255,255,255,255,255,255,255,255,255,255,255,221,79,3,0,0,0,0,0,3,171,255,255,255,255,255,255,255,255,255,224,51,0,0,0,0,0,0,0,0,0,0,0,0,0,0,0,0,0,0,0,0,0,0,0,0,0,0,0,
255,255,255,255,255,255,255,255,255,255,255,255,235,127,37,1,0,0,0,0,32,244,255,255,255,255,255,255,255,255,255,218,33,0,0,0,0,0,0,0,0,0,0,0,0,0,0,0,0,0,0,0,0,0,0,0,0,0,0,0,
255,255,255,255,255,255,255,255,255,255,255,255,251,184,105,47,15,6,7,35,190,254,255,255,255,255,255,255,255,255,255,195,10,0,0,0,0,0,0,0,0,0,0,0,0,0,0,0,0,0,0,0,0,0,0,0,0,0,0,0,
255,255,255,255,255,255,255,255,255,255,255,255,255,240,180,134,105,97,118,197,254,255,255,255,255,255,255,255,255,255,255,145,0,0,0,0,0,0,0,0,0,0,0,0,0,0,0,0,0,0,0,0,0,0,0,0,0,0,0,0,
255,255,255,255,255,255,255,255,255,255,255,255,255,255,247,224,208,213,237,254,255,255,255,255,255,255,255,255,255,255,253,69,0,0,0,0,0,0,0,0,0,0,0,0,0,0,0,0,0,0,0,0,0,0,0,0,0,0,0,0,
255,255,255,255,255,255,255,255,255,255,255,255,255,255,255,255,254,254,255,255,255,255,255,255,255,255,255,255,255,255,218,7,0,0,0,0,0,0,0,0,0,0,0,0,0,0,0,0,0,0,0,0,0,0,0,0,0,0,0,0,
255,255,255,255,255,255,255,255,255,255,255,255,255,255,255,255,255,255,255,255,255,255,255,255,255,255,255,255,255,255,110,0,0,0,0,0,0,0,0,0,0,0,0,0,0,0,0,0,0,0,0,0,0,0,0,0,0,0,0,0,
255,255,255,255,255,255,255,255,255,255,255,255,255,255,255,255,255,255,255,255,255,255,255,255,255,255,255,255,255,210,5,0,0,0,0,0,0,0,0,0,0,0,0,0,0,0,0,0,0,0,0,0,0,0,0,0,0,0,0,0,
255,255,255,255,255,255,255,255,255,255,255,255,255,255,255,255,255,255,255,255,255,255,255,255,255,255,255,255,253,72,0,0,0,0,0,0,0,0,0,0,0,0,0,0,0,0,0,0,0,0,0,0,0,0,0,0,0,0,0,0,
255,255,255,255,255,255,255,255,255,255,255,255,255,255,255,255,255,255,255,255,255,255,255,255,255,255,255,255,197,2,0,0,0,0,0,0,0,0,0,0,0,0,0,0,0,0,0,0,0,0,0,0,0,0,0,0,0,0,0,0,
255,255,255,255,255,255,255,255,255,255,255,255,255,255,255,255,255,255,255,255,255,255,255,255,255,255,255,254,97,0,0,0,0,0,0,0,0,0,0,0,0,0,3,5,1,0,0,0,0,0,0,0,0,0,0,0,0,0,0,0,
255,255,255,255,255,255,255,255,255,255,255,255,255,255,255,255,255,255,255,255,255,255,255,255,255,255,255,234,34,0,0,0,0,0,0,0,0,0,0,0,5,55,88,85,57,17,0,0,0,0,0,0,0,0,0,0,0,0,0,0,
255,255,255,255,255,255,255,255,255,255,255,255,255,255,255,255,255,255,255,255,255,255,255,255,255,255,255,195,11,0,0,0,0,0,0,0,0,0,0,2,114,196,206,183,144,82,13,0,0,0,0,0,0,0,0,0,0,0,0,0,
255,255,255,255,255,255,255,255,255,255,255,255,255,255,255,255,255,255,255,255,255,255,255,255,255,255,254,159,3,0,0,0,0,0,0,0,0,0,0,93,249,254,254,251,222,149,51,0,0,0,0,0,0,0,0,0,0,0,0,0,
255,255,255,255,255,255,255,255,255,255,255,255,255,255,255,255,255,255,255,255,255,255,255,255,255,255,252,134,2,0,0,0,0,0,0,0,0,0,9,205,255,255,255,255,254,211,90,0,0,0,0,0,0,0,0,0,0,0,0,0,
255,255,255,255,255,255,255,255,255,255,255,255,255,255,255,255,255,255,255,255,255,255,255,255,255,255,249,123,2,0,0,0,0,0,0,0,0,0,42,209,255,255,255,255,255,238,95,0,0,0,0,0,0,0,0,0,0,0,0,0,
254,255,255,255,255,255,255,255,255,255,255,255,255,255,255,255,255,255,255,255,255,255,255,255,255,255,247,124,4,0,0,0,0,0,0,0,0,0,44,172,249,255,255,255,255,244,53,0,0,0,0,0,0,0,0,0,0,0,0,5,
237,254,255,255,255,255,255,255,255,255,255,255,255,255,255,255,255,255,255,255,255,255,255,255,255,255,248,135,11,0,0,0,0,0,0,0,0,0,23,119,203,246,254,254,251,172,1,0,0,0,0,0,0,0,0,0,0,0,0,61,
156,254,255,255,255,255,255,255,255,255,255,255,255,255,255,255,255,255,255,255,255,255,255,255,255,255,250,154,27,0,0,0,0,0,0,0,0,0,3,58,127,173,202,202,159,23,0,0,0,0,0,0,0,0,0,0,0,0,0,143,
58,254,255,255,255,255,255,255,255,255,255,255,255,255,255,255,255,255,255,255,255,255,255,255,255,255,253,176,52,0,0,0,0,0,0,0,0,0,0,6,44,80,93,72,17,0,0,0,0,0,0,0,0,0,0,0,0,0,11,168,
1,200,254,255,255,255,255,255,255,255,255,255,255,255,255,255,255,255,255,255,255,255,255,255,255,255,254,204,87,4,0,0,0,0,0,0,0,0,0,0,0,3,3,0,0,0,0,0,0,0,0,0,0,0,0,0,0,0,86,68,
0,78,254,255,255,255,255,255,255,255,255,255,255,255,255,255,255,255,255,255,255,255,255,255,255,255,255,230,126,24,0,0,0,0,0,0,0,0,0,0,0,0,0,0,0,0,0,0,0,0,0,0,0,0,0,0,0,4,99,4,
0,1,199,255,255,255,255,255,255,255,255,255,255,255,255,255,255,255,255,255,255,255,255,255,255,255,255,247,167,69,4,0,0,0,0,0,0,0,0,0,0,0,0,0,0,0,0,0,0,0,0,0,0,0,0,0,0,49,22,0,
0,0,59,252,255,255,255,255,255,255,255,255,255,254,255,255,255,255,255,255,255,255,255,255,255,255,255,254,211,117,30,0,0,0,0,0,0,0,0,0,0,0,0,0,0,0,0,0,0,0,0,0,0,0,0,0,5,33,0,0,
0,0,0,153,254,255,255,255,255,255,255,255,255,255,255,255,255,255,255,255,255,255,255,255,255,255,255,255,242,168,85,13,0,0,0,0,0,0,0,0,0,0,0,0,0,0,0,0,0,0,0,0,0,0,0,0,17,0,0,0,
0,0,0,15,221,255,255,255,255,255,255,255,255,255,255,255,255,255,255,255,255,255,255,255,255,255,255,255,254,218,140,64,8,0,0,0,0,0,0,0,0,0,0,0,0,0,0,0,0,0,0,0,0,0,0,4,2,0,0,0,
0,0,0,0,58,248,255,255,255,255,255,255,255,255,255,255,255,255,255,255,255,255,255,255,255,255,255,255,255,251,200,127,60,8,0,0,0,0,0,0,0,0,0,0,0,0,0,0,0,0,0,0,0,0,11,3,0,0,0,0,
0,0,0,0,0,105,254,255,255,255,255,255,255,255,255,255,255,255,255,255,255,255,255,255,255,255,255,255,255,255,247,194,129,67,16,1,0,0,0,0,0,0,0,0,0,0,0,0,0,0,0,0,1,34,18,0,0,0,0,0,
0,0,0,0,0,0,141,254,255,255,255,255,255,255,255,255,255,255,255,255,255,255,255,255,255,255,255,255,255,255,254,247,198,139,88,39,6,0,0,0,0,0,0,0,0,0,0,0,0,0,0,15,74,47,0,0,0,0,0,0,
0,0,0,0,0,0,3,157,254,255,255,255,255,255,255,255,255,255,255,255,255,255,255,255,255,255,255,255,255,255,255,255,250,214,163,115,72,33,10,1,0,0,0,0,0,0,0,0,2,19,62,134,83,0,0,0,0,0,0,0,
