255,255,254,224,141,43,33,221,255,255,255,255,255,255,255,255,255,255,255,255,255,255,255,255,255,255,255,255,255,255,255,255,254,222,149,73,9,0,0,0,0,0,0,0,0,0,0,0,0,0,0,0,62,241,254,255,255,255,255,255,
255,249,199,107,21,19,213,255,255,255,255,255,255,255,255,255,255,255,255,255,255,255,255,255,255,255,255,255,255,255,255,255,255,251,200,121,39,0,0,0,0,0,0,0,0,0,0,0,0,0,0,0,0,73,249,255,255,255,255,255,
239,173,81,10,6,188,254,255,255,255,255,255,255,255,255,255,255,255,255,255,255,255,255,255,255,255,255,255,255,255,255,255,255,254,237,163,80,9,0,0,0,0,0,0,0,0,0,0,0,0,0,0,0,0,108,254,255,255,255,255,
153,63,6,0,137,254,255,255,255,255,255,255,255,255,255,255,255,255,255,255,255,255,255,255,255,255,255,255,255,255,255,255,255,255,253,202,115,29,0,0,0,0,0,0,0,0,0,0,0,0,0,0,0,0,0,162,254,255,255,255,
52,2,0,69,251,255,255,255,255,255,255,255,255,255,255,255,255,255,255,255,255,254,249,248,253,254,255,255,255,255,255,255,255,255,255,230,144,55,0,0,0,0,0,0,0,0,0,0,0,0,0,0,0,0,0,14,220,255,255,255,
1,0,12,221,255,255,255,255,255,255,255,255,255,255,255,255,255,255,255,254,203,127,114,138,182,229,253,255,255,255,255,255,255,255,255,245,168,75,4,0,0,0,0,0,0,0,0,0,0,0,0,0,0,0,0,0,67,253,255,255,
0,0,135,254,255,255,255,255,255,255,255,255,255,255,255,255,255,255,245,110,3,1,7,35,90,154,228,254,255,255,255,255,255,255,255,253,189,91,10,0,0,0,0,0,0,0,0,0,0,0,0,0,0,0,0,0,0,165,255,255,
0,33,245,255,255,255,255,255,255,255,255,255,255,255,255,255,255,250,132,7,0,0,0,0,22,96,178,248,255,255,255,255,255,255,255,254,206,104,15,0,0,0,0,0,0,0,0,0,0,0,0,0,0,0,0,0,0,31,246,255,
0,156,254,255,255,255,255,255,255,255,255,255,255,255,255,255,255,207,69,0,0,0,0,0,0,51,146,237,255,255,255,255,255,255,255,255,215,110,16,0,0,0,0,0,0,0,0,0,0,0,0,0,0,0,0,0,0,0,149,255,
28,247,255,255,255,255,255,255,255,255,255,255,255,255,255,255,254,176,62,0,0,0,0,0,0,29,135,235,255,255,255,255,255,255,255,255,217,111,14,0,0,0,0,0,0,0,0,0,0,0,0,0,0,0,0,0,0,0,35,250,
131,254,255,255,255,255,255,255,255,255,255,255,255,255,255,255,253,176,78,6,0,0,0,0,0,28,148,248,255,255,255,255,255,255,255,255,215,103,10,0,0,0,0,0,0,0,0,0,0,0,0,0,0,0,0,0,0,0,0,177,
225,255,255,255,255,255,255,255,255,255,255,255,255,255,255,255,254,204,115,35,0,0,0,0,0,54,207,254,255,255,255,255,255,255,255,255,205,85,3,0,0,0,0,0,0,0,0,0,0,0,0,0,0,0,0,0,0,0,0,78,
254,255,255,255,255,255,255,255,255,255,255,255,255,255,255,255,254,239,169,97,35,3,0,0,19,184,253,255,255,255,255,255,255,255,255,254,185,62,0,0,0,0,0,0,0,0,0,0,0,0,0,0,0,0,0,0,0,0,0,9,
255,255,255,255,255,255,255,255,255,255,255,255,255,255,255,255,255,254,232,178,132,92,75,115,226,254,255,255,255,255,255,255,255,255,255,249,151,30,0,0,0,0,0,0,0,0,0,0,0,0,0,0,0,0,0,0,0,0,0,0,
255,255,255,255,255,255,255,255,255,255,255,255,255,255,255,255,255,255,255,251,236,230,242,254,255,255,255,255,255,255,255,255,255,255,255,231,105,7,0,0,0,0,0,0,0,0,0,0,0,0,0,0,0,0,0,0,0,0,0,0,
255,255,255,255,255,255,255,255,255,255,255,255,255,255,255,255,255,255,255,255,255,255,255,255,255,255,255,255,255,255,255,255,255,255,254,190,47,0,0,0,0,0,0,0,0,0,0,0,0,0,0,0,0,0,0,0,0,0,0,0,
255,255,255,255,255,255,255,255,255,255,255,255,255,255,255,255,255,255,255,255,255,255,255,255,255,255,255,255,255,255,255,255,255,255,242,116,8,0,0,0,0,0,0,0,0,0,0,0,0,0,0,0,0,0,0,0,0,0,0,0,
255,255,255,255,255,255,255,255,255,255,255,255,255,255,255,255,255,255,255,255,255,255,255,255,255,255,255,255,255,255,255,255,255,254,185,32,0,0,0,0,0,0,0,0,0,0,0,0,0,0,0,0,0,0,0,0,0,0,0,0,
255,255,255,255,255,255,255,255,255,255,255,255,255,255,255,255,255,255,255,255,255,255,255,255,255,255,255,255,255,255,255,255,255,228,66,0,0,0,0,0,0,0,0,0,0,0,0,0,0,0,0,0,0,0,0,0,0,0,0,0,
255,255,255,255,255,255,255,255,255,255,255,255,255,255,255,255,255,255,255,255,255,255,255,255,255,255,255,255,255,255,255,255,244,97,2,0,0,0,0,0,0,0,0,0,0,0,0,0,0,0,0,0,0,0,0,0,0,0,0,0,
255,255,255,255,255,255,255,255,255,255,255,255,255,255,255,255,255,255,255,255,255,255,255,255,255,255,255,255,255,255,255,247,103,2,0,0,0,0,0,0,0,0,0,0,0,0,0,0,0,0,0,0,0,0,0,0,0,0,0,0,
255,255,255,255,255,255,255,255,255,255,255,255,255,255,255,255,255,255,255,255,255,255,255,255,255,255,255,255,255,255,236,77,0,0,0,0,0,0,0,0,0,0,0,0,0,0,0,0,0,0,0,0,0,0,0,0,0,0,0,0,
255,255,255,255,255,255,255,255,255,255,255,255,255,255,255,255,255,255,255,255,255,255,255,255,255,255,255,255,253,167,25,0,0,0,0,0,0,0,0,0,0,0,0,0,0,0,0,0,0,0,0,0,0,0,0,0,0,0,0,0,
255,255,255,255,255,255,255,255,255,255,255,255,255,255,255,255,255,255,255,255,255,255,255,255,255,255,254,238,93,0,0,0,0,0,0,0,0,0,0,0,0,0,0,0,0,0,0,0,0,0,0,0,0,0,0,0,0,0,0,0,
255,255,255,255,255,255,255,255,255,255,255,255,255,255,255,255,255,255,255,255,255,255,255,255,255,254,226,61,0,0,0,0,0,0,0,0,0,0,0,0,0,0,0,0,0,0,0,0,0,0,0,0,0,0,0,0,0,0,0,0,
255,255,255,255,255,255,255,255,255,255,255,255,255,255,255,255,255,255,255,255,255,255,255,255,254,228,68,0,0,0,0,0,0,0,0,0,0,0,0,0,0,0,0,0,0,0,0,0,0,0,0,0,0,0,0,0,0,0,0,0,
255,255,255,255,255,255,255,255,255,255,255,255,255,255,255,255,255,255,255,255,255,255,255,255,240,103,2,0,0,0,0,0,0,0,0,0,0,0,0,0,0,0,0,0,0,0,0,0,0,0,0,0,0,0,0,0,0,0,0,0,
255,255,255,255,255,255,255,255,255,255,255,255,255,255,255,255,255,255,255,255,255,255,255,251,158,17,0,0,0,0,0,0,0,0,0,0,0,0,0,0,0,0,0,0,0,0,0,0,0,0,0,0,0,0,0,0,0,0,0,0,
255,255,255,255,255,255,255,255,255,255,255,255,255,255,255,255,255,255,255,255,255,255,254,211,66,0,0,0,0,0,0,0,0,0,0,0,0,0,0,0,0,0,0,0,0,0,0,0,0,0,0,0,0,0,0,0,0,0,0,0,
255,255,255,255,255,255,255,255,255,255,255,255,255,255,255,255,255,255,255,255,255,255,247,143,17,0,0,0,0,0,0,0,0,0,0,0,0,0,0,0,0,0,0,0,0,0,0,0,0,0,0,0,0,0,0,0,0,0,0,0,
255,255,255,255,255,255,255,255,255,255,255,255,255,255,255,255,255,255,255,255,255,254,216,87,1,0,0,0,0,0,0,0,0,0,0,0,0,0,0,0,0,0,0,0,0,0,0,0,0,0,0,0,0,0,0,0,0,0,0,0,
255,255,255,255,255,255,255,255,255,255,255,255,255,255,255,255,255,255,255,255,255,252,173,46,0,0,0,0,0,0,0,0,0,0,0,0,22,72,78,53,17,0,0,0,0,0,0,0,0,0,0,0,0,0,0,0,0,0,0,0,
254,255,255,255,255,255,255,255,255,255,255,255,255,255,255,255,255,255,255,255,255,240,138,24,0,0,0,0,0,0,0,0,0,0,5,112,233,236,208,155,93,27,0,0,0,0,0,0,0,0,0,0,0,0,0,0,0,0,0,7,
219,254,255,255,255,255,255,255,255,255,255,255,255,255,255,255,255,255,255,255,255,225,115,13,0,0,0,0,0,0,0,0,0,4,107,244,255,255,254,231,159,77,5,0,0,0,0,0,0,0,0,0,0,0,0,0,0,0,0,75,
123,254,254,255,255,255,255,255,255,255,255,255,255,255,255,255,255,255,255,255,254,209,98,7,0,0,0,0,0,0,0,0,0,42,174,253,255,255,255,254,205,112,16,0,0,0,0,0,0,0,0,0,0,0,0,0,0,0,0,174,
22,243,255,255,255,255,255,255,255,255,255,255,255,255,255,255,255,255,255,255,255,199,93,6,0,0,0,0,0,0,0,0,0,68,180,252,255,255,255,255,228,123,15,0,0,0,0,0,0,0,0,0,0,0,0,0,0,0,34,248,
0,138,255,255,255,255,255,255,255,255,255,255,255,255,255,255,255,255,255,255,254,195,91,7,0,0,0,0,0,0,0,0,1,63,159,240,255,255,255,255,225,100,3,0,0,0,0,0,0,0,0,0,0,0,0,0,0,0,150,252,
0,19,236,255,255,255,255,255,255,255,255,255,255,255,255,255,255,255,255,255,254,196,98,10,0,0,0,0,0,0,0,0,0,34,118,196,248,255,254,254,183,26,0,0,0,0,0,0,0,0,0,0,0,0,0,0,0,35,246,253,
0,0,108,254,255,255,255,255,255,255,255,255,255,255,255,255,255,255,255,255,254,203,108,20,0,0,0,0,0,0,0,0,0,5,58,123,178,217,229,168,25,0,0,0,0,0,0,0,0,0,0,0,0,0,0,0,0,172,254,255,
0,0,4,202,255,255,255,255,255,255,255,255,255,255,255,255,255,255,255,255,254,219,126,35,0,0,0,0,0,0,0,0,0,0,4,30,60,69,39,0,0,0,0,0,0,0,0,0,0,0,0,0,0,0,0,0,74,253,254,245,
0,0,0,51,248,255,255,255,255,255,255,255,255,255,255,255,255,255,255,255,255,235,151,61,2,0,0,0,0,0,0,0,0,0,0,0,0,0,0,0,0,0,0,0,0,0,0,0,0,0,0,0,0,0,0,17,224,254,241,168,
0,0,0,0,122,254,255,255,255,255,255,255,254,255,255,255,255,255,255,255,255,248,179,94,14,0,0,0,0,0,0,0,0,0,0,0,0,0,0,0,0,0,0,0,0,0,0,0,0,0,0,0,0,0,1,169,254,235,153,67,
0,0,0,0,3,182,255,255,255,255,255,255,255,255,255,255,255,255,255,255,255,254,212,129,46,0,0,0,0,0,0,0,0,0,0,0,0,0,0,0,0,0,0,0,0,0,0,0,0,0,0,0,0,0,115,253,224,135,49,4,
0,0,0,0,0,17,211,254,255,255,255,255,255,255,255,255,255,255,255,255,255,255,241,166,88,16,0,0,0,0,0,0,0,0,0,0,0,0,0,0,0,0,0,0,0,0,0,0,0,0,0,0,0,81,248,205,106,27,1,0,
0,0,0,0,0,0,29,218,254,255,255,255,255,255,255,255,255,255,255,255,255,255,253,209,132,55,4,0,0,0,0,0,0,0,0,0,0,0,0,0,0,0,0,0,0,0,0,0,0,0,0,0,66,235,173,72,10,0,0,0,
