0,0,0,0,0,17,211,255,255,255,255,255,255,255,255,255,255,255,255,255,255,255,255,255,255,255,255,255,255,255,255,255,255,255,255,255,255,255,255,255,255,255,255,255,255,255,255,255,255,255,255,254,216,104,235,254,255,255,255,255,
0,0,0,0,5,185,254,255,255,255,255,255,255,255,255,255,255,255,255,255,255,255,255,255,255,255,255,255,255,255,255,255,255,255,255,255,255,255,255,255,255,255,255,255,255,255,255,255,255,255,255,255,249,157,83,247,255,255,255,255,
0,0,0,0,137,254,255,255,255,255,255,255,255,255,255,255,255,255,255,255,255,255,255,255,255,255,255,255,255,255,255,255,255,255,255,255,255,255,255,255,255,255,255,255,255,255,255,255,255,255,255,255,254,214,80,106,254,255,255,255,
0,0,0,74,252,255,255,255,255,255,255,255,255,255,255,255,255,255,255,255,255,255,255,255,255,255,255,255,255,255,255,255,255,255,255,255,255,255,255,255,255,255,255,255,255,255,255,255,255,255,255,255,255,243,138,18,167,255,255,255,
0,0,23,230,255,255,255,255,255,255,255,255,255,255,255,255,255,255,255,255,255,255,255,255,255,255,255,255,255,255,255,255,255,255,255,255,255,254,255,255,255,255,255,255,255,255,255,255,255,255,255,255,255,253,181,50,19,229,255,255,
0,0,169,254,255,255,255,255,255,255,255,255,255,255,255,255,255,255,255,255,255,255,255,255,255,255,255,255,255,255,255,255,255,255,255,254,239,212,197,208,245,255,255,255,255,255,255,255,255,255,255,255,255,254,211,87,2,87,254,255,
0,72,253,255,255,255,255,255,255,255,255,255,255,255,255,255,255,255,255,255,255,255,255,255,255,255,255,255,255,255,255,255,255,255,253,217,157,106,67,45,59,172,254,255,255,255,255,255,255,255,255,255,255,255,228,117,11,0,190,255,
3,208,255,255,255,255,255,255,255,255,255,255,255,255,255,255,255,255,255,255,255,255,255,255,255,255,255,255,255,255,255,255,255,254,232,155,85,25,2,0,0,2,134,251,255,255,255,255,255,255,255,255,255,255,234,135,24,0,55,253,
84,254,255,255,255,255,255,255,255,255,255,255,255,255,255,255,255,255,255,255,255,255,255,255,255,255,255,255,255,255,255,255,255,254,198,109,29,0,0,0,0,0,32,187,254,255,255,255,255,255,255,255,255,255,237,143,36,0,0,182,
197,255,255,255,255,255,255,255,255,255,255,255,255,255,255,255,255,255,255,255,255,255,255,255,255,255,255,255,255,255,255,255,255,252,179,78,4,0,0,0,0,0,17,127,243,255,254,255,255,255,255,255,255,255,237,145,40,0,0,65,
253,255,255,255,255,255,255,255,255,255,255,255,255,255,255,255,255,255,255,255,255,255,255,255,255,255,255,255,255,255,255,255,255,254,182,63,0,0,0,0,0,0,20,118,229,255,255,255,255,255,255,255,255,254,230,139,39,0,0,2,
255,255,255,255,255,255,255,255,255,255,255,255,255,255,255,255,255,255,255,255,255,255,255,255,255,255,255,255,255,255,255,255,255,254,217,74,0,0,0,0,0,0,44,134,230,255,255,255,255,255,255,255,255,254,220,130,34,0,0,0,
255,255,255,255,255,255,255,255,255,255,255,255,255,255,255,255,255,255,255,255,255,255,255,255,255,255,255,255,255,255,255,255,255,255,251,150,7,0,0,0,0,18,86,167,244,255,255,255,255,255,255,255,255,254,202,113,25,0,0,0,
255,255,255,255,255,255,255,255,255,255,255,255,255,255,255,255,255,255,255,255,255,255,255,255,255,255,255,255,255,255,255,255,255,255,255,250,127,5,1,6,30,83,145,215,254,255,255,255,255,255,255,255,255,249,181,93,13,0,0,0,
255,255,255,255,255,255,255,255,255,255,255,255,255,255,255,255,255,255,255,255,255,255,255,255,255,255,255,255,255,255,255,255,255,255,255,255,255,203,122,110,130,169,216,251,255,255,255,255,255,255,255,255,255,232,153,68,3,0,0,0,
255,255,255,255,255,255,255,255,255,255,255,255,255,255,255,255,255,255,255,255,255,255,255,255,255,255,255,255,255,255,255,255,255,255,255,255,255,254,252,241,237,247,254,255,255,255,255,255,255,255,255,255,253,202,124,40,0,0,0,0,
255,255,255,255,255,255,255,255,255,255,255,255,255,255,255,255,255,255,255,255,255,255,255,255,255,255,255,255,255,255,255,255,255,255,255,255,255,255,255,255,255,255,255,255,255,255,255,255,255,255,255,255,238,165,88,14,0,0,0,0,
255,255,255,255,255,255,255,255,255,255,255,255,255,255,255,255,255,254,254,254,254,254,255,255,255,255,255,255,255,255,255,255,255,255,255,255,255,255,255,255,255,255,255,255,255,255,255,255,255,255,255,252,198,123,49,1,0,0,0,0,
255,255,255,255,255,255,255,255,255,255,255,255,255,254,252,242,230,217,209,207,209,217,234,247,253,255,255,255,255,255,255,255,255,255,255,255,255,255,255,255,255,255,255,255,255,255,255,255,255,255,254,221,151,80,13,0,0,0,0,0,
255,255,255,255,255,255,255,255,255,255,255,253,241,215,183,153,127,104,86,74,67,68,80,108,158,214,250,255,255,255,255,255,255,255,255,255,255,255,255,255,255,255,255,255,255,255,255,255,255,254,233,168,100,32,0,0,0,0,0,0,
255,255,255,255,255,255,255,255,255,254,244,209,167,126,87,51,24,9,2,0,0,0,0,0,3,24,84,192,252,255,255,255,255,255,255,255,255,255,255,255,255,255,255,255,255,255,255,255,254,234,174,111,46,3,0,0,0,0,0,0,
255,255,255,255,255,255,255,255,254,229,178,130,83,38,9,0,0,0,0,0,0,0,0,0,0,0,0,4,85,227,255,255,255,255,255,255,255,255,255,255,255,255,255,255,255,255,255,253,223,169,111,51,5,0,0,0,0,0,0,0,
255,255,255,255,255,255,255,253,221,163,107,53,13,0,0,0,0,0,0,0,0,0,0,0,0,0,0,0,0,18,178,254,255,255,255,255,255,255,255,255,255,255,255,255,255,254,243,203,151,100,45,5,0,0,0,0,0,0,0,0,
255,255,255,255,255,255,253,220,158,96,38,3,0,0,0,0,0,0,0,0,0,0,0,0,0,0,0,0,0,0,1,87,210,252,254,255,255,255,255,255,255,255,254,252,242,212,169,121,74,27,1,0,0,0,0,0,0,0,0,0,
255,255,255,255,255,254,226,161,97,35,1,0,0,0,0,0,0,0,0,0,0,0,0,0,0,0,0,0,0,0,0,0,9,81,165,213,234,242,243,244,240,230,213,185,153,118,79,38,9,0,0,0,0,0,0,0,0,0,0,0,
255,255,255,255,255,239,176,107,41,2,0,0,0,0,0,0,0,0,0,0,0,0,0,0,0,0,0,0,0,0,0,0,0,0,5,31,70,99,117,124,123,114,96,77,51,25,6,0,0,0,0,0,0,0,0,0,0,0,0,0,
255,255,255,255,252,201,128,56,5,0,0,0,0,0,0,0,0,0,0,0,0,0,0,0,0,0,0,0,0,0,0,0,0,0,0,0,0,0,4,8,10,10,6,2,0,0,0,0,0,0,0,0,0,0,0,0,0,0,0,0,
255,255,255,255,233,158,83,15,0,0,0,0,0,0,0,0,0,0,0,0,0,0,0,0,0,0,0,0,0,0,0,0,0,0,0,0,0,0,0,0,0,0,0,0,0,0,0,0,0,0,0,0,0,0,0,0,0,0,0,0,
255,255,255,253,200,119,42,1,0,0,0,0,0,0,0,0,0,0,0,0,0,0,0,0,0,0,0,0,0,0,0,0,0,0,0,0,0,0,0,0,0,0,0,0,0,0,0,0,0,0,0,0,0,0,0,0,0,0,0,0,
255,255,255,243,168,83,12,0,0,0,0,0,0,0,0,0,0,0,0,0,0,0,0,0,0,0,0,0,0,0,0,0,0,0,0,0,0,0,0,0,0,0,0,0,0,0,0,0,0,0,0,0,0,0,0,0,0,0,0,0,
255,255,254,226,140,54,1,0,0,0,0,0,0,0,0,0,0,5,32,58,62,31,0,0,0,0,0,0,0,0,0,0,0,0,0,0,0,0,0,0,0,0,0,0,0,0,0,0,0,0,0,0,0,0,0,0,0,0,0,0,
255,255,254,206,115,29,0,0,0,0,0,0,0,0,0,0,8,64,122,169,204,212,141,9,0,0,0,0,0,0,0,0,0,0,0,0,0,0,0,0,0,0,0,0,0,0,0,0,0,0,0,0,0,0,0,0,0,0,0,0,
255,255,253,191,96,14,0,0,0,0,0,0,0,0,0,0,44,123,195,243,254,254,254,166,13,0,0,0,0,0,0,0,0,0,0,0,0,0,0,0,0,0,0,0,0,0,0,0,0,0,0,0,0,0,0,0,0,0,0,0,
255,255,252,178,79,5,0,0,0,0,0,0,0,0,0,3,76,169,241,254,255,255,255,226,87,1,0,0,0,0,0,0,0,0,0,0,0,0,0,0,0,0,0,0,0,0,0,0,0,0,0,0,0,0,0,0,0,0,0,0,
250,255,251,173,69,2,0,0,0,0,0,0,0,0,0,2,87,195,253,255,255,255,255,228,120,13,0,0,0,0,0,0,0,0,0,0,0,0,0,0,0,0,0,0,0,0,0,0,0,0,0,0,0,0,0,0,0,0,0,8,
177,254,251,172,65,1,0,0,0,0,0,0,0,0,0,0,65,199,254,255,255,255,253,209,115,17,0,0,0,0,0,0,0,0,0,0,0,0,0,0,0,0,0,0,0,0,0,0,0,0,0,0,0,0,0,0,0,0,0,88,
59,253,253,176,65,1,0,0,0,0,0,0,0,0,0,0,13,157,253,255,255,254,237,168,86,9,0,0,0,0,0,0,0,0,0,0,0,0,0,0,0,0,0,0,0,0,0,0,0,0,0,0,0,0,0,0,0,0,2,204,
0,185,254,190,74,1,0,0,0,0,0,0,0,0,0,0,0,23,187,247,243,222,172,110,39,0,0,0,0,0,0,0,0,0,0,0,0,0,0,0,0,0,0,0,0,0,0,0,0,0,0,0,0,0,0,0,0,0,79,253,
0,49,250,213,90,5,0,0,0,0,0,0,0,0,0,0,0,0,4,79,127,120,85,34,2,0,0,0,0,0,0,0,0,0,0,0,0,0,0,0,0,0,0,0,0,0,0,0,0,0,0,0,0,0,0,0,0,5,212,254,
0,0,147,236,116,13,0,0,0,0,0,0,0,0,0,0,0,0,0,0,1,6,3,0,0,0,0,0,0,0,0,0,0,0,0,0,0,0,0,0,0,0,0,0,0,0,0,0,0,0,0,0,0,0,0,0,0,115,254,255,
0,0,15,219,156,31,0,0,0,0,0,0,0,0,0,0,0,0,0,0,0,0,0,0,0,0,0,0,0,0,0,0,0,0,0,0,0,0,0,0,0,0,0,0,0,0,0,0,0,0,0,0,0,0,0,0,36,242,255,255,
0,0,0,63,201,68,0,0,0,0,0,0,0,0,0,0,0,0,0,0,0,0,0,0,0,0,0,0,0,0,0,0,0,0,0,0,0,0,0,0,0,0,0,0,0,0,0,0,0,0,0,0,0,0,0,6,195,254,255,255,
0,0,0,0,108,123,11,0,0,0,0,0,0,0,0,0,0,0,0,0,0,0,0,0,0,0,0,0,0,0,0,0,0,0,0,0,0,0,0,0,0,0,0,0,0,0,0,0,0,0,0,0,0,0,0,139,254,255,255,255,
0,0,0,0,2,111,52,0,0,0,0,0,0,0,0,0,0,0,0,0,0,0,0,0,0,0,0,0,0,0,0,0,0,0,0,0,0,0,0,0,0,0,0,0,0,0,0,0,0,0,0,0,0,0,96,253,255,255,255,255,
0,0,0,0,0,6,77,11,0,0,0,0,0,0,0,0,0,0,0,0,0,0,0,0,0,0,0,0,0,0,0,0,0,0,0,0,0,0,0,0,0,0,0,0,0,0,0,0,0,0,0,0,0,75,249,255,255,255,255,255,
