255,255,255,254,159,2,0,0,0,0,0,0,0,0,0,0,0,0,0,0,0,0,0,0,0,0,0,0,0,0,0,0,0,0,0,0,0,0,0,24,98,174,244,255,255,255,255,255,255,255,255,255,255,255,254,140,0,0,0,0,
255,255,255,192,7,0,0,0,0,0,0,0,0,0,0,0,0,0,0,0,0,0,0,0,0,0,0,0,0,0,0,0,0,0,0,0,0,0,0,6,73,149,227,255,255,255,255,255,255,255,255,255,255,255,255,254,98,0,0,0,
255,254,231,26,0,0,0,0,0,0,0,0,0,0,0,0,0,0,0,0,0,0,0,0,0,0,0,0,0,0,0,0,0,0,0,0,0,0,0,0,48,128,209,254,255,255,255,255,255,255,255,255,255,255,255,255,244,47,0,0,
255,253,78,0,0,0,0,0,0,0,0,0,0,0,0,0,0,0,0,0,0,0,1,49,129,156,129,80,28,1,0,0,0,0,0,0,0,0,0,0,29,110,191,251,255,255,255,255,255,255,255,255,255,255,255,255,255,210,9,0,
254,160,0,0,0,0,0,0,0,0,0,0,0,0,0,0,0,0,0,0,0,14,115,231,254,253,231,174,106,33,0,0,0,0,0,0,0,0,0,0,18,96,178,247,255,255,255,255,255,255,255,255,255,255,255,255,255,254,131,0,
236,22,0,0,0,0,0,0,0,0,0,0,0,0,0,0,0,0,0,0,6,91,199,254,255,255,254,232,160,79,10,0,0,0,0,0,0,0,0,0,13,89,173,244,255,255,255,255,255,255,255,255,255,255,255,255,255,255,248,40,
115,0,0,0,0,0,0,0,0,0,0,0,0,0,0,0,0,0,0,0,29,130,223,254,255,255,255,251,191,104,22,0,0,0,0,0,0,0,0,0,9,84,169,243,255,255,255,255,255,255,255,255,255,255,255,255,255,255,254,178,
11,0,0,0,0,0,0,0,0,0,0,0,0,0,0,0,0,0,0,0,41,134,223,255,255,255,255,253,200,107,22,0,0,0,0,0,0,0,0,0,10,85,171,244,255,255,255,255,255,255,255,255,255,255,255,255,255,255,255,252,
0,0,0,0,0,0,0,0,0,0,0,0,0,0,0,0,0,0,0,0,34,119,200,253,255,255,255,253,191,88,8,0,0,0,0,0,0,0,0,0,13,93,180,249,255,255,255,255,255,255,255,255,255,255,255,255,255,255,255,255,
0,0,0,0,0,0,0,0,0,0,0,0,0,0,0,0,0,0,0,0,12,82,156,227,254,255,255,240,139,31,0,0,0,0,0,0,0,0,0,0,20,108,197,253,255,255,255,255,255,255,255,255,255,255,255,255,255,255,255,255,
0,0,0,0,0,0,0,0,0,0,0,0,0,0,0,0,0,0,0,0,0,27,89,152,210,243,239,129,28,0,0,0,0,0,0,0,0,0,0,0,35,130,218,254,255,255,255,255,255,255,255,255,255,255,255,255,255,255,255,255,
0,0,0,0,0,0,0,0,0,0,0,0,0,0,0,0,0,0,0,0,0,0,11,36,57,51,11,0,0,0,0,0,0,0,0,0,0,0,0,1,60,156,237,255,255,255,255,255,255,255,255,255,255,255,255,255,255,255,255,255,
0,0,0,0,0,0,0,0,0,0,0,0,0,0,0,0,0,0,0,0,0,0,0,0,0,0,0,0,0,0,0,0,0,0,0,0,0,0,0,10,94,190,251,255,255,255,255,255,255,255,255,255,255,255,255,255,255,255,255,255,
0,0,0,0,0,0,0,0,0,0,0,0,0,0,0,0,0,0,0,0,0,0,0,0,0,0,0,0,0,0,0,0,0,0,0,0,0,0,0,36,136,228,254,255,255,255,255,255,255,255,255,255,255,255,255,255,255,255,255,255,
0,0,0,0,0,0,0,0,0,0,0,0,0,0,0,0,0,0,0,0,0,0,0,0,0,0,0,0,0,0,0,0,0,0,0,0,0,0,5,85,186,251,255,255,255,255,255,255,255,255,255,255,255,255,255,255,255,255,255,255,
0,0,0,0,0,0,0,0,0,0,0,0,0,0,0,0,0,0,0,0,0,0,0,0,0,0,0,0,0,0,0,0,0,0,0,0,0,0,40,147,235,254,255,255,255,255,255,255,255,255,255,255,255,255,255,255,255,255,255,255,
0,0,0,0,0,0,0,0,0,0,0,0,0,0,0,0,0,0,0,0,0,0,0,0,0,0,0,0,0,0,0,0,0,0,0,0,0,15,112,216,254,255,255,255,255,255,255,255,255,255,255,255,255,255,255,255,255,255,255,255,
0,0,0,0,0,0,0,0,0,0,0,0,0,0,0,0,0,0,0,0,0,0,0,0,0,0,0,0,0,0,0,0,0,0,0,0,5,86,199,252,255,255,255,255,255,255,255,255,255,255,255,255,255,255,255,255,255,255,255,255,
0,0,0,0,0,0,0,0,0,0,0,0,0,0,0,0,0,0,0,0,0,0,0,0,0,0,0,0,0,0,0,0,0,0,0,4,76,195,251,255,255,255,255,255,255,255,255,255,255,255,255,255,255,255,255,255,255,255,255,255,
0,0,0,0,0,0,0,0,0,0,0,0,0,0,0,0,0,0,0,0,0,0,0,0,0,0,0,0,0,0,0,0,0,0,5,84,204,252,255,255,255,255,255,255,255,255,255,255,255,255,255,255,255,255,255,255,255,255,255,255,
0,0,0,0,0,0,0,0,0,0,0,0,0,0,0,0,0,0,0,0,0,0,0,0,0,0,0,0,0,0,0,0,0,16,126,230,254,254,255,255,255,255,255,255,255,255,255,255,255,255,255,255,255,255,255,255,255,255,255,255,
0,0,0,0,0,0,0,0,0,0,0,0,0,0,0,0,0,0,0,0,0,0,0,0,0,0,0,0,0,0,0,6,86,205,252,254,255,255,255,255,255,255,255,255,255,255,255,255,255,255,255,255,255,255,255,255,255,255,255,255,
0,0,0,0,0,0,0,0,0,0,0,0,0,0,0,0,0,0,0,0,0,0,0,0,0,0,0,0,1,49,131,222,253,254,255,255,255,255,255,255,255,255,255,255,255,255,255,255,255,255,255,255,255,255,255,255,255,255,255,255,
0,0,0,0,0,0,0,0,0,0,0,0,0,0,0,0,0,0,0,0,0,0,0,0,0,0,6,76,199,254,254,255,255,255,255,255,255,255,255,255,255,255,255,255,255,255,255,255,255,255,255,255,255,255,255,255,255,255,255,255,
0,0,0,0,0,0,0,0,0,0,0,0,0,0,0,0,0,0,0,0,0,0,0,0,1,44,173,251,254,255,255,255,255,255,255,255,255,255,255,255,255,255,255,255,255,255,255,255,255,255,255,255,255,255,255,255,255,255,255,255,
0,0,0,0,0,0,0,0,0,0,0,0,0,0,0,0,0,0,0,0,0,0,0,7,86,214,254,255,255,255,255,255,255,255,255,255,255,255,255,255,255,255,255,255,255,255,255,255,255,255,255,255,255,255,255,255,255,255,255,255,
0,0,0,0,0,0,0,0,0,0,0,0,0,0,0,0,0,0,0,0,0,0,13,102,221,254,255,255,255,255,255,255,255,255,255,255,255,255,255,255,255,255,255,255,255,255,255,255,255,255,255,255,255,255,255,255,255,255,255,255,
0,0,0,0,0,0,0,0,0,0,0,0,0,0,0,0,0,0,0,0,0,11,96,213,254,255,255,255,255,255,255,255,255,255,255,255,255,255,255,255,255,255,255,255,255,255,255,255,255,255,255,255,255,255,255,255,255,255,255,255,
0,0,0,0,0,0,0,0,0,0,0,0,0,0,0,0,0,0,0,0,5,80,192,252,255,255,255,255,255,255,255,255,255,255,255,255,255,255,255,255,255,255,255,255,255,255,255,255,255,255,255,255,255,255,255,255,255,255,255,255,
0,0,0,0,0,0,0,0,0,0,0,0,0,0,0,0,0,0,0,1,51,158,244,255,255,255,255,255,255,255,255,255,255,255,255,255,255,255,255,255,255,255,255,255,255,255,255,255,255,255,255,255,255,255,255,255,255,255,255,255,
0,0,0,0,0,0,0,0,0,0,0,0,0,0,0,0,0,0,0,22,115,217,254,255,255,255,255,255,255,255,255,255,255,255,255,255,255,255,255,255,255,255,255,255,255,255,255,255,255,255,255,255,255,255,255,255,255,255,255,255,
0,0,0,0,0,0,0,0,0,0,0,0,0,0,0,0,0,0,3,65,166,246,254,255,255,255,255,255,255,255,255,255,255,255,255,255,255,255,255,255,255,255,255,255,255,255,255,255,255,255,255,255,255,255,255,255,255,255,255,255,
0,0,0,0,0,0,0,0,0,0,0,0,0,0,0,0,0,0,21,110,209,253,255,255,255,255,255,255,255,255,255,255,255,254,250,240,245,253,254,255,255,255,255,255,255,255,255,255,255,255,255,255,255,255,255,255,255,255,255,255,
0,0,0,0,0,0,0,0,0,0,0,0,0,0,0,0,0,0,49,144,235,255,255,255,255,255,255,255,255,255,254,246,179,85,54,82,135,189,237,254,255,255,255,255,255,255,255,255,255,255,255,255,255,255,255,255,255,255,255,255,
0,0,0,0,0,0,0,0,0,0,0,0,0,0,0,0,0,5,77,169,247,255,255,255,255,255,255,255,255,254,222,111,11,0,0,3,33,100,170,236,254,255,255,255,255,255,255,255,255,255,255,255,255,255,255,255,255,255,255,255,
0,0,0,0,0,0,0,0,0,0,0,0,0,0,0,0,0,15,97,187,251,255,255,255,255,255,255,255,255,236,139,32,0,0,0,0,1,39,117,195,251,255,255,255,255,255,255,255,255,255,255,255,255,255,255,255,255,255,255,255,
0,0,0,0,0,0,0,0,0,0,0,0,0,0,0,0,0,24,110,200,253,255,255,255,255,255,255,255,253,198,99,11,0,0,0,0,0,9,81,166,244,255,255,255,255,255,255,255,255,255,255,255,255,255,255,255,255,255,255,255,
10,0,0,0,0,0,0,0,0,0,0,0,0,0,0,0,0,30,117,205,254,255,255,255,255,255,255,255,249,180,88,9,0,0,0,0,0,2,65,156,241,255,255,255,255,255,255,255,255,255,255,255,255,255,255,255,255,255,255,254,
113,0,0,0,0,0,0,0,0,0,0,0,0,0,0,0,0,35,121,206,253,255,255,255,255,255,255,255,249,183,98,18,0,0,0,0,0,3,68,167,248,255,255,255,255,255,255,255,255,255,255,255,255,255,254,255,255,255,255,197,
237,21,0,0,0,0,0,0,0,0,0,0,0,0,0,0,0,35,119,203,252,255,255,255,255,255,255,255,253,207,126,46,1,0,0,0,0,11,98,209,254,255,255,255,255,255,255,255,255,255,255,255,255,255,255,255,255,255,252,58,
254,158,0,0,0,0,0,0,0,0,0,0,0,0,0,0,0,30,112,194,252,255,255,255,255,255,255,255,254,241,174,100,34,1,0,0,1,54,181,251,255,255,255,255,255,255,255,255,255,255,255,255,255,255,255,255,255,255,154,0,
255,252,72,0,0,0,0,0,0,0,0,0,0,0,0,0,0,20,98,180,247,255,255,255,255,255,255,255,255,254,237,179,118,64,27,24,100,211,253,255,255,255,255,255,255,255,255,255,255,255,255,255,255,255,255,255,255,223,17,0,
255,255,226,23,0,0,0,0,0,0,0,0,0,0,0,0,0,11,81,161,236,255,255,255,255,255,255,255,255,255,254,251,235,216,219,244,254,255,255,255,255,255,255,255,255,255,255,255,255,255,255,255,255,255,255,255,249,63,0,0,
255,255,254,186,5,0,0,0,0,0,0,0,0,0,0,0,0,3,59,137,214,254,255,255,255,255,255,255,255,255,255,255,255,255,255,255,255,255,255,255,255,255,255,255,255,255,255,255,255,255,255,255,255,255,255,254,116,0,0,0,
255,255,255,255,144,1,0,0,0,0,0,0,0,0,0,0,0,0,34,111,185,247,255,255,254,255,255,255,255,255,255,255,255,255,255,255,255,255,255,255,255,255,255,255,255,255,255,255,255,255,255,255,255,255,254,157,1,0,0,0,
