13,212,255,255,255,255,255,255,255,255,255,255,255,255,255,255,255,255,255,255,255,255,255,255,255,255,255,255,255,255,255,255,255,255,255,255,255,255,255,255,255,255,255,255,255,255,255,255,255,255,255,255,255,255,255,255,255,255,221,23,
158,254,255,255,255,255,255,255,255,255,255,255,255,255,255,255,255,255,255,255,255,255,255,255,255,255,255,255,255,255,255,255,255,255,255,255,255,255,255,255,255,255,255,255,255,255,255,255,255,255,255,255,255,255,255,255,255,255,254,170,
253,255,255,255,255,255,255,255,255,255,255,255,255,255,255,255,255,255,255,255,255,255,255,255,255,255,255,255,255,255,255,255,255,255,255,255,255,255,255,255,255,255,255,255,255,255,255,255,255,255,255,255,255,255,255,255,255,255,255,253,
255,255,255,255,255,255,255,255,255,255,255,255,255,255,255,255,255,255,255,255,255,255,255,255,255,255,255,255,255,255,255,255,255,255,255,255,255,255,255,255,255,255,255,255,255,255,255,255,255,255,255,255,255,255,255,255,255,255,255,255,
255,255,255,255,255,255,255,255,255,255,255,255,255,255,255,255,255,255,255,255,255,255,255,255,255,255,255,255,255,255,255,255,255,255,255,255,255,255,255,255,255,255,255,255,255,255,255,255,255,255,255,255,255,255,255,255,255,255,255,255,
255,255,255,255,255,255,255,255,255,255,255,255,255,255,255,255,255,255,255,255,255,255,255,255,255,255,255,255,255,255,255,255,255,255,255,255,255,255,255,255,255,255,255,255,255,255,255,255,255,255,255,255,255,255,255,255,255,255,255,255,
255,255,255,255,255,255,255,255,255,255,255,255,255,255,255,255,255,255,255,255,255,255,255,255,255,255,255,255,255,255,255,255,255,255,255,255,255,255,255,255,255,255,255,255,255,255,255,255,255,255,255,255,255,255,255,255,255,255,255,255,
255,255,255,255,255,255,255,255,255,255,255,255,255,255,255,255,255,255,255,255,255,255,255,255,255,255,255,255,255,255,255,255,255,255,255,255,255,255,255,255,255,255,255,255,255,255,255,255,255,255,255,255,255,255,255,255,255,255,255,255,
255,255,255,255,255,255,255,255,255,255,255,255,255,255,255,255,255,255,255,255,255,255,255,255,255,255,255,255,255,255,255,255,255,255,255,255,255,255,255,255,255,255,255,255,255,255,255,255,255,255,255,255,255,255,255,255,255,255,255,255,
255,255,255,255,255,255,255,255,253,251,246,243,241,241,244,248,252,254,255,255,255,255,255,255,255,255,255,255,255,255,255,255,255,255,255,255,255,255,255,255,255,255,255,255,255,255,255,255,255,255,255,255,255,255,255,255,255,255,255,255,
255,255,255,255,255,254,247,231,214,196,181,171,167,167,171,182,198,218,241,252,255,255,255,255,255,255,255,255,255,255,255,255,255,255,255,255,255,255,255,255,255,255,254,245,228,222,229,249,254,255,255,255,255,255,255,255,255,255,255,255,
255,255,255,254,240,214,184,157,135,114,99,88,81,81,83,90,106,128,157,189,227,250,254,255,255,255,255,255,255,255,255,255,255,255,255,255,255,255,255,255,255,252,222,177,144,130,132,162,223,254,255,255,255,255,255,255,255,255,255,255,
255,254,248,215,175,140,110,83,58,37,23,15,10,8,8,12,20,33,56,90,131,181,232,254,255,255,255,255,255,255,255,255,255,255,255,255,255,255,255,255,254,224,156,102,64,45,39,53,102,219,254,255,255,255,255,255,255,255,255,255,
254,237,192,145,105,70,39,15,3,0,0,0,0,0,0,0,0,0,0,6,29,73,134,205,250,255,255,255,255,255,255,255,255,255,255,255,255,255,255,255,248,172,92,30,4,0,0,0,10,87,250,255,255,255,255,255,255,255,255,255,
227,176,125,80,37,9,0,0,0,0,0,0,0,0,0,0,0,0,0,0,0,2,27,91,179,246,255,255,255,255,255,255,255,255,255,255,255,255,255,255,233,122,29,0,0,0,0,0,0,3,181,254,255,255,255,255,255,255,255,255,
167,111,59,18,0,0,0,0,0,0,0,0,0,0,0,0,0,0,0,0,0,0,0,5,55,162,246,255,255,255,255,255,255,255,255,255,255,255,255,255,226,75,2,0,0,0,0,0,0,0,99,254,255,255,255,255,255,255,255,255,
107,51,8,0,0,0,0,0,0,0,0,0,0,0,0,0,0,0,0,0,0,0,0,0,1,36,161,250,255,255,255,255,255,255,255,255,255,255,255,255,232,45,0,0,0,0,0,0,0,0,77,250,255,255,255,255,255,255,255,255,
47,5,0,0,0,0,0,0,0,0,0,0,0,0,0,0,0,0,0,0,0,0,0,0,0,0,30,182,254,255,255,255,255,255,255,255,255,255,255,255,252,57,0,0,0,0,0,0,0,8,101,244,255,255,255,255,255,255,255,255,
5,0,0,0,0,0,0,0,0,0,0,0,0,0,0,0,0,0,0,0,0,0,0,0,0,0,0,42,221,254,255,255,255,255,255,255,255,255,255,255,255,140,1,0,0,0,0,0,3,48,143,249,255,255,255,255,255,255,255,255,
0,0,0,0,0,0,0,0,0,0,0,0,0,0,0,0,0,0,0,0,0,0,0,0,0,0,0,0,93,251,255,255,255,255,255,255,255,255,255,255,255,237,65,6,0,0,0,8,44,107,193,254,255,255,255,255,255,255,255,255,
0,0,0,0,0,0,0,0,0,0,0,0,0,0,0,0,0,0,0,0,0,0,0,0,0,0,0,0,4,193,254,255,255,255,255,255,255,255,255,255,255,254,202,99,55,43,51,77,115,171,239,255,255,255,255,255,255,255,255,255,
0,0,0,0,0,0,0,0,0,0,0,0,0,0,0,0,0,0,0,0,0,0,0,0,0,0,0,0,0,69,254,255,255,255,255,255,255,255,255,255,255,255,253,213,159,138,137,155,189,235,254,255,255,255,255,255,255,255,255,255,
0,0,0,0,0,0,0,0,0,0,0,0,0,0,0,0,0,0,0,0,0,0,0,0,0,0,0,0,0,1,213,255,255,255,255,255,255,255,255,255,255,255,255,254,244,228,224,234,249,254,255,255,255,255,255,255,255,255,255,255,
0,0,0,0,0,0,0,0,0,0,0,9,27,35,29,7,0,0,0,0,0,0,0,0,0,0,0,0,0,0,101,254,255,255,255,255,255,255,255,255,255,255,255,255,255,255,255,255,255,255,255,255,255,255,255,255,255,255,255,255,
0,0,0,0,0,0,0,0,0,0,21,73,108,126,123,91,26,0,0,0,0,0,0,0,0,0,0,0,0,0,8,207,254,255,255,255,255,255,255,255,255,255,255,255,255,255,255,255,255,255,255,255,255,255,255,255,255,255,255,255,
0,0,0,0,0,0,0,0,0,12,85,146,187,211,217,201,139,16,0,0,0,0,0,0,0,0,0,0,0,0,0,64,241,255,255,255,255,255,255,255,255,255,255,255,255,255,255,255,255,255,255,255,255,255,255,255,255,255,255,250,
0,0,0,0,0,0,0,0,0,45,142,211,246,254,254,253,243,114,0,0,0,0,0,0,0,0,0,0,0,0,0,2,120,246,255,255,255,255,255,255,255,255,255,255,255,255,255,255,255,255,255,255,255,255,255,255,255,255,251,218,
0,0,0,0,0,0,0,0,0,75,197,251,255,255,255,255,255,226,7,0,0,0,0,0,0,0,0,0,0,0,0,0,14,145,246,255,255,255,255,255,255,255,255,255,255,255,255,255,255,255,255,255,255,255,255,255,255,251,216,159,
0,0,0,0,0,0,0,0,0,87,235,254,255,255,255,255,255,234,49,0,0,0,0,0,0,0,0,0,0,0,0,0,0,26,147,236,254,255,255,255,255,255,255,255,255,255,255,255,255,255,255,255,255,255,255,254,247,208,157,101,
0,0,0,0,0,0,0,0,0,59,246,255,255,255,255,255,254,208,60,0,0,0,0,0,0,0,0,0,0,0,0,0,0,0,27,126,213,251,254,255,255,255,255,255,255,255,255,255,255,255,255,255,255,255,253,235,194,145,96,41,
0,0,0,0,0,0,0,0,0,6,215,254,255,255,255,254,235,160,45,0,0,0,0,0,0,0,0,0,0,0,0,0,0,0,0,20,96,171,227,250,254,255,255,255,255,255,255,255,255,255,255,254,252,239,208,169,127,81,33,2,
0,0,0,0,0,0,0,0,0,0,84,216,243,249,243,221,172,103,18,0,0,0,0,0,0,0,0,0,0,0,0,0,0,0,0,0,7,59,120,172,214,236,248,253,253,254,254,254,253,249,242,226,201,170,137,101,59,19,0,0,
0,0,0,0,0,0,0,0,0,0,5,98,158,174,170,145,102,43,2,0,0,0,0,0,0,0,0,0,0,0,0,0,0,0,0,0,0,1,22,68,111,146,171,190,201,208,209,206,199,185,169,150,126,96,65,31,6,0,0,0,
0,0,0,0,0,0,0,0,0,0,0,6,49,79,83,65,32,3,0,0,0,0,0,0,0,0,0,0,0,0,0,0,0,0,0,0,0,0,0,2,19,48,75,96,110,118,121,120,115,106,91,73,49,24,6,0,0,0,0,0,
0,0,0,0,0,0,0,0,0,0,0,0,0,4,6,3,0,0,0,0,0,0,0,0,0,0,0,0,0,0,0,0,0,0,0,0,0,0,0,0,0,0,5,14,25,32,37,37,34,27,17,7,1,0,0,0,0,0,0,0,
0,0,0,0,0,0,0,0,0,0,0,0,0,0,0,0,0,0,0,0,0,0,0,0,0,0,0,0,0,0,0,0,0,0,0,0,0,0,0,0,0,0,0,0,0,0,0,0,0,0,0,0,0,0,0,0,0,0,0,0,
0,0,0,0,0,0,0,0,0,0,0,0,0,0,0,0,0,0,0,0,0,0,0,0,0,0,0,0,0,0,0,0,0,0,0,0,0,0,0,0,0,0,0,0,0,0,0,0,0,0,0,0,0,0,0,0,0,0,0,0,
0,0,0,0,0,0,0,0,0,0,0,0,0,0,0,0,0,0,0,0,0,0,0,0,0,0,0,0,0,0,0,0,0,0,0,0,0,0,0,0,0,0,0,0,0,0,0,0,0,0,0,0,0,0,0,0,0,0,0,0,
0,0,0,0,0,0,0,0,0,0,0,0,0,0,0,0,0,0,0,0,0,0,0,0,0,0,0,0,0,0,0,0,0,0,0,0,0,0,0,0,0,0,0,0,0,0,0,0,0,0,0,0,0,0,0,0,0,0,0,0,
0,0,0,0,0,0,0,0,0,0,0,0,0,0,0,0,0,0,0,0,0,0,0,0,0,0,0,0,0,0,0,0,0,0,0,0,0,0,0,0,0,0,0,0,0,0,0,0,0,0,0,0,0,0,0,0,0,0,0,0,
0,0,0,0,0,0,0,0,0,0,0,0,0,0,0,0,0,0,0,0,0,0,0,0,0,0,0,0,0,0,0,0,0,0,0,0,0,0,0,0,0,0,0,0,0,0,0,0,0,0,0,0,0,0,0,0,0,0,0,0,
0,0,0,0,0,0,0,0,0,0,0,0,0,0,0,0,0,0,0,0,0,0,0,0,0,0,0,0,0,0,0,0,0,0,0,0,0,0,0,0,0,0,0,0,0,0,0,0,0,0,0,0,0,0,0,0,0,0,0,0,
8,0,0,0,0,0,0,0,0,0,0,0,0,0,0,0,0,0,0,0,0,0,0,0,0,0,0,0,0,0,0,0,0,0,0,0,0,0,0,0,0,0,0,0,0,0,0,0,0,0,0,0,0,0,0,0,0,0,0,3,
134,0,0,0,0,0,0,0,0,0,0,0,0,0,0,0,0,0,0,0,0,0,0,0,0,0,0,0,0,0,0,0,0,0,0,0,0,0,0,0,0,0,0,0,0,0,0,0,0,0,0,0,0,0,0,0,0,0,0,115,
237,75,0,0,0,0,0,0,0,0,0,0,0,0,0,0,0,0,0,0,0,0,0,0,0,0,0,0,0,0,0,0,0,0,0,0,0,0,0,0,0,0,0,0,0,0,0,0,0,0,0,0,0,0,0,0,0,0,59,247,
