35,237,255,255,255,255,255,255,255,255,255,255,255,255,255,255,255,255,255,255,255,255,255,255,255,255,255,255,255,255,255,255,255,255,255,255,255,255,255,255,255,255,255,255,255,255,255,255,255,255,255,255,255,255,255,255,255,255,243,48,
198,255,255,255,255,255,255,255,255,255,255,255,255,255,255,255,255,255,255,255,255,255,255,255,255,255,255,255,255,255,255,255,255,255,255,255,255,255,255,255,255,255,255,255,255,255,255,255,255,255,255,255,255,255,255,255,255,255,255,210,
254,255,255,255,255,255,255,255,255,255,255,255,255,255,255,255,255,255,255,255,255,255,255,255,255,255,255,255,255,255,255,255,255,255,255,255,255,255,255,255,255,255,255,255,255,255,255,255,255,255,255,255,255,255,255,255,255,255,255,254,
255,255,255,255,255,255,255,255,255,255,255,255,255,255,255,255,255,255,255,255,255,255,255,255,255,255,255,255,255,255,255,255,255,255,255,255,255,255,255,255,255,255,255,255,255,255,255,255,255,255,255,255,255,255,255,255,255,255,255,255,
255,255,255,255,255,255,255,255,255,255,255,255,255,255,255,255,255,255,255,255,255,255,255,255,255,255,255,255,255,255,255,255,255,255,255,255,255,255,255,255,255,255,255,255,255,255,255,255,255,255,255,255,255,255,255,255,255,255,255,255,
255,255,255,255,255,255,254,253,248,242,238,235,235,237,242,249,253,254,255,255,255,255,255,255,255,255,255,255,255,255,255,255,255,255,255,255,255,255,255,255,255,255,255,255,255,255,255,255,255,255,255,255,255,255,255,255,255,255,255,255,
255,255,255,254,253,242,222,200,184,171,163,158,158,160,168,182,200,225,246,254,255,255,255,255,255,255,255,255,255,255,255,255,255,255,255,255,255,255,255,255,255,255,255,255,255,255,255,255,255,255,255,255,255,255,255,255,255,255,255,255,
255,255,253,236,204,171,145,123,105,91,84,77,76,77,86,99,118,143,172,209,241,254,255,255,255,255,255,255,255,255,255,255,255,255,255,255,255,255,255,255,255,255,255,255,255,255,255,255,255,255,255,255,255,255,255,255,255,255,255,255,
254,244,206,164,128,95,68,45,28,18,12,8,7,7,11,19,35,56,88,123,164,213,249,255,255,255,255,255,255,255,255,255,255,255,255,255,255,255,255,255,255,255,255,255,255,255,255,255,255,255,255,255,255,255,255,255,255,255,255,255,
232,179,132,90,53,22,6,0,0,0,0,0,0,0,0,0,0,1,12,37,78,129,187,241,254,255,255,255,255,255,255,255,255,255,255,255,255,255,255,255,255,255,255,255,255,255,255,255,255,255,255,255,255,255,255,255,255,255,255,255,
163,108,60,21,2,0,0,0,0,0,0,0,0,0,0,0,0,0,0,0,8,39,96,166,234,254,255,255,255,255,255,255,255,255,255,255,255,255,255,255,255,255,255,255,255,255,255,255,255,255,255,255,255,255,255,255,255,255,255,255,
92,37,5,0,0,0,0,0,0,0,0,0,0,0,0,0,0,0,0,0,0,0,16,74,156,236,255,255,255,255,255,255,255,255,255,255,255,255,255,255,255,255,255,255,255,255,255,255,255,255,255,255,255,255,255,255,255,255,255,255,
25,1,0,0,0,0,0,0,0,0,0,0,0,0,0,0,0,0,0,0,0,0,0,6,61,156,242,255,255,255,255,255,255,255,255,255,255,255,255,255,255,255,255,255,255,255,255,255,255,255,255,255,255,255,255,255,255,255,255,255,
0,0,0,0,0,0,0,0,0,0,0,0,0,0,0,0,0,0,0,0,0,0,0,0,3,59,175,251,255,255,255,255,255,255,255,255,255,255,255,255,255,255,255,255,254,254,254,254,254,255,255,255,255,255,255,255,255,255,255,255,
0,0,0,0,0,0,0,0,0,0,0,0,0,0,0,0,0,0,0,0,0,0,0,0,0,3,75,209,254,255,255,255,255,255,255,255,255,255,255,255,255,255,255,254,239,214,199,203,226,250,255,255,255,255,255,255,255,255,255,255,
0,0,0,0,0,0,0,0,0,0,0,0,0,0,0,0,0,0,0,0,0,0,0,0,0,0,7,115,244,255,255,255,255,255,255,255,255,255,255,255,255,255,253,222,168,132,115,114,135,182,245,255,255,255,255,255,255,255,255,255,
0,0,0,0,0,0,0,0,0,0,0,0,0,0,0,0,0,0,0,0,0,0,0,0,0,0,0,25,191,254,255,255,255,255,255,255,255,255,255,255,255,255,231,149,87,49,30,26,43,85,171,253,255,255,255,255,255,255,255,255,
0,0,0,0,0,0,0,0,0,0,0,0,0,0,0,0,0,0,0,0,0,0,0,0,0,0,0,0,90,249,255,255,255,255,255,255,255,255,255,255,255,254,176,74,15,1,0,0,0,9,66,220,255,255,255,255,255,255,255,255,
0,0,0,0,0,0,0,0,0,0,0,0,0,0,0,0,0,0,0,0,0,0,0,0,0,0,0,0,16,213,255,255,255,255,255,255,255,255,255,255,255,249,114,12,0,0,0,0,0,0,5,145,255,255,255,255,255,255,255,255,
0,0,0,0,0,0,0,0,0,0,4,21,30,26,9,0,0,0,0,0,0,0,0,0,0,0,0,0,0,139,254,255,255,255,255,255,255,255,255,255,255,248,54,0,0,0,0,0,0,0,0,79,254,255,255,255,255,255,255,255,
0,0,0,0,0,0,0,0,0,11,63,100,116,111,85,31,0,0,0,0,0,0,0,0,0,0,0,0,0,67,254,255,255,255,255,255,255,255,255,255,255,252,32,0,0,0,0,0,0,0,0,63,254,255,255,255,255,255,255,255,
0,0,0,0,0,0,0,0,4,74,142,180,200,199,175,119,22,0,0,0,0,0,0,0,0,0,0,0,0,12,248,255,255,255,255,255,255,255,255,255,255,254,68,0,0,0,0,0,0,0,3,98,255,255,255,255,255,255,255,255,
0,0,0,0,0,0,0,0,32,148,216,246,252,254,248,217,96,0,0,0,0,0,0,0,0,0,0,0,0,0,216,255,255,255,255,255,255,255,255,255,255,254,153,12,0,0,0,0,0,1,41,156,254,255,255,255,255,255,255,255,
0,0,0,0,0,0,0,0,69,214,253,255,255,255,255,254,200,0,0,0,0,0,0,0,0,0,0,0,0,0,171,255,255,255,255,255,255,255,255,255,255,255,225,96,28,5,1,2,13,47,112,214,254,255,255,255,255,255,255,255,
0,0,0,0,0,0,0,0,93,249,255,255,255,255,255,255,247,13,0,0,0,0,0,0,0,0,0,0,0,0,101,254,255,255,255,255,255,255,255,255,255,255,253,192,120,78,61,65,86,124,188,250,255,255,255,255,255,255,255,255,
0,0,0,0,0,0,0,0,83,254,255,255,255,255,255,254,225,28,0,0,0,0,0,0,0,0,0,0,0,0,31,241,255,255,255,255,255,255,255,255,255,255,255,250,210,167,151,151,168,204,247,255,255,255,255,255,255,255,255,255,
0,0,0,0,0,0,0,0,35,228,254,255,255,255,254,245,166,20,0,0,0,0,0,0,0,0,0,0,0,0,2,167,254,255,255,255,255,255,255,255,255,255,255,255,254,244,233,232,243,253,255,255,255,255,255,255,255,255,255,255,
0,0,0,0,0,0,0,0,2,133,218,246,250,248,233,185,98,4,0,0,0,0,0,0,0,0,0,0,0,0,0,66,239,254,255,255,255,255,255,255,255,255,255,255,255,255,255,255,255,255,255,255,255,255,255,255,255,255,255,255,
0,0,0,0,0,0,0,0,0,36,126,171,183,179,155,108,34,0,0,0,0,0,0,0,0,0,0,0,0,0,0,10,159,252,255,255,255,255,255,255,255,255,255,255,255,255,255,255,255,255,255,255,255,255,255,255,255,255,255,255,
0,0,0,0,0,0,0,0,0,0,32,81,98,95,75,33,1,0,0,0,0,0,0,0,0,0,0,0,0,0,0,0,58,204,253,255,255,255,255,255,255,255,255,255,255,255,255,255,255,255,255,255,255,255,255,255,255,255,255,255,
0,0,0,0,0,0,0,0,0,0,0,5,16,17,7,0,0,0,0,0,0,0,0,0,0,0,0,0,0,0,0,0,5,102,220,254,255,255,255,255,255,255,255,255,255,255,255,255,255,255,255,255,255,255,255,255,255,255,255,254,
0,0,0,0,0,0,0,0,0,0,0,0,0,0,0,0,0,0,0,0,0,0,0,0,0,0,0,0,0,0,0,0,0,21,125,223,254,255,255,255,255,255,255,255,254,254,255,255,255,255,255,255,255,255,255,255,255,255,254,242,
0,0,0,0,0,0,0,0,0,0,0,0,0,0,0,0,0,0,0,0,0,0,0,0,0,0,0,0,0,0,0,0,0,0,34,131,214,252,255,255,255,255,255,255,255,255,255,255,255,255,255,255,255,255,255,255,254,253,234,185,
0,0,0,0,0,0,0,0,0,0,0,0,0,0,0,0,0,0,0,0,0,0,0,0,0,0,0,0,0,0,0,0,0,0,0,39,121,193,242,254,254,255,255,255,255,255,255,255,255,255,255,255,255,255,255,254,247,217,170,117,
0,0,0,0,0,0,0,0,0,0,0,0,0,0,0,0,0,0,0,0,0,0,0,0,0,0,0,0,0,0,0,0,0,0,0,0,33,101,160,212,243,253,255,255,255,255,255,255,255,255,255,255,254,253,247,225,188,148,99,46,
0,0,0,0,0,0,0,0,0,0,0,0,0,0,0,0,0,0,0,0,0,0,0,0,0,0,0,0,0,0,0,0,0,0,0,0,0,18,70,124,167,203,230,243,250,253,254,254,253,253,251,246,234,214,185,151,115,74,29,2,
0,0,0,0,0,0,0,0,0,0,0,0,0,0,0,0,0,0,0,0,0,0,0,0,0,0,0,0,0,0,0,0,0,0,0,0,0,0,6,36,80,116,145,169,186,200,209,213,212,204,193,178,160,138,110,78,41,11,0,0,
0,0,0,0,0,0,0,0,0,0,0,0,0,0,0,0,0,0,0,0,0,0,0,0,0,0,0,0,0,0,0,0,0,0,0,0,0,0,0,0,7,31,59,83,102,117,127,130,129,122,113,101,83,61,33,11,1,0,0,0,
0,0,0,0,0,0,0,0,0,0,0,0,0,0,0,0,0,0,0,0,0,0,0,0,0,0,0,0,0,0,0,0,0,0,0,0,0,0,0,0,0,0,2,11,22,33,45,48,48,43,35,24,12,3,0,0,0,0,0,0,
0,0,0,0,0,0,0,0,0,0,0,0,0,0,0,0,0,0,0,0,0,0,0,0,0,0,0,0,0,0,0,0,0,0,0,0,0,0,0,0,0,0,0,0,0,0,0,0,0,0,0,0,0,0,0,0,0,0,0,0,
0,0,0,0,0,0,0,0,0,0,0,0,0,0,0,0,0,0,0,0,0,0,0,0,0,0,0,0,0,0,0,0,0,0,0,0,0,0,0,0,0,0,0,0,0,0,0,0,0,0,0,0,0,0,0,0,0,0,0,0,
0,0,0,0,0,0,0,0,0,0,0,0,0,0,0,0,0,0,0,0,0,0,0,0,0,0,0,0,0,0,0,0,0,0,0,0,0,0,0,0,0,0,0,0,0,0,0,0,0,0,0,0,0,0,0,0,0,0,0,0,
2,0,0,0,0,0,0,0,0,0,0,0,0,0,0,0,0,0,0,0,0,0,0,0,0,0,0,0,0,0,0,0,0,0,0,0,0,0,0,0,0,0,0,0,0,0,0,0,0,0,0,0,0,0,0,0,0,0,0,0,
97,0,0,0,0,0,0,0,0,0,0,0,0,0,0,0,0,0,0,0,0,0,0,0,0,0,0,0,0,0,0,0,0,0,0,0,0,0,0,0,0,0,0,0,0,0,0,0,0,0,0,0,0,0,0,0,0,0,0,61,
240,42,0,0,0,0,0,0,0,0,0,0,0,0,0,0,0,0,0,0,0,0,0,0,0,0,0,0,0,0,0,0,0,0,0,0,0,0,0,0,0,0,0,0,0,0,0,0,0,0,0,0,0,0,0,0,0,0,20,223,
