255,255,255,255,255,255,255,255,255,255,255,255,255,255,255,255,255,255,255,255,255,229,75,0,0,0,0,0,0,0,0,0,0,0,0,0,0,0,0,0,0,0,0,0,0,0,0,0,0,0,0,0,0,0,0,0,0,0,0,0,
255,255,255,255,255,255,255,255,255,255,255,255,255,255,255,255,255,255,255,255,255,229,74,0,0,0,0,0,0,0,0,0,0,0,0,0,0,0,0,0,0,0,0,0,0,0,0,0,0,0,0,0,0,0,0,0,0,0,0,0,
255,255,255,255,255,255,255,255,255,255,255,255,255,255,255,255,255,255,255,255,255,230,75,0,0,0,0,0,0,0,0,0,0,0,0,0,0,0,0,0,0,0,0,0,0,0,0,0,0,0,0,0,0,0,0,0,0,0,0,0,
255,255,255,255,255,255,255,255,255,255,255,255,255,255,255,255,255,255,255,255,255,230,76,0,0,0,0,0,0,0,0,0,0,0,0,0,0,0,0,0,0,0,0,0,0,0,0,0,0,0,0,0,0,0,0,0,0,0,0,0,
255,255,255,255,255,255,255,255,255,255,255,255,255,255,255,255,255,255,255,255,255,230,76,0,0,0,0,0,0,0,0,0,0,0,0,0,0,0,0,0,0,0,0,0,0,0,0,0,0,0,0,0,0,0,0,0,0,0,0,0,
255,255,255,255,255,255,255,255,255,255,255,255,255,255,255,255,255,255,255,255,255,230,76,0,0,0,0,0,0,0,0,0,0,0,0,0,0,0,0,0,0,0,0,0,0,0,0,0,0,0,0,0,0,0,0,0,0,0,0,0,
255,255,255,255,255,255,255,255,255,255,255,255,255,255,255,255,255,255,255,255,255,230,76,0,0,0,0,0,0,0,0,0,0,0,0,0,0,0,0,0,0,0,0,0,0,0,0,0,0,0,0,0,0,0,0,0,0,0,0,0,
255,255,255,255,255,255,255,255,255,255,255,255,255,255,255,255,255,255,255,255,255,230,76,0,0,0,0,0,0,0,0,0,0,0,0,0,0,0,0,0,0,0,0,0,0,0,0,0,0,0,0,0,0,0,0,0,0,0,0,0,
255,255,255,255,255,255,255,255,255,255,255,255,255,255,255,255,255,255,255,255,255,230,76,0,0,0,0,0,0,0,0,0,0,0,0,0,0,0,0,0,0,0,0,0,0,0,0,0,0,0,0,0,0,0,0,0,0,0,0,0,
255,255,255,255,255,255,255,255,255,255,255,255,255,255,255,255,255,255,255,255,255,230,76,0,0,0,0,0,0,0,0,0,0,0,0,0,0,0,0,0,0,0,0,0,0,0,0,0,0,0,0,0,0,0,0,0,0,0,0,0,
255,255,255,255,255,255,255,255,255,255,255,255,255,255,255,255,255,255,255,255,255,230,76,0,0,0,0,0,0,0,0,0,0,0,0,0,0,0,0,0,0,0,0,0,0,0,0,0,0,0,0,0,0,0,0,0,0,0,0,0,
255,255,255,255,255,255,255,255,255,255,255,255,255,255,255,255,255,255,255,255,255,230,76,0,0,0,0,0,0,0,0,0,0,0,0,0,0,0,0,0,0,0,0,0,0,0,0,0,0,0,0,0,0,0,0,0,0,0,0,0,
255,255,255,255,255,255,255,255,255,255,255,255,255,255,255,255,255,255,255,255,255,230,76,0,0,0,0,0,0,0,0,0,0,0,0,0,0,0,0,0,0,0,0,0,0,0,0,0,0,0,0,0,0,0,0,0,0,0,0,0,
255,255,255,255,255,255,255,255,255,255,255,255,255,255,255,255,255,255,255,255,255,230,76,0,0,0,0,0,0,0,0,0,0,0,0,0,0,0,0,0,0,0,0,0,0,0,0,0,0,0,0,0,0,0,0,0,0,0,0,0,
255,255,255,255,255,255,255,255,255,255,255,255,255,255,255,255,255,255,255,255,255,230,76,0,0,0,0,0,0,0,0,0,0,0,0,0,0,0,0,0,0,0,0,0,0,0,0,0,0,0,0,0,0,0,0,0,0,0,0,0,
255,255,255,255,255,255,255,255,255,255,255,255,255,255,255,255,255,255,255,255,255,230,76,0,0,0,0,0,0,0,0,0,0,0,0,0,0,0,0,0,0,0,0,0,0,0,0,0,0,0,0,0,0,0,0,0,0,0,0,0,
255,254,245,221,234,252,254,255,255,255,255,255,255,255,255,255,255,255,255,255,255,230,76,0,0,0,0,0,0,0,0,0,0,0,0,0,0,0,0,0,0,0,0,0,0,0,0,0,0,0,0,0,0,0,0,0,0,0,0,0,
216,99,15,0,4,51,167,247,254,255,254,255,255,254,255,255,255,255,255,255,255,230,76,0,0,0,0,0,0,0,0,0,0,0,0,0,0,0,0,0,11,23,7,0,0,0,0,0,0,0,0,0,0,0,0,0,0,0,0,0,
48,0,0,0,0,0,10,129,245,254,255,255,255,255,255,255,255,255,255,255,255,230,76,0,0,0,0,0,0,0,0,0,0,0,0,0,0,0,73,202,252,254,245,163,21,0,0,0,0,0,0,0,0,0,0,0,0,0,0,0,
0,0,0,0,0,0,0,24,172,253,255,255,255,255,255,255,255,255,255,255,255,230,75,0,0,0,0,0,0,0,0,0,0,0,0,0,0,96,253,255,255,255,255,255,211,17,0,0,0,0,0,0,0,0,0,0,0,0,0,0,
0,0,0,0,0,0,0,0,99,241,255,255,255,255,255,255,255,255,255,255,255,230,75,0,0,0,0,0,0,0,0,0,0,0,0,0,22,240,255,255,255,255,255,255,254,213,43,18,6,0,11,63,4,0,0,0,0,0,0,0,
0,0,0,0,0,0,0,0,62,222,255,255,255,255,255,255,255,255,255,255,255,230,75,0,0,0,0,0,0,0,0,0,0,0,0,0,98,254,255,255,255,255,255,255,255,255,239,189,185,220,252,254,134,13,0,0,0,0,0,0,
0,0,0,0,0,0,0,0,58,220,255,255,255,255,255,255,255,255,255,255,255,230,75,0,0,0,0,0,0,0,7,145,175,220,231,240,252,255,255,255,255,255,255,255,255,255,255,255,255,254,255,255,254,136,0,0,0,0,0,0,
0,0,0,0,0,0,0,0,85,235,254,255,255,255,255,255,255,255,255,255,255,230,75,0,0,0,0,0,0,0,0,49,93,115,113,112,136,254,255,255,255,255,255,255,255,255,253,251,255,254,255,254,212,49,0,0,0,0,0,0,
0,0,0,0,0,0,0,12,152,252,255,255,255,255,255,255,255,255,255,255,255,230,75,0,0,0,0,0,0,0,0,0,0,0,0,0,2,211,255,255,255,255,255,255,255,255,163,27,92,126,135,148,19,0,0,0,0,0,0,0,
23,0,0,0,0,0,2,93,232,254,255,255,255,255,255,255,255,255,255,255,255,230,75,0,0,0,0,0,0,0,0,0,0,0,0,0,0,44,232,254,255,255,255,252,224,169,14,0,0,0,0,0,0,0,0,0,0,0,0,0,
172,43,1,0,0,14,114,231,254,255,255,255,255,255,255,255,255,255,255,255,255,230,75,0,0,0,0,0,0,0,0,0,0,0,0,0,0,0,29,146,223,231,188,78,0,0,0,0,0,0,0,0,0,0,0,0,0,0,0,0,
254,243,191,156,171,227,253,254,255,255,255,255,255,255,255,255,255,255,255,255,255,230,75,0,0,0,0,0,0,0,0,0,0,0,0,0,0,0,0,0,0,0,0,0,0,0,0,0,0,0,0,0,0,0,0,0,0,0,0,0,
255,255,255,255,255,255,255,255,255,255,255,254,255,255,255,254,255,254,255,255,255,230,75,0,0,0,0,0,0,0,0,0,0,0,0,0,0,0,0,0,0,0,0,0,0,0,0,0,0,0,0,0,0,0,0,0,0,0,0,0,
255,255,255,255,255,255,255,255,255,255,255,255,255,255,255,255,255,255,255,255,255,230,75,0,0,0,0,0,0,0,0,0,0,0,0,0,0,0,0,0,0,0,0,0,0,0,0,0,0,0,0,0,0,0,0,0,0,0,0,0,
255,255,255,255,255,255,255,255,255,255,255,255,255,255,255,255,255,255,255,254,255,230,75,0,0,0,0,0,0,0,0,0,0,0,0,0,0,0,0,0,0,0,0,0,0,0,0,0,0,0,0,0,0,0,0,0,0,0,0,0,
255,255,255,255,255,255,255,255,255,255,255,255,255,255,255,255,255,255,255,254,255,230,75,0,0,0,0,0,0,0,0,0,0,0,0,0,0,0,0,0,0,0,0,0,0,0,0,0,0,0,0,0,0,0,0,0,0,0,0,0,
255,255,255,255,255,255,255,255,255,255,255,255,255,255,255,255,255,255,255,255,255,230,75,0,0,0,0,0,0,0,0,0,0,0,0,0,0,0,0,0,0,0,0,0,0,0,0,0,0,0,0,0,0,0,0,0,0,0,0,0,
255,255,255,255,255,255,255,255,255,255,255,255,255,255,255,255,255,255,255,255,255,230,75,0,0,0,0,0,0,0,0,0,0,0,0,0,0,0,0,0,0,0,0,0,0,0,0,0,0,0,0,0,0,0,0,0,0,0,0,0,
255,255,255,255,255,255,255,255,255,255,255,255,255,255,255,255,255,255,255,255,255,230,75,0,0,0,0,0,0,0,0,0,0,0,0,0,0,0,0,0,0,0,0,0,0,0,0,0,0,0,0,0,0,0,0,0,0,0,0,0,
255,255,255,255,255,255,255,255,255,255,255,255,255,255,255,255,255,255,255,255,255,230,75,0,0,0,0,0,0,0,0,0,0,0,0,0,0,0,0,0,0,0,0,0,0,0,0,0,0,0,0,0,0,0,0,0,0,0,0,0,
255,255,255,255,255,255,255,255,255,255,255,255,255,255,255,255,255,255,255,255,255,230,75,0,0,0,0,0,0,0,0,0,0,0,0,0,0,0,0,0,0,0,0,0,0,0,0,0,0,0,0,0,0,0,0,0,0,0,0,0,
255,255,255,255,255,255,255,255,255,255,255,255,255,255,255,255,255,255,255,255,255,230,75,0,0,0,0,0,0,0,0,0,0,0,0,0,0,0,0,0,0,0,0,0,0,0,0,0,0,0,0,0,0,0,0,0,0,0,0,0,
255,255,255,255,255,255,255,255,255,255,255,255,255,255,255,255,255,255,255,255,255,230,75,0,0,0,0,0,0,0,0,0,0,0,0,0,0,0,0,0,0,0,0,0,0,0,0,0,0,0,0,0,0,0,0,0,0,0,0,0,
255,255,255,255,255,255,255,255,255,255,255,255,255,255,255,255,255,255,255,255,255,230,75,0,0,0,0,0,0,0,0,0,0,0,0,0,0,0,0,0,0,0,0,0,0,0,0,0,0,0,0,0,0,0,0,0,0,0,0,0,
255,255,255,255,255,255,255,255,255,255,255,255,255,255,255,255,255,255,255,255,255,230,75,0,0,0,0,0,0,0,0,0,0,0,0,0,0,0,0,0,0,0,0,0,0,0,0,0,0,0,0,0,0,0,0,0,0,0,0,0,
255,255,255,255,255,255,255,255,255,255,255,255,255,255,255,255,255,255,255,255,255,230,75,0,0,0,0,0,0,0,0,0,0,0,0,0,0,0,0,0,0,0,0,0,0,0,0,0,0,0,0,0,0,0,0,0,0,0,0,0,
255,255,255,255,255,255,255,255,255,255,255,255,255,255,255,255,255,255,255,255,255,230,75,0,0,0,0,0,0,0,0,0,0,0,0,0,0,0,0,0,0,0,0,0,0,0,0,0,0,0,0,0,0,0,0,0,0,0,0,0,
255,255,255,255,255,255,255,255,255,255,255,255,255,255,255,255,255,255,255,255,255,230,75,0,0,0,0,0,0,0,0,0,0,0,0,0,0,0,0,0,0,0,0,0,0,0,0,0,0,0,0,0,0,0,0,0,0,0,0,0,
255,255,255,255,255,255,255,255,255,255,255,255,255,255,255,255,255,255,255,255,255,229,75,0,0,0,0,0,0,0,0,0,0,0,0,0,0,0,0,0,0,0,0,0,0,0,0,0,0,0,0,0,0,0,0,0,0,0,0,0,
