255,255,255,255,255,255,255,255,255,255,255,255,255,255,255,255,153,0,0,0,0,0,0,0,0,0,0,0,0,0,0,0,0,0,0,0,0,0,0,0,0,0,0,0,0,0,0,0,0,0,0,0,0,0,0,0,0,0,0,0,
255,255,255,255,255,255,255,255,255,255,255,255,255,255,255,255,153,0,0,0,0,0,0,0,0,0,0,0,0,0,0,0,0,0,0,0,0,0,0,0,0,0,0,0,0,0,0,0,0,0,0,0,0,0,0,0,0,0,0,0,
255,255,255,255,255,255,255,255,255,255,255,255,255,255,255,254,152,0,0,0,0,0,0,0,0,0,0,0,0,0,0,0,0,0,0,0,0,0,0,0,0,0,0,0,0,0,0,0,0,0,0,0,0,0,0,0,0,0,0,0,
255,255,255,255,255,255,255,255,255,255,255,255,255,255,255,254,152,0,0,0,0,0,0,0,0,0,0,0,0,0,0,0,0,0,0,0,0,0,0,0,0,0,0,0,0,0,0,0,0,0,0,0,0,0,0,0,0,0,0,0,
255,255,255,255,255,255,255,255,255,255,255,255,255,255,255,254,152,0,0,0,0,0,0,0,0,0,0,0,0,0,0,0,0,0,0,0,0,0,0,0,0,0,0,0,0,0,0,0,0,0,0,0,0,0,0,0,0,0,0,0,
255,255,255,255,255,255,255,255,255,255,255,255,255,255,255,254,152,0,0,0,0,0,0,0,0,0,0,0,0,0,0,0,0,0,0,0,0,0,0,0,0,0,0,0,0,0,0,0,0,0,0,0,0,0,0,0,0,0,0,0,
255,255,255,255,255,255,255,255,255,255,255,255,255,255,255,254,152,0,0,0,0,0,0,0,0,0,0,0,0,0,0,0,0,0,0,0,0,0,0,0,0,0,0,0,0,0,0,0,0,0,0,0,0,0,0,0,0,0,0,0,
255,255,255,255,255,255,255,255,255,255,255,255,255,255,255,254,152,0,0,0,0,0,0,0,0,0,0,0,0,0,0,0,0,0,0,0,0,0,0,0,0,0,0,0,0,0,0,0,0,0,0,0,0,0,0,0,0,0,0,0,
255,255,255,255,255,255,255,255,255,255,255,255,255,255,255,254,152,0,0,0,0,0,0,0,0,0,0,0,0,0,0,0,0,0,0,0,0,0,0,0,0,0,0,0,0,0,0,0,0,0,0,0,0,0,0,0,0,0,0,0,
255,255,255,255,255,255,255,255,255,255,255,255,255,255,255,254,152,0,0,0,0,0,0,0,0,0,0,0,0,0,0,0,0,0,0,0,0,0,0,0,0,0,0,0,0,0,0,0,0,0,0,0,0,0,0,0,0,0,0,0,
255,255,255,255,255,255,255,255,255,255,255,255,255,255,255,254,152,0,0,0,0,0,0,0,0,0,0,0,0,0,0,0,0,0,0,0,0,0,0,0,0,0,0,0,0,0,0,0,0,0,0,0,0,0,0,0,0,0,0,0,
255,255,255,255,255,255,255,255,255,255,255,255,255,255,255,254,152,0,0,0,0,0,0,0,0,0,0,0,0,0,0,0,0,0,0,0,0,0,0,0,0,0,0,0,0,0,0,0,0,0,0,0,0,0,0,0,0,0,0,0,
255,255,255,255,255,255,255,255,255,255,255,255,255,255,255,254,152,0,0,0,0,0,0,0,0,0,0,0,0,0,0,0,0,0,0,0,0,0,0,0,0,0,0,0,0,0,0,0,0,0,0,0,0,0,0,0,0,0,0,0,
255,255,255,255,255,255,255,255,255,255,255,255,255,255,255,254,152,0,0,0,0,0,0,0,0,0,0,0,0,0,0,0,0,0,0,0,0,0,0,0,0,0,0,0,0,0,0,0,0,0,0,0,0,0,0,0,0,0,0,0,
255,255,255,255,255,255,255,255,255,255,255,255,255,255,255,254,152,0,0,0,0,0,0,0,0,0,0,0,0,0,0,0,5,38,64,77,86,65,35,1,0,0,0,0,0,0,0,0,0,0,0,0,0,0,0,0,0,0,0,0,
255,255,255,255,255,255,255,255,255,255,255,255,255,255,255,254,152,0,0,0,0,0,0,0,0,0,0,0,0,63,99,191,246,254,254,254,254,254,254,229,142,19,0,0,0,0,0,0,0,0,0,0,0,0,0,0,0,0,0,0,
254,255,255,255,255,255,255,255,255,255,255,255,255,255,255,254,152,0,0,0,0,0,0,0,0,0,0,0,0,150,254,255,255,255,255,255,255,255,255,255,255,225,21,0,0,0,0,0,0,0,0,0,0,0,0,0,0,0,0,0,
112,240,254,255,255,255,255,255,255,255,255,255,255,254,255,254,152,0,0,0,0,0,0,0,0,0,0,0,0,213,255,255,255,255,255,255,255,255,255,255,255,254,139,0,0,0,0,0,0,0,0,0,0,0,0,0,0,0,0,0,
0,47,236,255,255,255,255,255,255,255,255,255,255,255,255,254,152,0,0,0,0,0,0,0,0,0,0,0,0,207,255,255,255,255,255,255,255,255,255,255,255,255,199,0,0,0,0,0,0,0,0,0,0,0,0,0,0,0,0,0,
0,0,96,254,255,255,255,255,255,255,255,255,255,255,255,254,152,0,0,0,0,0,0,0,0,0,0,0,0,113,254,255,255,255,255,255,255,255,255,255,255,255,244,61,0,0,0,0,0,0,0,0,0,0,0,0,0,0,0,0,
0,0,7,230,255,255,255,255,255,255,255,255,255,255,255,254,152,0,0,0,0,0,0,0,0,0,0,0,0,8,175,254,255,255,255,255,255,255,255,255,255,255,255,172,0,0,0,0,0,0,0,0,0,0,0,0,0,0,0,0,
0,0,0,182,255,255,255,255,255,255,255,255,255,255,255,254,152,0,0,0,0,0,0,0,0,0,0,0,0,0,9,137,242,254,255,255,255,255,255,255,255,255,255,237,39,0,0,0,0,0,0,0,0,0,0,0,0,0,0,0,
0,0,0,176,255,255,255,255,255,255,255,255,255,255,255,254,152,0,0,0,0,0,0,0,0,0,0,0,0,0,0,0,52,164,236,254,255,255,255,255,255,255,255,145,0,0,0,0,0,1,13,28,52,53,35,0,0,0,0,0,
0,0,2,217,255,255,255,255,255,255,255,255,255,255,255,254,152,0,0,0,0,0,0,0,0,0,0,0,0,0,0,0,0,1,165,247,255,255,255,255,255,255,255,211,132,97,112,111,157,205,233,248,252,253,224,70,0,0,0,0,
0,0,61,252,255,255,255,255,255,255,255,255,255,255,255,254,152,0,50,139,123,132,125,75,58,43,31,23,17,13,8,1,2,105,249,237,255,255,255,255,255,255,255,255,255,253,249,254,254,255,255,255,255,255,255,227,66,2,0,0,
0,17,210,255,255,254,255,255,255,255,255,255,255,255,255,254,152,0,94,249,254,254,254,254,255,254,252,244,237,231,224,212,207,251,255,255,255,255,255,255,255,255,255,255,255,255,255,255,255,255,255,255,255,255,255,254,248,123,0,0,
49,207,255,255,255,255,255,255,255,255,255,255,255,255,255,254,152,0,0,7,26,61,214,81,106,165,209,233,185,164,115,119,129,158,245,255,255,255,255,255,255,255,255,255,255,255,255,255,255,255,254,255,255,255,255,255,254,171,0,0,
253,255,255,255,255,255,255,255,255,255,255,255,255,255,255,254,152,0,0,0,0,0,0,0,0,0,0,13,48,55,0,0,0,0,117,255,255,255,255,255,255,255,255,255,255,255,254,255,255,255,254,255,255,255,255,254,247,155,14,0,
255,255,255,255,255,255,255,255,255,254,255,254,255,255,255,254,152,0,0,0,0,0,0,0,0,0,0,0,0,0,0,0,0,0,48,207,241,254,255,255,255,255,255,255,255,238,99,144,200,242,254,254,255,255,240,215,114,44,0,0,
255,255,255,255,255,255,255,255,255,255,255,255,255,255,255,254,152,0,0,0,0,0,0,0,0,0,0,0,0,0,0,0,0,0,0,0,0,70,178,237,254,255,255,237,182,40,0,0,0,3,32,121,213,246,193,26,0,0,0,0,
255,255,255,255,255,255,255,255,255,255,255,255,255,255,255,254,152,0,0,0,0,0,0,0,0,0,0,0,0,0,0,0,0,0,0,0,0,0,0,7,47,145,174,12,0,0,0,0,0,0,0,0,2,66,83,0,0,0,0,0,
255,255,255,255,255,255,255,255,255,255,255,255,255,255,255,254,152,0,0,0,0,0,0,0,0,0,0,0,0,0,0,0,0,0,0,0,0,0,0,0,0,0,1,0,0,0,0,0,0,0,0,0,0,0,0,0,0,0,0,0,
255,255,255,255,255,255,255,255,255,255,255,255,255,255,255,254,152,0,0,0,0,0,0,0,0,0,0,0,0,0,0,0,0,0,0,0,0,0,0,0,0,0,0,0,0,0,0,0,0,0,0,0,0,0,0,0,0,0,0,0,
255,255,255,255,255,255,255,255,255,255,255,255,255,255,255,254,152,0,0,0,0,0,0,0,0,0,0,0,0,0,0,0,0,0,0,0,0,0,0,0,0,0,0,0,0,0,0,0,0,0,0,0,0,0,0,0,0,0,0,0,
255,255,255,255,255,255,255,255,255,255,255,255,255,255,255,254,152,0,0,0,0,0,0,0,0,0,0,0,0,0,0,0,0,0,0,0,0,0,0,0,0,0,0,0,0,0,0,0,0,0,0,0,0,0,0,0,0,0,0,0,
255,255,255,255,255,255,255,255,255,255,255,255,255,255,255,254,152,0,0,0,0,0,0,0,0,0,0,0,0,0,0,0,0,0,0,0,0,0,0,0,0,0,0,0,0,0,0,0,0,0,0,0,0,0,0,0,0,0,0,0,
255,255,255,255,255,255,255,255,255,255,255,255,255,255,255,254,152,0,0,0,0,0,0,0,0,0,0,0,0,0,0,0,0,0,0,0,0,0,0,0,0,0,0,0,0,0,0,0,0,0,0,0,0,0,0,0,0,0,0,0,
255,255,255,255,255,255,255,255,255,255,255,255,255,255,255,254,152,0,0,0,0,0,0,0,0,0,0,0,0,0,0,0,0,0,0,0,0,0,0,0,0,0,0,0,0,0,0,0,0,0,0,0,0,0,0,0,0,0,0,0,
255,255,255,255,255,255,255,255,255,255,255,255,255,255,255,254,152,0,0,0,0,0,0,0,0,0,0,0,0,0,0,0,0,0,0,0,0,0,0,0,0,0,0,0,0,0,0,0,0,0,0,0,0,0,0,0,0,0,0,0,
255,255,255,255,255,255,255,255,255,255,255,255,255,255,255,254,152,0,0,0,0,0,0,0,0,0,0,0,0,0,0,0,0,0,0,0,0,0,0,0,0,0,0,0,0,0,0,0,0,0,0,0,0,0,0,0,0,0,0,0,
255,255,255,255,255,255,255,255,255,255,255,255,255,255,255,254,152,0,0,0,0,0,0,0,0,0,0,0,0,0,0,0,0,0,0,0,0,0,0,0,0,0,0,0,0,0,0,0,0,0,0,0,0,0,0,0,0,0,0,0,
255,255,255,255,255,255,255,255,255,255,255,255,255,255,255,254,152,0,0,0,0,0,0,0,0,0,0,0,0,0,0,0,0,0,0,0,0,0,0,0,0,0,0,0,0,0,0,0,0,0,0,0,0,0,0,0,0,0,0,0,
255,255,255,255,255,255,255,255,255,255,255,255,255,255,255,254,152,0,0,0,0,0,0,0,0,0,0,0,0,0,0,0,0,0,0,0,0,0,0,0,0,0,0,0,0,0,0,0,0,0,0,0,0,0,0,0,0,0,0,0,
255,255,255,255,255,255,255,255,255,255,255,255,255,255,255,254,152,0,0,0,0,0,0,0,0,0,0,0,0,0,0,0,0,0,0,0,0,0,0,0,0,0,0,0,0,0,0,0,0,0,0,0,0,0,0,0,0,0,0,0,
255,255,255,255,255,255,255,255,255,255,255,255,255,255,255,254,152,0,0,0,0,0,0,0,0,0,0,0,0,0,0,0,0,0,0,0,0,0,0,0,0,0,0,0,0,0,0,0,0,0,0,0,0,0,0,0,0,0,0,0,
