255,255,255,255,255,255,255,255,255,255,255,255,255,255,255,255,255,255,255,255,255,255,255,255,255,255,255,255,255,255,255,255,255,255,255,255,255,255,255,255,255,255,255,255,255,255,255,255,255,255,255,255,255,255,255,255,255,255,255,255,
255,255,255,255,255,255,255,255,255,255,255,255,255,255,255,255,255,255,254,244,249,255,255,255,255,255,255,255,255,255,255,255,255,255,255,255,255,255,255,255,255,255,255,255,255,255,255,255,255,255,255,255,255,255,255,255,255,255,255,255,
255,255,255,255,255,255,255,255,255,255,255,255,255,255,255,255,254,253,206,95,50,178,255,255,255,255,255,255,255,255,255,255,255,255,255,255,255,255,255,255,255,255,255,255,255,255,255,255,255,255,255,255,255,255,255,255,255,255,255,255,
255,255,255,255,255,255,255,255,255,255,255,255,255,253,219,168,172,173,59,2,0,2,198,255,255,255,255,255,255,255,255,255,255,255,255,255,255,255,255,255,255,255,255,255,255,255,255,255,255,255,255,255,255,255,255,255,255,255,255,255,
255,255,255,255,255,255,255,255,255,255,255,255,254,191,55,3,0,3,0,0,0,0,64,233,255,255,255,255,255,255,255,255,255,255,255,255,255,255,255,255,255,255,255,255,255,255,255,255,255,255,255,255,255,255,255,255,255,255,255,255,
255,255,255,255,255,255,255,255,255,255,255,255,225,70,0,0,0,0,0,0,0,0,0,29,213,255,255,255,255,255,255,255,255,255,255,255,255,255,255,255,255,255,255,255,255,255,255,255,255,255,255,255,255,255,255,255,255,255,255,255,
255,255,255,255,255,255,255,255,255,255,255,254,156,8,0,0,0,0,0,0,0,0,0,0,72,252,255,255,255,255,255,255,255,255,255,255,255,255,255,255,255,255,255,255,255,255,255,255,255,255,255,255,255,255,255,255,255,255,255,255,
255,255,255,255,255,255,255,255,255,255,255,245,96,0,0,0,0,0,0,0,0,0,0,0,0,96,252,255,255,255,255,255,255,255,255,255,255,255,255,255,255,255,255,255,255,255,255,255,255,255,255,255,255,255,255,255,255,255,255,255,
255,255,255,255,255,255,255,255,255,255,254,200,35,0,0,0,0,0,0,0,0,0,0,0,0,0,136,254,255,255,255,255,255,255,255,255,255,255,255,255,255,255,255,255,255,255,255,255,255,255,255,255,255,255,255,255,255,255,255,255,
255,255,255,255,255,255,255,255,255,255,252,128,3,0,0,0,0,0,0,0,0,0,0,0,0,0,10,236,255,255,255,255,255,255,255,255,255,255,255,255,255,255,255,255,255,255,255,255,255,255,255,255,255,255,255,255,255,255,255,255,
255,255,255,255,255,255,255,255,255,255,233,67,0,0,0,0,0,0,0,0,0,0,0,0,0,0,0,173,255,255,255,255,255,255,255,255,255,255,255,255,255,255,255,255,255,255,255,255,255,255,255,255,255,255,255,255,255,255,255,255,
255,255,255,255,255,255,255,255,255,255,204,29,0,0,0,0,0,0,0,0,0,0,0,0,0,0,0,130,255,255,255,255,255,255,255,255,254,255,255,255,255,255,255,255,255,255,255,255,255,255,255,255,255,255,255,255,255,255,255,255,
255,255,255,255,255,255,255,255,255,255,168,8,0,0,0,0,0,0,0,0,0,0,0,0,0,0,0,107,254,255,255,255,255,255,255,255,255,255,255,255,255,255,255,255,255,255,255,255,255,255,255,255,255,255,255,255,255,255,255,255,
255,255,255,255,255,255,255,255,255,254,135,0,0,0,0,0,0,0,0,0,0,0,0,0,0,0,1,190,255,255,255,255,255,255,255,255,255,255,255,255,255,255,255,255,255,255,255,255,255,255,255,255,255,255,255,255,255,255,255,255,
255,255,255,255,255,255,255,255,255,252,104,0,0,0,0,0,0,0,0,0,0,0,0,0,0,49,160,252,255,255,255,255,255,255,255,255,255,255,255,255,255,255,255,255,255,255,255,255,255,255,255,255,255,255,255,255,255,255,255,255,
255,255,255,255,255,255,255,255,255,248,88,0,0,0,0,0,0,0,0,0,0,0,0,0,58,240,254,255,255,255,255,255,255,255,255,255,255,255,255,255,255,255,255,255,255,255,255,255,255,255,255,255,255,255,255,255,255,255,255,255,
255,255,255,255,255,255,255,255,255,245,74,0,0,0,0,0,0,0,0,0,0,0,0,0,6,183,255,255,255,255,255,255,255,255,255,255,255,255,255,255,255,255,255,255,255,255,255,255,255,255,255,255,255,255,255,255,255,255,255,255,
255,255,255,255,255,255,255,255,255,244,69,0,0,0,0,0,0,0,0,0,0,0,0,1,169,254,255,255,255,255,255,255,255,255,255,255,255,255,255,255,255,255,255,255,255,255,255,255,255,255,255,255,255,255,255,255,255,255,255,255,
255,255,255,255,255,255,255,255,255,243,67,0,0,0,0,0,0,0,0,0,0,0,0,92,254,255,255,255,255,255,255,255,255,255,255,255,255,255,255,255,255,255,255,255,255,255,255,255,255,255,255,255,255,255,255,255,255,255,255,255,
255,255,255,255,255,255,255,255,255,245,69,0,0,0,0,0,0,0,0,0,0,0,0,96,255,255,255,255,255,255,255,255,255,255,255,255,255,255,255,255,255,255,255,255,255,255,255,255,255,255,255,255,255,255,255,255,255,255,255,255,
255,255,255,255,255,255,255,255,255,250,81,2,11,0,0,0,0,0,0,0,0,0,0,125,254,255,255,255,255,255,255,255,255,255,255,255,255,255,255,255,255,255,255,255,255,255,255,255,255,255,255,255,255,255,255,255,255,255,255,255,
255,255,255,255,255,255,255,255,255,254,120,39,57,2,0,0,0,0,0,0,0,0,18,175,255,255,255,255,255,255,255,255,255,255,255,255,255,255,255,255,255,255,255,255,255,255,255,255,255,255,255,255,255,255,255,255,255,255,255,255,
255,255,255,255,255,255,255,255,255,254,176,123,101,2,2,0,0,0,0,0,0,0,0,207,255,255,255,255,255,255,255,255,255,255,255,255,255,255,255,255,254,253,244,248,238,255,255,255,255,255,255,255,255,255,255,255,255,255,255,255,
255,255,255,255,255,255,255,255,255,255,251,206,188,37,37,0,0,0,0,0,0,0,0,148,255,255,255,255,255,255,255,255,255,255,255,255,255,255,255,254,164,13,0,31,161,254,255,255,255,255,255,255,255,255,255,255,255,255,255,255,
255,255,255,255,255,255,255,255,255,255,255,254,241,151,73,0,0,0,0,0,0,0,0,22,167,144,255,255,255,255,255,255,255,255,255,255,255,255,255,251,22,0,0,0,0,143,255,255,255,255,255,255,255,255,255,255,255,255,255,255,
255,255,255,255,255,255,255,255,255,255,255,255,254,231,77,0,0,0,0,0,0,0,0,0,4,7,235,255,255,255,255,255,255,255,255,255,255,255,254,211,0,0,0,0,0,50,254,255,255,255,255,255,255,255,255,255,255,255,255,255,
255,255,255,255,255,255,255,255,255,255,255,255,255,254,158,0,0,0,0,0,0,0,0,0,0,0,83,234,254,255,255,255,255,255,255,255,255,255,255,212,0,0,0,0,0,63,255,255,255,255,255,255,255,255,255,255,255,255,255,255,
255,255,255,255,255,255,255,255,255,255,255,255,255,253,128,0,0,0,0,0,0,0,0,0,0,0,0,11,118,233,254,254,255,253,226,197,168,142,118,155,8,0,0,0,0,127,254,255,255,255,255,255,255,255,255,255,255,255,255,255,
255,255,255,255,255,255,255,255,255,255,255,255,255,244,88,0,0,0,0,0,0,0,0,0,0,0,0,0,0,12,106,92,45,9,0,0,0,0,0,0,0,0,0,0,11,230,255,255,255,255,255,255,255,255,255,255,255,255,255,255,
255,255,255,255,255,255,255,255,255,255,255,255,255,254,122,0,0,0,0,0,0,0,0,0,0,0,0,0,0,0,0,0,0,0,0,0,0,0,0,0,0,0,0,14,171,254,255,255,255,255,255,255,255,255,255,255,255,255,255,255,
255,255,255,255,255,255,255,255,255,255,255,255,255,253,117,0,0,0,0,0,0,0,0,0,0,0,0,0,0,0,0,0,0,0,0,0,0,0,0,0,13,182,208,249,254,255,255,255,255,255,255,255,255,255,255,255,255,255,255,255,
255,255,255,255,255,255,255,255,255,255,255,255,255,254,116,0,0,0,0,0,0,0,0,0,0,3,0,0,0,0,0,0,0,0,0,0,0,0,0,0,1,247,254,255,255,255,255,255,255,255,255,255,255,255,255,255,255,255,255,255,
255,255,255,255,255,255,255,255,255,255,255,255,255,254,117,0,0,0,0,0,0,0,0,0,0,34,10,0,0,0,0,0,0,0,0,0,0,0,0,0,0,219,255,255,255,255,255,255,255,255,255,255,255,255,255,255,255,255,255,255,
255,255,255,255,255,255,255,255,255,255,255,255,255,253,122,0,0,0,0,0,0,0,0,0,0,140,45,0,0,0,0,0,0,0,0,0,0,0,0,0,0,192,255,255,255,255,255,255,255,255,255,255,255,255,255,255,255,255,255,255,
255,255,255,255,255,255,255,255,255,255,255,255,255,253,124,0,0,0,0,0,0,0,0,0,0,210,68,0,0,0,0,0,0,0,0,0,0,0,0,0,0,192,255,255,255,255,255,255,255,255,255,255,255,255,255,255,255,255,255,255,
255,255,255,255,255,255,255,255,255,255,255,255,255,254,125,0,0,0,0,0,0,0,0,0,0,182,69,0,0,0,0,0,0,0,0,0,0,0,0,0,0,195,255,255,255,255,255,255,255,255,255,255,255,255,255,255,255,255,255,255,
255,255,255,255,255,255,255,255,255,255,255,255,255,253,125,0,0,0,0,0,0,0,0,0,0,158,67,0,0,0,0,0,0,0,0,0,0,0,0,0,0,225,255,255,255,255,255,255,255,255,255,255,255,255,255,255,255,255,255,255,
255,255,255,255,255,255,255,255,255,255,255,255,255,254,109,0,0,0,0,0,0,0,0,0,0,130,56,0,0,0,0,0,0,0,0,0,0,0,0,0,7,251,255,255,255,255,255,255,255,255,255,255,255,255,255,255,255,255,255,255,
255,255,255,255,255,255,255,255,255,255,255,255,255,250,68,0,0,0,0,0,0,0,0,0,0,102,48,0,0,0,0,0,0,0,0,0,0,0,0,0,50,254,255,255,255,255,255,255,255,255,255,255,255,255,255,255,255,255,255,255,
255,255,255,255,255,255,255,255,255,255,255,255,255,233,36,0,0,0,0,0,0,0,0,0,0,72,47,0,0,0,0,0,0,0,0,0,0,0,0,0,106,254,255,255,255,255,255,255,255,255,255,255,255,255,255,255,255,255,255,255,
255,255,255,255,255,255,255,255,255,255,255,255,255,218,27,0,0,0,0,0,0,0,0,0,0,3,43,0,0,0,0,0,0,0,0,0,0,0,0,0,171,255,255,255,255,255,255,255,255,255,255,255,255,255,255,255,255,255,255,255,
255,255,255,255,255,255,255,255,255,255,255,255,255,213,19,0,0,0,0,0,0,0,0,0,0,16,44,0,0,0,0,0,0,0,0,0,0,0,0,8,240,255,255,255,255,255,255,255,255,255,255,255,255,255,255,255,255,255,255,255,
255,255,255,255,255,255,255,255,255,255,255,255,253,107,0,0,0,0,0,0,0,0,0,0,2,112,60,0,0,0,0,0,0,0,0,0,0,0,0,89,254,255,255,255,255,255,255,255,255,255,255,255,255,255,255,255,255,255,255,255,
255,255,255,255,255,255,255,255,255,255,255,255,219,23,0,0,0,0,0,0,0,0,0,0,96,236,94,0,0,0,0,0,0,0,0,0,0,0,4,208,255,255,255,255,255,255,255,255,255,255,255,255,255,255,255,255,255,255,255,255,
255,255,255,255,255,255,255,255,255,255,255,254,147,0,0,0,0,0,0,0,0,0,0,0,115,254,164,4,0,0,0,0,0,0,0,0,6,36,181,254,255,255,255,255,255,255,255,255,255,255,255,255,255,255,255,255,255,255,255,255,
